,fraction_disordered,has_clash,ipTM,pTM,ranking_confidence,pdockq_AH,pdockq_AL,pdockq_HL,pdockq,pdockq2_AH,pdockq2_AL,pdockq2_HL,pdockq2,mpdockq_AH,mpdockq_AL,mpdockq_HL,mpdockq,LIS_AH,LIS_AL,LIS_HL,avg_LIS,contacts_AH,interface_plddt_AH,interface_pae_AH,contacts_AL,interface_plddt_AL,interface_pae_AL,contacts_HL,interface_plddt_HL,interface_pae_HL,total_contacts,avg_interface_plddt,avg_interface_pae,model_avg_RMSD,query_avg_RMSD,scaled_RMSD_ratio,iptm_A,iptm_H,iptm_L,ptm_A,ptm_H,ptm_L,chain_pair_iptm_AH,chain_pair_iptm_AL,chain_pair_iptm_HL,chain_pair_pae_min_AH,chain_pair_pae_min_AL,chain_pair_pae_min_HL,chain_plddt_L,chain_plddt_A,chain_pae_A,chain_plddt_H,chain_pair_pae_AH,chain_pae_H,chain_pae_L,chain_pair_pae_AL,avg_pair_pae,avg_model_plddt,chain_pair_pae_HL,avg_internal_pae,del_G_B,scaled_model_RMSD,scaled_query_RMSD
0,0.005121365,0.0,0.00508062,-0.0075587337,-0.0014581572,0.0046289456,0.026492529,0.0016731084,0.04635673,0.008150764,-0.0013338625,-3.711055e-05,0.0,0.0,0.0,0.00031905598,0.0116205225,0.004099873,0.0,-0.0077481605,-0.005806243,-0.0004922155,-0.00027172227,0.17320639,0.0482206,0.003506448,0.0004254509,-0.000581064,0.019502735,-0.002030258,0.0018594805,0.0014818693,-0.00010926255,0.1265839,0.008948645,-0.00029312226,0.1937231,0.046918526,0.041113116,-0.00047404435,0.0,0.0,0.14413348,0.43822223,-0.0035767227,0.017606676,0.0,0.0072539262,-0.001197784,0.10926004,0.09255674,-5.143743e-05,-0.0059643155,-0.0023327048,-0.0018755121,-0.0016317632,0.0,0.05363019,-0.0020607328,-0.002626686,0.005312374,0.09296594,0.004141545
1,0.005121365,0.0,0.00508062,-0.0075587337,-0.0014581572,0.0046289456,0.026492529,0.0016731084,0.04635673,0.008150764,-0.0013338625,-3.711055e-05,0.0,0.0,0.0,0.00031905598,0.0116205225,0.004099873,0.0,-0.0077481605,-0.005806243,-0.0004922155,-0.00027172227,0.17320639,0.0482206,0.003506448,0.0004254509,-0.000581064,0.019502735,-0.002030258,0.0018594805,0.0014818693,-0.00010926255,0.12303388,0.008948645,-0.00029312226,0.19119002,0.046001617,0.041113116,-0.00047404435,0.0,0.0,0.14207284,0.43352574,-0.0035767227,0.017606676,0.0,0.0072539262,-0.001197784,0.12555297,0.09141301,-5.143743e-05,-0.0059643155,-4.525599e-05,-0.0018755121,-0.0016317632,0.0,0.05363019,-0.0020607328,-0.002626686,0.005312374,0.08928644,0.004141545
2,0.005121365,0.0,0.00508062,-0.0075587337,-0.0014581572,0.0046289456,0.026492529,0.0016731084,0.04635673,0.008150764,-0.0013338625,-3.711055e-05,0.0,0.0,0.0,0.00031905598,0.0116205225,0.004099873,0.0,-0.0077481605,-0.005806243,-0.0004922155,-0.00027172227,0.17320639,0.0482206,0.003506448,0.0004254509,-0.000581064,0.019502735,-0.002030258,0.0018594805,0.0014818693,-0.00010926255,0.1265839,0.008948645,-0.00029312226,0.1937231,0.046918526,0.041113116,-0.00047404435,0.0,0.0,0.14298975,0.43822223,-0.0035767227,0.017606676,0.0,0.0072539262,-0.001197784,0.10926004,0.09141301,-5.143743e-05,-0.0059643155,-4.525599e-05,-0.0018755121,-0.0016317632,0.0,0.05363019,-0.0020607328,-0.002626686,0.005312374,0.09296594,0.004141545
3,0.005121365,0.0,0.00508062,-0.0075587337,-0.0014581572,0.0046289456,0.026492529,0.0016731084,0.04635673,0.008150764,-0.0013338625,-3.711055e-05,0.0,0.0,0.0,0.00031905598,0.0116205225,0.004099873,0.0,-0.0077481605,-0.005806243,-0.0004922155,-0.00027172227,0.17320639,0.0482206,0.003506448,0.0004254509,-0.000581064,0.019502735,-0.002030258,0.0018594805,0.0014818693,-0.00010926255,0.1265839,0.008948645,-0.00073924335,0.1937231,0.046918526,0.041113116,-0.00047404435,0.0,0.0,0.14298975,0.43809202,-0.0035767227,0.017606676,0.0,0.0072539262,-0.001197784,0.10926004,0.09141301,-5.143743e-05,-0.0059643155,-4.525599e-05,-0.0018755121,-0.0016317632,0.0,0.05363019,-0.0020607328,-0.002626686,0.005312374,0.09354227,0.004141545
4,0.005121365,0.0,0.00508062,-0.0075587337,-0.0014581572,0.0046289456,0.026492529,0.0016731084,0.04635673,0.008150764,-0.0013338625,-3.711055e-05,0.0,0.0,0.0,0.00031905598,0.0116205225,0.004099873,0.0,-0.0077481605,-0.005806243,0.0009546476,-0.00027172227,0.17320639,0.0482206,0.003506448,0.0004254509,-0.000581064,0.019502735,-0.002030258,0.0018594805,0.0014818693,-0.00010926255,0.12792435,0.008948645,-0.00073924335,0.1937231,0.046918526,0.041113116,-0.00047404435,0.0,0.0,0.14413348,0.43530473,-0.0035767227,0.017606676,0.0,0.0072539262,-0.001197784,0.10926004,0.09255674,-5.143743e-05,-0.0059643155,-0.0023327048,-0.0018755121,-0.0016317632,0.0,0.05363019,-0.0020607328,-0.002626686,0.005312374,0.09354227,0.004141545
5,0.005121365,0.0,0.00508062,-0.0075587337,-0.0014581572,0.0046289456,0.026492529,0.0016731084,0.04635673,0.008150764,-0.0013338625,-3.711055e-05,0.0,0.0,0.0,0.00031905598,0.0116205225,0.004099873,0.0,-0.0077481605,-0.005806243,-0.0004922155,-0.00027172227,0.17320639,0.0482206,0.003506448,0.0004254509,-0.000581064,0.019502735,-0.002030258,0.0018594805,0.0014818693,-0.00010926255,0.12303388,0.008948645,-0.00029312226,0.19119002,0.046001617,0.041113116,-0.00047404435,0.0,0.0,0.14207284,0.43034482,-0.0035767227,0.017606676,0.0,0.0072539262,-0.001197784,0.13191481,0.09141301,-5.143743e-05,-0.0059643155,-4.525599e-05,-0.0018755121,-0.0016317632,0.0,0.05363019,-0.0020607328,-0.002626686,0.005312374,0.08610551,0.004141545
6,0.005121365,0.0,0.00508062,-0.0075587337,-0.0014581572,0.0046289456,0.026492529,0.0016731084,0.04635673,0.008150764,-0.0013338625,-3.711055e-05,0.0,0.0,0.0,0.00031905598,0.0116205225,0.004099873,0.0,-0.0077481605,-0.005806243,-0.0004922155,-0.00027172227,0.17320639,0.0482206,0.003506448,0.0004254509,-0.000581064,0.019502735,-0.002030258,0.0018594805,0.0014818693,-0.00010926255,0.1265839,0.008948645,-0.00029312226,0.1937231,0.046918526,0.041113116,-0.00047404435,0.0,0.0,0.14298975,0.43822223,-0.0035767227,0.017606676,0.0,0.0072539262,-0.001197784,0.10926004,0.09141301,-5.143743e-05,-0.0059643155,-4.525599e-05,-0.0018755121,-0.0016317632,0.0,0.05363019,-0.0020607328,-0.002626686,0.005312374,0.09296594,0.004141545
7,0.005121365,0.0,0.00508062,-0.0075587337,-0.0014581572,0.0046289456,0.026492529,0.0016731084,0.04635673,0.008150764,-0.0013338625,-3.711055e-05,0.0,0.0,0.0,0.00031905598,0.0116205225,0.004099873,0.0,-0.0077481605,-0.005806243,-0.0004922155,-0.00027172227,0.17320639,0.0482206,0.003506448,0.0004254509,-0.000581064,0.019502735,-0.002030258,0.0018594805,0.0014818693,-0.00010926255,0.1265839,0.008948645,-0.00029312226,0.1937231,0.046918526,0.041113116,-0.00047404435,0.0,0.0,0.14298975,0.43822223,-0.0035767227,0.017606676,0.0,0.0072539262,-0.001197784,0.10926004,0.09141301,-5.143743e-05,-0.0059643155,-4.525599e-05,-0.0018755121,-0.0016317632,0.0,0.05363019,-0.0020607328,-0.002626686,0.005312374,0.09296594,0.004141545
8,0.005121365,0.0,0.00508062,-0.0075587337,-0.0014581572,0.0046289456,0.026492529,0.0016731084,0.04635673,0.008150764,-0.0013338625,-3.711055e-05,0.0,0.0,0.0,0.00031905598,0.0116205225,0.004099873,0.0,-0.0077481605,-0.005806243,-0.0004922155,-0.00027172227,0.17320639,0.0482206,0.003506448,0.0004254509,-0.000581064,0.019502735,-0.002030258,0.0018594805,0.0014818693,-0.00010926255,0.1265839,0.008948645,-0.00073924335,0.1937231,0.046918526,0.041113116,-0.00047404435,0.0,0.0,0.14298975,0.43809202,-0.0035767227,0.017606676,0.0,0.0072539262,-0.001197784,0.10926004,0.09141301,-5.143743e-05,-0.0059643155,-4.525599e-05,-0.0018755121,-0.0016317632,0.0,0.05363019,-0.0020607328,-0.002626686,0.005312374,0.09354227,0.004141545
9,0.005121365,0.0,0.00508062,-0.0075587337,-0.0014581572,0.0046289456,0.026492529,0.0016731084,0.04635673,0.008150764,-0.0013338625,-3.711055e-05,0.0,0.0,0.0,0.00031905598,0.0116205225,0.004099873,0.0,-0.0077481605,-0.005806243,-0.0004922155,-0.00027172227,0.17320639,0.0482206,0.003506448,0.0004254509,-0.000581064,0.019502735,-0.002030258,0.0018594805,0.0014818693,-0.00010926255,0.1265839,0.008948645,-0.00029312226,0.1937231,0.046918526,0.041113116,-0.00047404435,0.0,0.0,0.14298975,0.43822223,-0.0035767227,0.017606676,0.0,0.0072539262,-0.001197784,0.10926004,0.09141301,-5.143743e-05,-0.0059643155,-4.525599e-05,-0.0018755121,-0.0016317632,0.0,0.05363019,-0.0020607328,-0.002626686,0.005312374,0.09296594,0.004141545
10,0.005121365,0.0,0.00508062,-0.0075587337,-0.0014581572,0.0046289456,0.026492529,0.0016731084,0.04635673,0.008150764,-0.0013338625,-3.711055e-05,0.0,0.0,0.0,0.00031905598,0.0116205225,0.004099873,0.0,-0.0077481605,-0.005806243,-0.0004922155,-0.00027172227,0.17320639,0.0482206,0.003506448,0.0004254509,-0.000581064,0.019502735,-0.002030258,0.0018594805,0.0014818693,-0.00010926255,0.1265839,0.008948645,0.0009670862,0.1937231,0.046918526,0.041113116,-0.00047404435,0.0,0.0,0.14298975,0.4357893,-0.0035767227,0.017606676,0.0,0.0072539262,-0.001197784,0.10926004,0.09141301,-5.143743e-05,-0.0059643155,-4.525599e-05,-0.0018755121,-0.0016317632,0.0,0.05363019,-0.0020607328,-0.002626686,0.005312374,0.094138674,0.004141545
11,0.005121365,0.0,0.00508062,-0.0075587337,-0.0014581572,0.0046289456,0.026492529,0.0016731084,0.04635673,0.008150764,-0.0013338625,-3.711055e-05,0.0,0.0,0.0,0.00031905598,0.0116205225,0.004099873,0.0,-0.0077481605,-0.005806243,-0.0004922155,-0.00027172227,0.17320639,0.0482206,0.003506448,0.0004254509,-0.000581064,0.019502735,-0.002030258,0.0018594805,0.0014818693,-0.00010926255,0.12303388,0.008948645,-0.00073924335,0.19119002,0.046001617,0.041113116,-0.00047404435,0.0,0.0,0.14207284,0.43339556,-0.0035767227,0.017606676,0.0,0.0072539262,-0.001197784,0.12555297,0.09141301,-5.143743e-05,-0.0059643155,-4.525599e-05,-0.0018755121,-0.0016317632,0.0,0.05363019,-0.0020607328,-0.002626686,0.005312374,0.089862764,0.004141545
12,0.005121365,0.0,0.00508062,-0.0075587337,-0.0014581572,0.0046289456,0.026492529,0.0016731084,0.04635673,0.008150764,-0.0013338625,-3.711055e-05,0.0,0.0,0.0,0.00031905598,0.0116205225,0.004099873,0.0,-0.0077481605,-0.005806243,-0.0004922155,-0.00027172227,0.17320639,0.0482206,0.003506448,0.0004254509,-0.000581064,0.019502735,-0.002030258,0.0018594805,0.0014818693,-0.00010926255,0.1265839,0.008948645,-0.00029312226,0.1937231,0.046918526,0.041113116,-0.00047404435,0.0,0.0,0.14298975,0.43822223,-0.0035767227,0.017606676,0.0,0.0072539262,-0.001197784,0.10926004,0.09141301,-5.143743e-05,-0.0059643155,-4.525599e-05,-0.0018755121,-0.0016317632,0.0,0.05363019,-0.0020607328,-0.002626686,0.005312374,0.09296594,0.004141545
13,0.005121365,0.0,0.00508062,-0.0075587337,-0.0014581572,0.0046289456,0.026492529,0.0016731084,0.044057168,0.008150764,-0.0013338625,-3.711055e-05,0.0,0.0,0.0,0.00031905598,0.0116205225,0.004099873,0.0,-0.0077481605,-0.005806243,-0.0004922155,-0.00027172227,0.17717706,0.0482206,0.003506448,0.0004254509,-0.000581064,0.019502735,-0.002030258,0.0018594805,0.0014818693,-0.00010926255,0.1265839,0.008948645,-0.00073924335,0.1937231,0.046918526,0.041113116,-0.00047404435,0.0,0.0,0.14298975,0.43809202,-0.0035767227,0.017606676,0.0,0.0072539262,-0.001197784,0.10926004,0.08974191,-5.143743e-05,-0.0059643155,-4.525599e-05,-0.0018755121,-0.0016317632,0.0,0.05363019,-0.0020607328,-0.002626686,0.005312374,0.09354227,0.004141545
14,0.005121365,0.0,0.00508062,-0.0075587337,-0.0014581572,0.0046289456,0.026492529,0.0016731084,0.04635673,0.008150764,-0.0013338625,-3.711055e-05,0.0,0.0,0.0,0.00031905598,0.0116205225,0.004099873,0.0,-0.0077481605,-0.005806243,-0.0004922155,-0.00027172227,0.17320639,0.0482206,0.003506448,0.0004254509,-0.000581064,0.019502735,-0.002030258,0.0018594805,0.0014818693,-0.00010926255,0.1265839,0.008948645,-0.00073924335,0.1937231,0.046918526,0.041113116,-0.00047404435,0.0,0.0,0.14298975,0.43809202,-0.0035767227,0.017606676,0.0,0.0072539262,-0.001197784,0.10926004,0.09141301,-5.143743e-05,-0.0059643155,-4.525599e-05,-0.0018755121,-0.0016317632,0.0,0.05363019,-0.0020607328,-0.002626686,0.005312374,0.09354227,0.004141545
15,0.005121365,0.0,0.00508062,-0.0075587337,-0.0014581572,0.0046289456,0.026492529,0.0016731084,0.04635673,0.008150764,-0.0013338625,-3.711055e-05,0.0,0.0,0.0,0.00031905598,0.0116205225,0.004099873,0.0,-0.0077481605,-0.005806243,0.0009546476,-0.00027172227,0.17320639,0.0482206,0.003506448,0.0004254509,-0.000581064,0.019502735,-0.002030258,0.0018594805,0.0014818693,-0.00010926255,0.12792435,0.008948645,0.002186881,0.1937231,0.046918526,0.041113116,-0.00047404435,0.0,0.0,0.13788426,0.43530473,-0.0035767227,0.017606676,0.0,0.0072539262,-0.001197784,0.10926004,0.09359238,-5.143743e-05,-0.0059643155,-4.525599e-05,-0.0018755121,-0.0016317632,0.0,0.05363019,-0.0020607328,-0.002626686,0.005312374,0.09354227,0.004141545
16,0.005121365,0.0,0.00508062,-0.0075587337,-0.0014581572,0.0046289456,0.026492529,0.0016731084,0.04635673,0.008150764,-0.0013338625,-3.711055e-05,0.0,0.0,0.0,0.00031905598,0.0116205225,0.004099873,0.0,-0.0077481605,-0.005806243,-0.0004922155,-0.00027172227,0.17320639,0.0482206,0.003506448,0.0004254509,-0.000581064,0.019502735,-0.002030258,0.0018594805,0.0014818693,-0.00010926255,0.1265839,0.008948645,-0.00029312226,0.1937231,0.046918526,0.041113116,-0.00047404435,0.0,0.0,0.14298975,0.43822223,-0.0035767227,0.017606676,0.0,0.0072539262,-0.001197784,0.10926004,0.09141301,-5.143743e-05,-0.0059643155,-4.525599e-05,-0.0018755121,-0.0016317632,0.0,0.05363019,-0.0020607328,-0.002626686,0.005312374,0.09296594,0.004141545
17,0.005121365,0.0,0.00508062,-0.0075587337,-0.0014581572,0.0046289456,0.026492529,0.0016731084,0.04635673,0.008150764,-0.0013338625,-3.711055e-05,0.0,0.0,0.0,0.00031905598,0.0116205225,0.004099873,0.0,-0.0077481605,-0.005806243,-0.0004922155,-0.00027172227,0.17320639,0.0482206,0.003506448,0.0004254509,-0.000581064,0.019502735,-0.002030258,0.0018594805,0.0014818693,-0.00010926255,0.1265839,0.008948645,-0.00029312226,0.1937231,0.046918526,0.041113116,-0.00047404435,0.0,0.0,0.14298975,0.43822223,-0.0035767227,0.017606676,0.0,0.0072539262,-0.001197784,0.10926004,0.09141301,-5.143743e-05,-0.0059643155,-4.525599e-05,-0.0018755121,-0.0016317632,0.0,0.05363019,-0.0020607328,-0.002626686,0.005312374,0.09296594,0.004141545
18,0.005121365,0.0,0.00508062,-0.0075587337,-0.0014581572,0.0046289456,0.026492529,0.0016731084,0.04635673,0.008150764,-0.0013338625,-3.711055e-05,0.0,0.0,0.0,0.00031905598,0.0116205225,0.004099873,0.0,-0.0077481605,-0.005806243,-0.0004922155,-0.00027172227,0.17320639,0.0482206,0.003506448,0.0004254509,-0.000581064,0.019502735,-0.002030258,0.0018594805,0.0014818693,-0.00010926255,0.1265839,0.008948645,0.002186881,0.1937231,0.046918526,0.041113116,-0.00047404435,0.0,0.0,0.13788426,0.43809202,-0.0035767227,0.017606676,0.0,0.0072539262,-0.001197784,0.10926004,0.09359238,-5.143743e-05,-0.0059643155,-4.525599e-05,-0.0018755121,-0.0016317632,0.0,0.05363019,-0.0020607328,-0.002626686,0.005312374,0.09354227,0.004141545
19,0.005121365,0.0,0.00508062,-0.0075587337,-0.0014581572,0.0046289456,0.026492529,0.0016731084,0.04635673,0.008150764,-0.0013338625,-3.711055e-05,0.0,0.0,0.0,0.00031905598,0.0116205225,0.004099873,0.0,-0.0077481605,-0.005806243,0.0009546476,-0.00027172227,0.17320639,0.0482206,0.003506448,0.0004254509,-0.000581064,0.019502735,-0.002030258,0.0018594805,0.0014818693,-0.00010926255,0.12792435,0.008948645,-0.00029312226,0.1937231,0.046918526,0.041113116,-0.00047404435,0.0,0.0,0.14298975,0.43543494,-0.0035767227,0.017606676,0.0,0.0072539262,-0.001197784,0.10926004,0.09141301,-5.143743e-05,-0.0059643155,-4.525599e-05,-0.0018755121,-0.0016317632,0.0,0.05363019,-0.0020607328,-0.002626686,0.005312374,0.09296594,0.004141545
20,0.005121365,0.0,0.00508062,-0.0075587337,-0.0014581572,0.0046289456,0.026492529,0.0016731084,0.023905747,0.008150764,-0.0013338625,-3.711055e-05,0.0,0.0,0.0,0.00031905598,0.0116205225,0.004099873,0.0,-0.0077481605,-0.005806243,-0.0004922155,-0.00027172227,0.19823489,0.0482206,0.003506448,0.0004254509,-0.000581064,0.019502735,-0.002030258,0.0018594805,0.0014818693,-0.00010926255,0.1265839,0.008948645,0.0009670862,0.1937231,0.046918526,0.041113116,-0.00028963687,0.0,0.0,0.15651007,0.4357893,-0.0035767227,0.017606676,0.0,0.0072539262,-0.001197784,0.10926004,0.07513077,-5.143743e-05,-0.0059643155,-4.525599e-05,-0.0018755121,-0.0016317632,0.0,0.05363019,-0.0020607328,-0.002626686,0.005312374,0.094138674,0.004141545
21,0.005121365,0.0,0.00508062,-0.0075587337,-0.0014581572,0.0046289456,0.026492529,0.0016731084,0.023905747,0.008150764,-0.0013338625,-3.711055e-05,0.0,0.0,0.0,0.00031905598,0.0116205225,0.004099873,0.0,-0.0077481605,-0.005806243,-0.0004922155,-0.00027172227,0.19823489,0.0482206,0.003506448,0.0004254509,-0.000581064,0.019502735,-0.002030258,0.0018594805,0.0014818693,-0.00010926255,0.1265839,0.008948645,-0.00029312226,0.1937231,0.046918526,0.041113116,-0.00028963687,0.0,0.0,0.15651007,0.43822223,-0.0035767227,0.017606676,0.0,0.0072539262,-0.001197784,0.10926004,0.07513077,-5.143743e-05,-0.0059643155,-4.525599e-05,-0.0018755121,-0.0016317632,0.0,0.05363019,-0.0020607328,-0.002626686,0.005312374,0.09296594,0.004141545
22,0.005121365,0.0,0.00508062,-0.0075587337,-0.0014581572,0.0046289456,0.026492529,0.0016731084,0.023905747,0.008150764,-0.0013338625,-3.711055e-05,0.0,0.0,0.0,0.00031905598,0.0116205225,0.004099873,0.0,-0.0077481605,-0.005806243,0.0009546476,-0.00027172227,0.19823489,0.0482206,0.003506448,0.0004254509,-0.000581064,0.019502735,-0.002030258,0.0018594805,0.0014818693,-0.00010926255,0.12792435,0.008948645,-0.00029312226,0.1937231,0.046918526,0.041113116,-0.00028963687,0.0,0.0,0.15651007,0.43543494,-0.0035767227,0.017606676,0.0,0.0072539262,-0.001197784,0.10926004,0.07513077,-5.143743e-05,-0.0059643155,-4.525599e-05,-0.0018755121,-0.0016317632,0.0,0.05363019,-0.0020607328,-0.002626686,0.005312374,0.09296594,0.004141545
23,0.005121365,0.0,0.00508062,-0.0075587337,-0.0014581572,0.0046289456,0.026492529,0.0016731084,0.019474868,0.008150764,-0.0013338625,-3.711055e-05,0.0,0.0,0.0,0.00031905598,0.0045745466,0.004099873,0.0,-0.0077481605,-0.005806243,-0.0004922155,-0.00027172227,0.19823489,0.0482206,0.003506448,0.0004254509,-0.000581064,0.019502735,-0.002030258,0.0018594805,0.0014818693,-0.00010926255,0.1265839,0.0077767465,-0.00073924335,0.20043732,0.050450906,0.041113116,-0.00028963687,0.0,0.0,0.16084293,0.4422225,-0.0035767227,0.017606676,0.0,0.0072539262,-0.001197784,0.10926004,0.07018102,-5.143743e-05,-0.0059643155,-4.525599e-05,-0.0018755121,-0.0016317632,0.0,0.05363019,-0.0020607328,-0.002626686,0.005312374,0.09354227,0.003030107
24,0.005121365,0.0,0.00508062,-0.0075587337,-0.0014581572,0.0046289456,0.026492529,0.0016731084,0.005900706,0.008150764,-0.0013338625,-3.711055e-05,0.0,0.0,0.0,0.00031905598,0.003220169,0.004099873,0.0,-0.0077481605,-0.005806243,-0.0004922155,-0.00027172227,0.19626379,0.0482206,0.003506448,0.0004254509,-0.000581064,0.019502735,-0.002030258,0.0018594805,0.0014818693,-0.00010926255,0.1265839,0.0070498073,-0.00029312226,0.2095553,0.050450906,0.041113116,-0.00028963687,0.0,0.0,0.17178005,0.4510981,-0.0035767227,0.015857639,0.0,0.0009550852,-0.001197784,0.10947612,0.06912631,-5.143743e-05,-0.0059643155,-0.0023327048,-0.0018755121,-0.0016317632,0.0,0.05363019,-0.0020607328,-0.002626686,0.005312374,0.09296594,0.003030107
25,0.005121365,0.0,0.00508062,-0.0075587337,-0.0014581572,0.0046289456,0.026492529,0.0016731084,0.04635673,0.008150764,-0.0013338625,-3.711055e-05,0.0,0.0,0.0,0.00031905598,0.0116205225,0.004099873,0.0,-0.0077481605,-0.005806243,0.0009546476,-0.00027172227,0.17320639,0.0482206,0.003506448,0.0004254509,-0.000581064,0.019502735,-0.002030258,0.0018594805,0.0014818693,-0.00010926255,0.12792435,0.008948645,0.002186881,0.1937231,0.046918526,0.041113116,-0.00047404435,0.0,0.0,0.13788426,0.43530473,-0.0035767227,0.017606676,0.0,0.0072539262,-0.001197784,0.10926004,0.09359238,-5.143743e-05,-0.0059643155,-4.525599e-05,-0.0018755121,-0.0016317632,0.0,0.05363019,-0.0020607328,-0.002626686,0.005312374,0.09354227,0.004141545
26,0.005121365,0.0,0.00508062,-0.0075587337,-0.0014581572,0.0046289456,0.026492529,0.0016731084,0.04635673,0.008150764,-0.0013338625,-3.711055e-05,0.0,0.0,0.0,0.00031905598,0.0116205225,0.004099873,0.0,-0.0077481605,-0.005806243,-0.0004922155,-0.00027172227,0.17320639,0.0482206,0.003506448,0.0004254509,-0.000581064,0.019502735,-0.002030258,0.0018594805,0.0014818693,-0.00010926255,0.1265839,0.008948645,-0.00073924335,0.1937231,0.046918526,0.041113116,-0.00047404435,0.0,0.0,0.14413348,0.43809202,-0.0035767227,0.017606676,0.0,0.0072539262,-0.001197784,0.10926004,0.09255674,-5.143743e-05,-0.0059643155,-0.0023327048,-0.0018755121,-0.0016317632,0.0,0.05363019,-0.0020607328,-0.002626686,0.005312374,0.09354227,0.004141545
27,0.005121365,0.0,0.00508062,-0.0075587337,-0.0014581572,0.0046289456,0.026492529,0.0016731084,0.04635673,0.008150764,-0.0013338625,-3.711055e-05,0.0,0.0,0.0,0.00031905598,0.0116205225,0.004099873,0.0,-0.0077481605,-0.005806243,-0.0004922155,-0.00027172227,0.17320639,0.0482206,0.003506448,0.0004254509,-0.000581064,0.019502735,-0.002030258,0.0018594805,0.0014818693,-0.00010926255,0.1265839,0.008948645,0.0009670862,0.1937231,0.046918526,0.041113116,-0.00047404435,0.0,0.0,0.14298975,0.4357893,-0.0035767227,0.017606676,0.0,0.0072539262,-0.001197784,0.10926004,0.09141301,-5.143743e-05,-0.0059643155,-4.525599e-05,-0.0018755121,-0.0016317632,0.0,0.05363019,-0.0020607328,-0.002626686,0.005312374,0.094138674,0.004141545
28,0.005121365,0.0,0.00508062,-0.0075587337,-0.0014581572,0.0046289456,0.026492529,0.0016731084,0.04635673,0.008150764,-0.0013338625,-3.711055e-05,0.0,0.0,0.0,0.00031905598,0.0116205225,0.004099873,0.0,-0.0077481605,-0.005806243,0.0009546476,-0.00027172227,0.17320639,0.0482206,0.003506448,0.0004254509,-0.000581064,0.019502735,-0.002030258,0.0018594805,0.0014818693,-0.00010926255,0.12792435,0.008948645,-0.00029312226,0.1937231,0.046918526,0.041113116,-0.00047404435,0.0,0.0,0.14298975,0.43543494,-0.0035767227,0.017606676,0.0,0.0072539262,-0.001197784,0.10926004,0.09141301,-5.143743e-05,-0.0059643155,-4.525599e-05,-0.0018755121,-0.0016317632,0.0,0.05363019,-0.0020607328,-0.002626686,0.005312374,0.09296594,0.004141545
29,0.005121365,0.0,0.00508062,-0.0075587337,-0.0014581572,0.0046289456,0.026492529,0.0016731084,0.04635673,0.008150764,-0.0013338625,-3.711055e-05,0.0,0.0,0.0,0.00031905598,0.0116205225,0.004099873,0.0,-0.0077481605,-0.005806243,-0.0004922155,-0.00027172227,0.17320639,0.0482206,0.003506448,0.0004254509,-0.000581064,0.019502735,-0.002030258,0.0018594805,0.0014818693,-0.00010926255,0.12303388,0.008948645,-0.00029312226,0.19119002,0.046001617,0.041113116,-0.00047404435,0.0,0.0,0.14207284,0.43034482,-0.0035767227,0.017606676,0.0,0.0072539262,-0.001197784,0.13191481,0.09141301,-5.143743e-05,-0.0059643155,-4.525599e-05,-0.0018755121,-0.0016317632,0.0,0.05363019,-0.0020607328,-0.002626686,0.005312374,0.08610551,0.004141545
30,0.005121365,0.0,0.00508062,-0.0075587337,-0.0014581572,0.0046289456,0.026492529,0.0016731084,0.005900706,0.008150764,-0.0013338625,-3.711055e-05,0.0,0.0,0.0,0.00031905598,0.003220169,0.004099873,0.0,-0.0077481605,-0.005806243,0.0009546476,-0.00027172227,0.19626379,0.0482206,0.003506448,0.0004254509,-0.000581064,0.019502735,-0.002030258,0.0016501305,0.0014818693,-0.00010926255,0.12792435,0.0070498073,-0.00029312226,0.2095553,0.050450906,0.041113116,-0.00028963687,0.0,0.0,0.17178005,0.448246,-0.0035767227,0.015857639,0.0,0.0009550852,-0.001197784,0.10975027,0.06912631,-5.143743e-05,-0.0059643155,-0.0023327048,-0.0018755121,-0.0016317632,0.0,0.05363019,-0.0020607328,-0.002626686,0.005312374,0.09296594,0.003030107
31,0.005121365,0.0,0.00508062,-0.0075587337,-0.0014581572,0.0046289456,0.026492529,0.0016731084,0.023905747,0.008150764,-0.0013338625,-3.711055e-05,0.0,0.0,0.0,0.00031905598,0.0116205225,0.004099873,0.0,-0.0077481605,-0.005806243,0.0009546476,-0.00027172227,0.19823489,0.0482206,0.003506448,0.0004254509,-0.000581064,0.019502735,-0.002030258,0.0014352177,0.0014818693,-0.00010926255,0.12792435,0.008948645,-0.00029312226,0.19365971,0.046918526,0.041113116,-0.00028963687,0.0,0.0,0.16080321,0.43537012,-0.0035767227,0.017606676,0.0,0.0009550852,-0.001197784,0.1098125,0.07942391,-5.143743e-05,-0.0059643155,-0.0023327048,-0.0018755121,-0.0016317632,0.0,0.05363019,-0.0020607328,-0.002626686,0.005312374,0.09296594,0.004141545
32,0.005121365,0.0,0.00508062,-0.0075587337,-0.0014581572,0.0046289456,0.026492529,0.0016731084,0.04635673,0.008150764,-0.0013338625,-3.711055e-05,0.0,0.0,0.0,0.00031905598,0.0116205225,0.004099873,0.0,-0.0077481605,-0.005806243,0.0009546476,-0.00027172227,0.17320639,0.0482206,0.003506448,0.0004254509,-0.000581064,0.019502735,-0.002030258,0.0016501305,0.0014818693,-0.00010926255,0.12792435,0.008948645,0.002186881,0.1937231,0.046918526,0.041113116,-0.00047404435,0.0,0.0,0.1421774,0.4352399,-0.0035767227,0.017606676,0.0,0.0009550852,-0.001197784,0.10953419,0.09788553,-5.143743e-05,-0.0059643155,-0.0023327048,-0.0018755121,-0.0016317632,0.0,0.05363019,-0.0020607328,-0.002626686,0.005312374,0.09354227,0.004141545
33,0.005121365,0.0,0.00508062,-0.0075587337,-0.0014581572,0.0046289456,0.026492529,0.0016731084,0.04635673,0.008150764,-0.0013338625,-3.711055e-05,0.0,0.0,0.0,0.00031905598,0.0116205225,0.004099873,0.0,-0.0077481605,-0.005806243,-0.0004922155,-0.00027172227,0.17320639,0.0482206,0.003506448,0.0004254509,-0.000581064,0.019502735,-0.002030258,0.0018594805,0.0014818693,-0.00010926255,0.1265839,0.008948645,-0.00029312226,0.1937231,0.046918526,0.041113116,-0.00047404435,0.0,0.0,0.1472829,0.43822223,-0.0035767227,0.017606676,0.0,0.0009550852,-0.001197784,0.10926004,0.09570616,-5.143743e-05,-0.0059643155,-0.0023327048,-0.0018755121,-0.0016317632,0.0,0.05363019,-0.0020607328,-0.002626686,0.005312374,0.09296594,0.004141545
34,0.005121365,0.0,0.00508062,-0.0075587337,-0.0014581572,0.0046289456,0.026492529,0.0016731084,0.023905747,0.008150764,-0.0013338625,-3.711055e-05,0.0,0.0,0.0,0.00031905598,0.0045745466,0.004099873,0.0,-0.0077481605,-0.005806243,0.0009546476,-0.00027172227,0.19823489,0.0482206,0.003506448,0.0004254509,-0.000581064,0.019502735,-0.002030258,0.0014352177,0.0014818693,-0.00010926255,0.12792435,0.008948645,-0.00029312226,0.19365971,0.050450906,0.041113116,-0.00028963687,0.0,0.0,0.16513607,0.4395006,-0.0035767227,0.017606676,0.0,0.0009550852,-0.001197784,0.1098125,0.07447417,-5.143743e-05,-0.0059643155,-0.0023327048,-0.0018755121,-0.0016317632,0.0,0.05363019,-0.0020607328,-0.002626686,0.005312374,0.09296594,0.004141545
35,0.005121365,0.0,0.00508062,-0.0075587337,-0.0014581572,0.0046289456,0.026492529,0.0016731084,0.04635673,0.008150764,-0.0013338625,-3.711055e-05,0.0,0.0,0.0,0.00031905598,0.0116205225,0.004099873,0.0,-0.0077481605,-0.005806243,-0.0004922155,-0.00027172227,0.17320639,0.0482206,0.003506448,0.0004254509,-0.000581064,0.019502735,-0.002030258,0.0018594805,0.0014818693,-0.00010926255,0.1265839,0.008948645,0.002186881,0.1937231,0.046918526,0.041113116,-0.00047404435,0.0,0.0,0.13788426,0.43809202,-0.0035767227,0.017606676,0.0,0.0072539262,-0.001197784,0.10926004,0.09359238,-5.143743e-05,-0.0059643155,-4.525599e-05,-0.0018755121,-0.0016317632,0.0,0.05363019,-0.0020607328,-0.002626686,0.005312374,0.09354227,0.004141545
36,0.005121365,0.0,0.00508062,-0.0075587337,-0.0014581572,0.0046289456,0.026492529,0.0016731084,0.04635673,0.008150764,-0.0013338625,-3.711055e-05,0.0,0.0,0.0,0.00031905598,0.0116205225,0.004099873,0.0,-0.0077481605,-0.005806243,-0.0004922155,-0.00027172227,0.17320639,0.0482206,0.003506448,0.0004254509,-0.000581064,0.019502735,-0.002030258,0.0018594805,0.0014818693,-0.00010926255,0.1265839,0.008948645,0.0009670862,0.1937231,0.046918526,0.041113116,-0.00047404435,0.0,0.0,0.14298975,0.4357893,-0.0035767227,0.017606676,0.0,0.0072539262,-0.001197784,0.10926004,0.09141301,-5.143743e-05,-0.0059643155,-4.525599e-05,-0.0018755121,-0.0016317632,0.0,0.05363019,-0.0020607328,-0.002626686,0.005312374,0.094138674,0.004141545
37,0.005121365,0.0,0.00508062,-0.0075587337,-0.0014581572,0.0046289456,0.026492529,0.0016731084,0.04635673,0.008150764,-0.0013338625,-3.711055e-05,0.0,0.0,0.0,0.00031905598,0.0116205225,0.004099873,0.0,-0.0077481605,-0.005806243,0.0009546476,-0.00027172227,0.17320639,0.0482206,0.003506448,0.0004254509,-0.000581064,0.019502735,-0.002030258,0.0018594805,0.0014818693,-0.00010926255,0.124374315,0.008948645,0.002186881,0.19171081,0.046001617,0.041113116,-0.00047404435,0.0,0.0,0.13696735,0.43117955,-0.0035767227,0.017606676,0.0,0.0072539262,-0.001197784,0.12555297,0.09359238,-5.143743e-05,-0.0059643155,-4.525599e-05,-0.0018755121,-0.0016317632,0.0,0.05363019,-0.0020607328,-0.002626686,0.003128245,0.090954825,0.004141545
38,0.005121365,0.0,0.00508062,-0.0075587337,-0.0014581572,0.0046289456,0.026492529,0.0016731084,0.04635673,0.008150764,-0.0013338625,-3.711055e-05,0.0,0.0,0.0,0.00031905598,0.0116205225,0.004099873,0.0,-0.0077481605,-0.005806243,-0.0004922155,-0.00027172227,0.17320639,0.0482206,0.003506448,0.0004254509,-0.000581064,0.019502735,-0.002030258,0.0018594805,0.0014818693,-0.00010926255,0.12303388,0.008948645,0.002186881,0.19119002,0.046001617,0.041113116,-0.00047404435,0.0,0.0,0.13696735,0.43339556,-0.0035767227,0.017606676,0.0,0.0072539262,-0.001197784,0.12555297,0.09359238,-5.143743e-05,-0.0059643155,-4.525599e-05,-0.0018755121,-0.0016317632,0.0,0.05363019,-0.0020607328,-0.002626686,0.005312374,0.089862764,0.004141545
39,0.005121365,0.0,0.00508062,-0.0075587337,-0.0014581572,0.0046289456,0.026492529,0.0016731084,0.044057168,0.008150764,-0.0013338625,-3.711055e-05,0.0,0.0,0.0,0.00031905598,0.0116205225,0.004099873,0.0,-0.0077481605,-0.005806243,-0.0004922155,-0.00027172227,0.17717706,0.0482206,0.003506448,0.0004254509,-0.000581064,0.019502735,-0.002030258,0.0018594805,0.0014818693,-0.00010926255,0.1265839,0.008948645,-0.00029312226,0.1937231,0.046918526,0.041113116,-0.00047404435,0.0,0.0,0.14298975,0.43822223,-0.0035767227,0.017606676,0.0,0.0072539262,-0.001197784,0.10926004,0.08974191,-5.143743e-05,-0.0059643155,-4.525599e-05,-0.0018755121,-0.0016317632,0.0,0.05363019,-0.0020607328,-0.002626686,0.005312374,0.09296594,0.004141545
40,0.005121365,0.0,0.00508062,-0.0075587337,-0.0014581572,0.0046289456,0.026492529,0.0016731084,0.04635673,0.008150764,-0.0013338625,-3.711055e-05,0.0,0.0,0.0,0.00031905598,0.0116205225,0.004099873,0.0,-0.0077481605,-0.005806243,-0.0004922155,-0.00027172227,0.17320639,0.0482206,0.003506448,0.0004254509,-0.000581064,0.019502735,-0.002030258,0.0018594805,0.0014818693,-0.00010926255,0.1265839,0.008948645,0.002186881,0.1937231,0.046918526,0.041113116,-0.00047404435,0.0,0.0,0.13788426,0.43809202,-0.0035767227,0.017606676,0.0,0.0072539262,-0.001197784,0.10926004,0.09359238,-5.143743e-05,-0.0059643155,-4.525599e-05,-0.0018755121,-0.0016317632,0.0,0.05363019,-0.0020607328,-0.002626686,0.005312374,0.09354227,0.004141545
41,0.005121365,0.0,0.00508062,-0.007449532,-0.0014581572,0.0046289456,0.026492529,0.0016731084,0.049568452,0.008150764,-0.0013338625,-3.711055e-05,0.0,0.0,0.0,0.00031905598,0.0116205225,0.004099873,0.0,-0.0077481605,-0.005806243,-0.0004922155,-0.00027172227,0.1442488,0.0482206,0.003011115,0.0004254509,-0.000581064,0.019502735,-0.002030258,0.0018594805,0.0014818693,-0.00010926255,0.12303388,0.008948645,-0.00029312226,0.18731289,0.046001617,0.041113116,-0.00047404435,0.0,0.0,0.14207284,0.42676124,-0.0035767227,0.014023069,0.0,0.0072539262,-0.001197784,0.16978863,0.09141301,-5.143743e-05,-0.0059643155,-4.525599e-05,-0.0018755121,-0.0016317632,0.0,0.05363019,-0.0020607328,-0.002626686,0.004614885,0.08610551,0.004141545
42,0.005121365,0.0,0.00508062,-0.0075587337,-0.0014581572,0.0046289456,0.026492529,0.0016731084,0.04635673,0.008150764,-0.0013338625,-3.711055e-05,0.0,0.0,0.0,0.00031905598,0.0116205225,0.004099873,0.0,-0.0077481605,-0.005806243,-0.0004922155,-0.00027172227,0.17320639,0.0482206,0.003506448,0.0004254509,-0.000581064,0.019502735,-0.002030258,0.0018594805,0.0014818693,-0.00010926255,0.1265839,0.008948645,-0.00029312226,0.1937231,0.046918526,0.041113116,-0.00047404435,0.0,0.0,0.14298975,0.43822223,-0.0035767227,0.017606676,0.0,0.0072539262,-0.001197784,0.10926004,0.09141301,-5.143743e-05,-0.0059643155,-4.525599e-05,-0.0018755121,-0.0016317632,0.0,0.05363019,-0.0020607328,-0.002626686,0.005312374,0.09296594,0.004141545
43,0.005121365,0.0,0.00508062,-0.0075587337,-0.0014581572,0.0046289456,0.026492529,0.0016731084,0.04635673,0.008150764,-0.0013338625,-3.711055e-05,0.0,0.0,0.0,0.00031905598,0.0116205225,0.004099873,0.0,-0.0077481605,-0.005806243,-0.0004922155,-0.00027172227,0.17320639,0.0482206,0.003506448,0.0004254509,-0.000581064,0.019502735,-0.002030258,0.0018594805,0.0014818693,-0.00010926255,0.1265839,0.008948645,-0.00029312226,0.1937231,0.046918526,0.041113116,-0.00047404435,0.0,0.0,0.14298975,0.43822223,-0.0035767227,0.017606676,0.0,0.0072539262,-0.001197784,0.10926004,0.09141301,-5.143743e-05,-0.0059643155,-4.525599e-05,-0.0018755121,-0.0016317632,0.0,0.05363019,-0.0020607328,-0.002626686,0.005312374,0.09296594,0.004141545
44,0.005121365,0.0,0.00508062,-0.0075587337,-0.0014581572,0.0046289456,0.026492529,0.0016731084,0.04635673,0.008150764,-0.0013338625,-3.711055e-05,0.0,0.0,0.0,0.00031905598,0.0116205225,0.004099873,0.0,-0.0077481605,-0.005806243,0.0009546476,-0.00027172227,0.17320639,0.0482206,0.003506448,0.0004254509,-0.000581064,0.019502735,-0.002030258,0.0018594805,0.0014818693,-0.00010926255,0.124374315,0.008948645,-0.00029312226,0.19119002,0.046001617,0.041113116,-0.00047404435,0.0,0.0,0.14321657,0.43073845,-0.0035767227,0.017606676,0.0,0.0072539262,-0.001197784,0.12555297,0.09255674,-5.143743e-05,-0.0059643155,-0.0023327048,-0.0018755121,-0.0016317632,0.0,0.05363019,-0.0020607328,-0.002626686,0.005312374,0.08928644,0.004141545
45,0.005121365,0.0,0.00508062,-0.0075587337,-0.0014581572,0.0046289456,0.026492529,0.0016731084,0.04635673,0.008150764,-0.0013338625,-3.711055e-05,0.0,0.0,0.0,0.00031905598,0.0116205225,0.004099873,0.0,-0.0077481605,-0.005806243,-0.0004922155,-0.00027172227,0.17320639,0.0482206,0.003506448,0.0004254509,-0.000581064,0.019502735,-0.002030258,0.0018594805,0.0014818693,-0.00010926255,0.1265839,0.008948645,0.0009670862,0.1937231,0.046918526,0.041113116,-0.00047404435,0.0,0.0,0.14298975,0.4357893,-0.0035767227,0.017606676,0.0,0.0072539262,-0.001197784,0.10926004,0.09141301,-5.143743e-05,-0.0059643155,-4.525599e-05,-0.0018755121,-0.0016317632,0.0,0.05363019,-0.0020607328,-0.002626686,0.005312374,0.094138674,0.004141545
46,0.005121365,0.0,0.00508062,-0.0075587337,-0.0014581572,0.0046289456,0.026492529,0.0016731084,0.04635673,0.008150764,-0.0013338625,-3.711055e-05,0.0,0.0,0.0,0.00031905598,0.0116205225,0.004099873,0.0,-0.0077481605,-0.005806243,0.0009546476,-0.00027172227,0.17320639,0.0482206,0.003506448,0.0004254509,-0.000581064,0.019502735,-0.002030258,0.0018594805,0.0014818693,-0.00010926255,0.12792435,0.008948645,-0.00029312226,0.1937231,0.046918526,0.041113116,-0.00047404435,0.0,0.0,0.14298975,0.43543494,-0.0035767227,0.017606676,0.0,0.0072539262,-0.001197784,0.10926004,0.09141301,-5.143743e-05,-0.0059643155,-4.525599e-05,-0.0018755121,-0.0016317632,0.0,0.05363019,-0.0020607328,-0.002626686,0.005312374,0.09296594,0.004141545
47,0.005121365,0.0,0.00508062,-0.0075587337,-0.0014581572,0.0046289456,0.026492529,0.0016731084,0.04635673,0.008150764,-0.0013338625,-3.711055e-05,0.0,0.0,0.0,0.00031905598,0.0116205225,0.004099873,0.0,-0.0077481605,-0.005806243,-0.0004922155,-0.00027172227,0.17320639,0.0482206,0.003506448,0.0004254509,-0.000581064,0.019502735,-0.002030258,0.0018594805,0.0014818693,-0.00010926255,0.12303388,0.008948645,-0.00029312226,0.19119002,0.046001617,0.041113116,-0.00047404435,0.0,0.0,0.14207284,0.43034482,-0.0035767227,0.017606676,0.0,0.0072539262,-0.001197784,0.13191481,0.09141301,-5.143743e-05,-0.0059643155,-4.525599e-05,-0.0018755121,-0.0016317632,0.0,0.05363019,-0.0020607328,-0.002626686,0.005312374,0.08610551,0.004141545
48,0.005121365,0.0,0.00508062,-0.0075587337,-0.0014581572,0.0046289456,0.026492529,0.0016731084,0.04635673,0.008150764,-0.0013338625,-3.711055e-05,0.0,0.0,0.0,0.00031905598,0.0116205225,0.004099873,0.0,-0.0077481605,-0.005806243,-0.0004922155,-0.00027172227,0.17320639,0.0482206,0.003506448,0.0004254509,-0.000581064,0.019502735,-0.002030258,0.0018594805,0.0014818693,-0.00010926255,0.1265839,0.008948645,-0.00029312226,0.1937231,0.046918526,0.041113116,-0.00047404435,0.0,0.0,0.14298975,0.43822223,-0.0035767227,0.017606676,0.0,0.0072539262,-0.001197784,0.10926004,0.09141301,-5.143743e-05,-0.0059643155,-4.525599e-05,-0.0018755121,-0.0016317632,0.0,0.05363019,-0.0020607328,-0.002626686,0.005312374,0.09296594,0.004141545
49,0.005121365,0.0,0.00508062,-0.0075587337,-0.0014581572,0.0046289456,0.026492529,0.0016731084,0.04635673,0.008150764,-0.0013338625,-3.711055e-05,0.0,0.0,0.0,0.00031905598,0.0116205225,0.004099873,0.0,-0.0077481605,-0.005806243,0.0009546476,-0.00027172227,0.17320639,0.0482206,0.003506448,0.0004254509,-0.000581064,0.019502735,-0.002030258,0.0018594805,0.0014818693,-0.00010926255,0.12792435,0.008948645,-0.00073924335,0.1937231,0.046918526,0.041113116,-0.00047404435,0.0,0.0,0.14298975,0.43530473,-0.0035767227,0.017606676,0.0,0.0072539262,-0.001197784,0.10926004,0.09141301,-5.143743e-05,-0.0059643155,-4.525599e-05,-0.0018755121,-0.0016317632,0.0,0.05363019,-0.0020607328,-0.002626686,0.005312374,0.09354227,0.004141545
150,-0.012481759,0.0,0.0022524595,-0.007601647,0.00045964296,-0.0023874808,0.0020145648,-7.015175e-05,-0.07680039,-0.0035073415,0.0001492801,-0.00011040977,0.0,0.0,0.0,5.8168927e-05,-0.025942186,7.780861e-05,0.0,-0.0036447921,0.0027645868,0.0012648392,-0.0007265513,-0.12199343,0.009737579,-0.0013676862,0.00027128475,-0.0018472747,-0.0029655478,-0.001499688,9.699457e-05,-0.00015609548,-0.0003888607,0.073050566,-0.0044494383,0.0033276365,-0.098239176,-0.027023286,-0.016035458,-0.00095420436,0.0,0.0,-0.0758732,-0.1781727,-0.012199642,-0.003557119,0.0,0.0005201276,-0.000102375736,-0.18038325,-0.033839274,-0.000169137,0.007346302,-0.0021188613,-0.0029831724,0.0017612072,0.0,-0.14735809,0.0015618203,-0.00040820174,-0.0015737796,0.061509095,-0.0013835803
151,-0.0006504698,0.0,0.0022524595,-0.007601647,0.00045964296,-0.0023874808,0.0024098994,-0.0051013334,-0.09232588,-0.0035073415,0.0001492801,-0.00011040977,0.0,0.0,0.0,-0.0029003767,-0.025942186,7.780861e-05,0.0,-0.0036447921,0.0027645868,0.0012648392,-0.0007265513,-0.12060133,0.008785212,-0.0013676862,-0.0007841112,-0.0018472747,-0.0029655478,-0.001499688,0.001439382,-2.3254252e-06,-0.0003888607,0.07307733,-0.003176902,0.0034365826,-0.0996212,-0.027208813,-0.017377846,-0.00095420436,0.0,0.0,-0.08033538,-0.17515212,-0.012199642,-0.003557119,0.0,0.0005201276,3.3630393e-05,-0.18313716,-0.03349544,-0.000169137,0.007346302,-0.0021188613,-0.0029831724,0.0017612072,0.0,-0.15194754,0.0015618203,-0.00040820174,-0.0015737796,0.062276285,-0.0013835803
152,-0.012481759,0.0,0.0022524595,-0.007601647,0.00045964296,-0.0023874808,0.0026207424,-7.015175e-05,-0.090949915,-0.0035073415,0.0001492801,-0.00011040977,0.0,0.0,0.0,5.8168927e-05,-0.025942186,7.780861e-05,0.0,-0.0036447921,0.0027645868,0.0012648392,-0.0007265513,-0.119225375,0.009737579,-0.0008076114,0.00027128475,-0.0018472747,-0.0029655478,-0.001499688,0.001439382,-2.3254252e-06,-0.0003888607,0.072572954,-0.0044494383,0.0033276365,-0.098239176,-0.027023286,-0.017377846,-0.00095420436,0.0,0.0,-0.08033472,-0.17804551,-0.012199642,-0.003557119,0.0,0.0005201276,-0.000102375736,-0.18063673,-0.03463333,-0.000169137,0.007346302,-0.0021188613,-0.0029831724,0.0017612072,0.0,-0.149152,0.0015618203,-0.00040820174,-0.0015737796,0.05977619,-0.0013835803
153,-0.0006504698,0.0,0.0022524595,-0.007601647,0.00045964296,-0.0023874808,-0.016724605,-0.00035521225,-0.07420113,-0.0035073415,0.0001492801,-0.00011040977,0.0,0.0,0.0,5.8168927e-05,-0.024018375,7.780861e-05,0.0,-0.0036447921,0.0027645868,0.0012648392,-0.0007265513,-0.12336939,0.009737579,-0.0013676862,0.00027128475,-0.0018472747,-0.0029655478,-0.001499688,0.001439382,-0.00015609548,-0.0003888607,0.07430029,-0.0044494383,0.0033276365,-0.09823897,-0.025839873,-0.017377846,-0.00095420436,0.0,0.0,-0.07655012,-0.1800904,-0.012199642,-0.003557119,0.0,0.0005201276,3.3630393e-05,-0.18086587,-0.033839274,-0.000169137,0.007346302,-0.0021188613,-0.0029831724,0.0017612072,0.0,-0.14648592,0.0015618203,-0.00040820174,-0.0015737796,0.06395554,-0.00014842558
154,-0.009060608,0.0,0.0022524595,-0.008862567,0.00045964296,-0.0024328914,0.0036871291,-0.004943043,-0.090949915,-0.0035073415,0.0001492801,-0.00011040977,0.0,0.0,0.0,-0.0029003767,-0.025942186,7.780861e-05,0.0,-0.0012366981,0.0027645868,0.0012648392,-0.0007265513,-0.12318188,0.009737579,-0.0010697764,-0.0007841112,-0.0012661478,-0.0067092148,-0.001499688,0.001439382,-2.3254252e-06,-8.170852e-05,-0.032555867,-0.003176902,0.00063123147,-0.10686671,-0.032215893,-0.017377846,-0.00095420436,0.0,0.0,-0.08214587,-0.20677832,-0.003172952,-0.003557119,0.0,0.0005201276,3.3630393e-05,-0.17973363,-0.03463333,-0.000169137,0.006047063,-0.0021188613,-0.0007186803,0.0017612072,0.0,-0.149152,0.0003384709,-0.00040820174,-0.0021424298,-0.04101605,-0.0013835803
155,-0.0006504698,0.0,0.0022524595,-0.007601647,0.00045964296,-0.0023874808,0.0024098994,-0.0051013334,-0.09232588,-0.0035073415,0.0001492801,-0.00011040977,0.0,0.0,0.0,-0.0029003767,-0.025942186,7.780861e-05,0.0,-0.0036447921,0.0027645868,0.0012648392,-0.0007265513,-0.12060133,0.01122451,-0.0013676862,0.00027128475,-0.0018472747,-0.0029655478,-0.001499688,0.001439382,-2.3254252e-06,-0.0003888607,0.07307733,-0.0044494383,0.0033276365,-0.09940406,-0.027023286,-0.017377846,-0.00095420436,0.0,0.0,-0.082629226,-0.17777514,-0.012199642,-0.003557119,0.0,0.0005201276,3.3630393e-05,-0.18202253,-0.03463333,-0.000169137,0.007346302,-0.0021188613,-0.0029831724,0.0017612072,0.0,-0.15095098,0.0015618203,-0.00040820174,-0.00027650304,0.0624067,-0.0013835803
156,-0.0009468834,0.0,0.0022524595,-0.008862567,0.00045964296,-0.0024328914,0.0036871291,-7.015175e-05,-0.07817635,-0.0035073415,0.0001492801,-0.00011040977,0.0,0.0,0.0,5.8168927e-05,-0.025942186,7.780861e-05,0.0,-0.0012366981,0.0027645868,0.0012648392,-0.0007265513,-0.12455784,0.009737579,-0.0016298512,0.00027128475,-0.0012661478,-0.0067092148,-0.001499688,0.001439382,-0.00015609548,-8.170852e-05,-0.029669885,-0.0044494383,0.00063123147,-0.107785754,-0.032215893,-0.017377846,-0.00095420436,0.0,0.0,-0.0798348,-0.21890995,-0.003172952,-0.003557119,0.0,0.0005201276,3.3630393e-05,-0.18248755,-0.033839274,-0.000169137,0.006047063,-0.0021188613,-0.0007186803,0.0017612072,0.0,-0.15194754,-0.0018412904,-0.00040820174,-0.0021424298,-0.041923746,-0.0013835803
157,-0.0006504698,0.0,0.0022524595,-0.007601647,0.00045964296,-0.0023874808,-0.047065184,-0.005386394,-0.06833799,-0.0035073415,0.0001492801,-0.00011040977,0.0,0.0,0.0,-0.0029003767,-0.022521676,7.780861e-05,0.0,-0.0036447921,0.0027645868,-0.00014776754,-0.0007265513,-0.11922121,0.008785212,-0.0013676862,-0.0007841112,-0.0018472747,-0.0029655478,-0.001499688,0.001439382,-0.0026545175,-0.0003888607,0.064199306,-0.003176902,0.0033276365,-0.098484814,-0.022868317,-0.017119637,-0.00095420436,0.0,0.0,-0.07421284,-0.1673886,-0.012465965,-0.003557119,0.0,0.0005201276,3.3630393e-05,-0.17614472,-0.032701384,-0.000169137,0.007346302,0.0003826445,-0.0029831724,0.0017612072,0.0,-0.14318594,0.0003384709,-0.00040820174,-0.0015737796,0.06395554,-0.00014842558
158,-0.0006504698,0.0,0.0022524595,-0.007601647,0.00045964296,-0.0023874808,0.0024098994,-0.0051013334,-0.09232588,-0.0035073415,0.0001492801,-0.00011040977,0.0,0.0,0.0,-0.0029003767,-0.025942186,7.780861e-05,0.0,-0.0036447921,0.0027645868,0.0012648392,-0.0007265513,-0.12060133,0.008785212,-0.0013676862,0.00027128475,-0.0018472747,-0.0029655478,-0.001499688,0.001439382,-2.3254252e-06,-0.0003888607,0.07307733,-0.0044494383,0.0033276365,-0.09940406,-0.027208813,-0.017377846,-0.00095420436,0.0,0.0,-0.08033538,-0.17517358,-0.012199642,-0.003557119,0.0,0.0005201276,3.3630393e-05,-0.18313716,-0.03349544,-0.000169137,0.007346302,-0.0021188613,-0.0029831724,0.0017612072,0.0,-0.15194754,0.0015618203,-0.00040820174,-0.0015737796,0.0624067,-0.0013835803
159,-0.0006504698,0.0,0.0022524595,-0.007601647,0.00045964296,-0.0023874808,0.0024098994,-7.015175e-05,-0.07817635,-0.0035073415,0.0001492801,-0.00011040977,0.0,0.0,0.0,5.8168927e-05,-0.025942186,7.780861e-05,0.0,-0.0036447921,0.0027645868,0.0012648392,0.005947278,-0.12060133,0.009737579,-0.0013676862,0.00027128475,-0.0018472747,-0.0029655478,-0.001499688,9.699457e-05,-0.00015609548,-0.0003888607,0.072890334,-0.0044494383,0.0033276365,-0.09937536,-0.030164411,-0.019029034,-0.00095420436,0.0,0.0,-0.076300085,-0.18803358,-0.012199642,-0.003557119,0.0,0.0005201276,3.3630393e-05,-0.17820448,-0.033839274,-0.000169137,0.007346302,-0.0021188613,-0.0029831724,0.0017612072,0.0,-0.15194754,0.0015618203,-0.00040820174,-0.0015737796,0.062586054,-0.0013835803
160,-0.0006504698,0.0,0.0022524595,-0.007601647,0.00045964296,-0.0023874808,0.0024098994,-7.015175e-05,-0.07817635,-0.0035073415,0.0001492801,-0.00011040977,0.0,0.0,0.0,5.8168927e-05,-0.025942186,7.780861e-05,0.0,-0.0036447921,0.0027645868,0.0012648392,-0.0007265513,-0.12060133,0.008785212,-0.0008076114,0.00027128475,-0.0018472747,-0.0029655478,-0.001499688,9.699457e-05,-2.3254252e-06,-0.0003888607,0.06987042,-0.0044494383,0.0033276365,-0.09937536,-0.027208813,-0.016035458,-0.00095420436,0.0,0.0,-0.076300085,-0.18360306,-0.012199642,-0.003557119,0.0,0.0005201276,3.3630393e-05,-0.18313716,-0.032701384,-0.000169137,0.007346302,-0.0021188613,-0.0029831724,0.0017612072,0.0,-0.15194754,-0.005568632,-0.00040820174,-0.0015737796,0.062222637,-0.0013835803
161,-0.0009468834,0.0,0.0022524595,-0.008862567,0.00045964296,-0.0024328914,-0.015447375,-0.005386394,-0.07420113,-0.0035073415,0.0001492801,-0.00011040977,0.0,0.0,0.0,-0.0029003767,-0.024018375,7.780861e-05,0.0,-0.0012366981,0.0027645868,-0.00014776754,-0.0007265513,-0.12732589,0.008785212,-0.0016298512,-0.0007841112,-0.0012661478,-0.0067092148,-0.001499688,0.001439382,-0.00015609548,-8.170852e-05,-0.028072938,-0.003176902,0.00063123147,-0.10689521,-0.031218007,-0.017377846,-0.00095420436,0.0,0.0,-0.07961595,-0.20662493,-0.003172952,-0.003557119,0.0,0.0005201276,3.3630393e-05,-0.18125477,-0.032701384,-0.000169137,0.006047063,-0.0021188613,-0.0007186803,0.0017612072,0.0,-0.14648592,-0.0018412904,-0.00040820174,-0.0021424298,-0.040554266,-0.00014842558
162,-0.0009468834,0.0,0.0022524595,-0.008862567,0.00045964296,-0.0024328914,0.0038979717,-0.004943043,-0.09232588,-0.0035073415,0.0001492801,-0.00011040977,0.0,0.0,0.0,-0.0029003767,-0.025942186,7.780861e-05,0.0,-0.0012366981,0.0027645868,0.0012648392,0.005947278,-0.12455784,0.009737579,-0.0010697764,-0.0007841112,-0.0012661478,-0.0067092148,-0.001499688,0.001439382,-0.00015609548,-8.170852e-05,-0.032555867,-0.003176902,0.00063123147,-0.10800289,-0.03535702,-0.020371422,-0.00095420436,0.0,0.0,-0.083827436,-0.21668905,-0.003172952,-0.003557119,0.0,0.0005201276,3.3630393e-05,-0.17845795,-0.03463333,-0.000169137,0.007346302,-0.0021188613,-0.0007186803,0.0017612072,0.0,-0.15194754,0.0003384709,-0.00040820174,-0.0021424298,-0.04275743,-0.0013835803
163,-0.0006504698,0.0,0.0022524595,-0.007601647,0.00045964296,-0.0023874808,-0.020396767,-0.005386394,-0.07420113,-0.0035073415,0.0001492801,-0.00011040977,0.0,0.0,0.0,-0.0029003767,-0.024018375,7.780861e-05,0.0,-0.0036447921,0.0027645868,0.0012648392,-0.0007265513,-0.12212018,0.008785212,-0.0013676862,-0.0007841112,-0.0018472747,-0.0029655478,-0.001499688,0.001439382,-0.00034665375,-0.0003888607,0.074487284,-0.003176902,0.0033276365,-0.0998623,-0.02418932,-0.017377846,-0.00095420436,0.0,0.0,-0.07608124,-0.17537856,-0.012199642,-0.003557119,0.0,0.0005201276,3.3630393e-05,-0.17789629,-0.032701384,-0.000169137,0.007346302,-0.0021188613,-0.0029831724,0.0017612072,0.0,-0.14464985,0.0015618203,-0.00040820174,-0.0015737796,0.06395554,-0.00014842558
164,-0.0006504698,0.0,0.0022524595,-0.007601647,0.00045964296,-0.0023874808,-0.047065184,-0.0052281036,-0.06833799,-0.0035073415,0.0001492801,-0.00011040977,0.0,0.0,0.0,-0.0029003767,-0.022521676,7.780861e-05,0.0,-0.0036447921,0.0027645868,0.0012648392,-0.0007265513,-0.12047042,0.009737579,-0.0013676862,0.00027128475,-0.0018472747,-0.0029655478,-0.001499688,0.001439382,-0.00015609548,-0.0003888607,0.07175797,-0.0044494383,0.0034365826,-0.09823897,-0.02268279,-0.017377846,-0.00095420436,0.0,0.0,-0.071453124,-0.16938876,-0.012199642,-0.003557119,0.0,0.0005201276,3.3630393e-05,-0.1763554,-0.033839274,-0.000169137,0.007346302,-0.0021188613,-0.0029831724,0.0017612072,0.0,-0.14318594,-0.005568632,-0.00040820174,-0.0015737796,0.06382512,-0.00014842558
165,-0.0006504698,0.0,0.0022524595,-0.007601647,0.00045964296,-0.0023874808,0.0024098994,-0.004943043,-0.09232588,-0.0035073415,0.0001492801,-0.00011040977,0.0,0.0,0.0,-0.0029003767,-0.025942186,7.780861e-05,0.0,-0.0036447921,0.0027645868,-0.00014776754,-0.0007265513,-0.12060133,0.008785212,-0.0013676862,-0.0007841112,-0.0018472747,-0.0029655478,-0.001499688,0.001439382,-2.3254252e-06,-0.0003888607,0.072890334,-0.003176902,0.0033276365,-0.0995925,-0.027208813,-0.017377846,-0.00095420436,0.0,0.0,-0.082629226,-0.17272246,-0.012199642,-0.003557119,0.0,0.0005201276,3.3630393e-05,-0.18352607,-0.03349544,-0.000169137,0.006047063,-0.0021188613,-0.0029831724,0.0017612072,0.0,-0.15095098,0.0015618203,-0.00040820174,-0.00027650304,0.06305632,-0.0013835803
166,-0.0006504698,0.0,0.0022524595,-0.007601647,0.00045964296,-0.0023874808,-0.047065184,-0.005386394,-0.08248752,-0.0035073415,0.0001492801,-0.00011040977,0.0,0.0,0.0,-0.0029003767,-0.022521676,7.780861e-05,0.0,-0.0036447921,0.0027645868,-0.00014776754,-0.0007265513,-0.12047042,0.008785212,-0.0013676862,-0.0007841112,-0.0018472747,-0.0029655478,-0.001499688,0.001439382,-2.3254252e-06,-0.0003888607,0.074487284,-0.003176902,0.0033276365,-0.098484814,-0.022868317,-0.017377846,-0.00095420436,0.0,0.0,-0.0759573,-0.16576499,-0.012199642,-0.003557119,0.0,0.0005201276,3.3630393e-05,-0.17674431,-0.03349544,-0.000169137,0.006047063,-0.0021188613,-0.0029831724,0.0017612072,0.0,-0.14318594,0.0015618203,-0.00040820174,-0.0015737796,0.064425796,-0.00014842558
167,-0.0009468834,0.0,0.0022524595,-0.008862567,0.00045964296,-0.0024328914,0.0032917946,-0.004943043,-0.07817635,-0.0035073415,0.0001492801,-0.00011040977,0.0,0.0,0.0,-0.0029003767,-0.025942186,7.780861e-05,0.0,-0.0012366981,0.0027645868,0.0012648392,-0.0007265513,-0.12732589,0.009737579,-0.0016298512,-0.0007841112,-0.0012661478,-0.0067092148,-0.001499688,9.699457e-05,-2.3254252e-06,0.0025634265,-0.03207826,-0.003176902,0.00063123147,-0.10800289,-0.032215893,-0.016035458,-0.00095420436,0.0,0.0,-0.07936592,-0.21072933,-0.003172952,-0.003557119,0.0,0.0005201276,3.3630393e-05,-0.18248755,-0.033839274,-0.000169137,0.006047063,-0.0021188613,-0.0007186803,0.0017612072,0.0,-0.15015364,0.0003384709,-0.00040820174,-0.0021424298,-0.04394264,-0.0013835803
168,-0.0006504698,0.0,0.0022524595,-0.007601647,0.00045964296,-0.0023874808,-0.047065184,-0.0052281036,-0.06833799,-0.0035073415,0.0001492801,-0.00011040977,0.0,0.0,0.0,-0.0029003767,-0.022521676,7.780861e-05,0.0,-0.0036447921,0.0027645868,0.0012648392,-0.0007265513,-0.12047042,0.008785212,-0.0013676862,-0.0007841112,-0.0018472747,-0.0029655478,-0.001499688,9.699457e-05,-0.00015609548,-0.0003888607,0.07175797,-0.003176902,0.0033276365,-0.09845611,-0.022868317,-0.016035458,-0.00095420436,0.0,0.0,-0.071453124,-0.16941021,-0.012199642,-0.003557119,0.0,0.0005201276,3.3630393e-05,-0.1763554,-0.032701384,-0.000169137,0.007346302,-0.0021188613,-0.0029831724,0.0017612072,0.0,-0.14318594,-0.005568632,-0.00040820174,-0.0015737796,0.06395554,-0.00014842558
169,-0.0006504698,0.0,0.0022524595,-0.007601647,0.00045964296,-0.0023874808,0.0024098994,-7.015175e-05,-0.09232588,-0.0035073415,0.0001492801,-0.00011040977,0.0,0.0,0.0,5.8168927e-05,-0.025942186,7.780861e-05,0.0,-0.0036447921,0.0027645868,0.0012648392,-0.0007265513,-0.12060133,0.009737579,-0.0013676862,-0.0007841112,-0.0018472747,-0.0029655478,-0.001499688,0.001439382,-2.3254252e-06,-0.0003888607,0.072890334,-0.003176902,0.0033276365,-0.0995925,-0.027023286,-0.017377846,-0.00095420436,0.0,0.0,-0.08080426,-0.18253615,-0.012199642,-0.003557119,0.0,0.0005201276,3.3630393e-05,-0.18313716,-0.03463333,-0.000169137,0.007346302,-0.0021188613,-0.0029831724,0.0017612072,0.0,-0.15194754,0.0015618203,-0.00040820174,-0.0015737796,0.0624067,-0.0013835803
170,-0.0006504698,0.0,0.0022524595,-0.007601647,0.00045964296,-0.0023874808,0.0026207424,-0.004943043,-0.09232588,-0.0035073415,0.0001492801,-0.00011040977,0.0,0.0,0.0,-0.0029003767,-0.025942186,7.780861e-05,0.0,-0.0036447921,0.0027645868,0.0012648392,-0.0007265513,-0.12060133,0.009737579,-0.0008076114,0.00027128475,-0.0018472747,-0.0029655478,-0.001499688,0.001439382,-2.3254252e-06,-0.0003888607,0.072572954,-0.0044494383,0.0033276365,-0.09937536,-0.027023286,-0.017377846,-0.00095420436,0.0,0.0,-0.080292724,-0.17509621,-0.012199642,-0.003557119,0.0,0.0005201276,-0.000102375736,-0.18339066,-0.03463333,-0.000169137,0.007346302,-0.0021188613,-0.0029831724,0.0017612072,0.0,-0.15194754,0.0015618203,-0.00040820174,-0.0015737796,0.062222637,-0.0013835803
171,0.00094159995,0.0,0.0011307407,-0.011124549,9.1980444e-05,-0.0023874808,0.0072488836,-0.0006110127,-0.22472143,-0.014788035,-0.0013338625,-0.0005678988,0.0,0.0,0.0,7.6855475e-05,-0.07459527,0.009044559,0.0,-0.0014254453,0.010697728,0.0013616353,-0.0016134282,0.1607164,0.013027402,-0.0001977745,0.00027128475,-0.00403825,-0.0031386353,-0.0057107974,0.0012217603,-0.00030037045,-0.00010926255,0.040229786,-0.0023532177,0.0033965716,-0.0827329,0.027898662,-0.02061849,-0.0008135495,0.0,0.0,0.0901879,-0.14700885,-0.010226449,0.017801648,0.0,0.0033442294,-0.000102375736,-0.31873587,-0.016965616,-0.00073358836,-0.01629234,-0.0062970086,-0.0029831724,0.0017612072,0.0,-0.270337,0.0008040952,-1.5474478e-05,-0.0012497029,0.032483045,-0.0022396836
172,-0.0006504698,0.0,0.0022524595,-0.007601647,0.00045964296,-0.0023874808,0.0026207424,-0.004943043,-0.09232588,-0.0035073415,0.0001492801,-0.00011040977,0.0,0.0,0.0,-0.0029003767,-0.03000711,0.0071609705,0.0,-0.0036447921,0.0027645868,0.0012648392,-0.0007265513,-0.12060133,0.01122451,-0.0013676862,-0.0007841112,-0.0018472747,-0.0029655478,-0.001499688,0.001439382,-2.3254252e-06,-0.0003888607,0.07050825,-0.003176902,0.0033276365,-0.0995925,-0.027023286,-0.017377846,-0.00095420436,0.0,0.0,-0.080292724,-0.17746599,-0.012199642,-0.003557119,0.0,0.0005201276,-0.000102375736,-0.18227603,-0.034209825,-0.000169137,0.007346302,-0.0021188613,-0.0029831724,0.0017612072,0.0,-0.15194754,-0.005568632,-0.00040820174,-0.0015737796,0.0624067,-0.0013835803
173,0.0002636541,0.0,0.0011307407,-0.004915897,0.00045964296,-0.0023874808,0.0066377805,0.00040184276,-0.17299,-0.010670769,0.0020317135,-0.00011040977,0.0,0.0,0.0,5.8168927e-05,-0.044515934,0.0028323138,0.0,-0.0014254453,0.0083121415,0.0012648392,-0.0007265513,0.17977695,0.010313129,-0.00082366617,0.00027128475,-0.0032706386,-0.0021881675,-0.001499688,0.001439382,0.00017365097,-0.0003888607,0.06798458,-0.0044494383,-0.0024697937,-0.08982259,-0.027208813,-0.02061849,-0.0008746208,0.0,0.0,-0.07704198,-0.17700174,-0.012199642,-0.006153207,0.0,0.0030066771,-0.000102375736,-0.19967654,-0.021601893,-0.000169137,0.010519118,-0.0065137986,-0.0029831724,0.0017612072,0.0,-0.1615667,-0.005568632,-0.00040820174,-0.00079342426,0.06114749,-0.0013835803
174,-0.0006504698,0.0,0.0022524595,-0.007601647,0.00045964296,-0.0023874808,0.0021739022,0.00040184276,-0.09232588,-0.0035073415,0.0001492801,-0.00011040977,0.0,0.0,0.0,5.8168927e-05,-0.025942186,7.780861e-05,0.0,-0.0036447921,0.0027645868,-0.00014776754,-0.0007265513,-0.12060133,0.009737579,-0.0008076114,0.00027128475,-0.0018472747,-0.0029655478,-0.0057107974,0.001439382,-2.3254252e-06,-0.0003888607,0.072572954,-0.0044494383,0.0034365826,-0.09937536,-0.020883197,-0.016851598,-0.00095420436,0.0,0.0,-0.0764064,-0.17526288,-0.012199642,-0.003557119,0.0,0.0005201276,-0.000102375736,-0.18532348,-0.033465352,-0.000169137,0.004550391,-0.0065137986,-0.0029831724,0.0017612072,0.0,-0.15194754,0.0015618203,-0.00040820174,-0.0015737796,0.06209222,-0.0013835803
175,-0.012481759,0.0,0.0022524595,-0.007601647,0.00045964296,-0.0023874808,-0.009316405,-0.0052281036,-0.0869747,-0.0035073415,0.0001492801,-0.00011040977,0.0,0.0,0.0,-0.0029003767,-0.024018375,7.780861e-05,0.0,-0.0036447921,0.0027645868,0.0012648392,-0.0007265513,-0.12199343,0.008785212,-0.0013676862,0.00027128475,-0.0018472747,-0.0029655478,-0.001499688,0.001439382,-2.3254252e-06,-0.0003888607,0.071918204,-0.0044494383,0.0033276365,-0.099387,-0.0260254,-0.017377846,-0.00095420436,0.0,0.0,-0.08015853,-0.17090158,-0.012199642,-0.003557119,0.0,0.0005201276,-0.000102375736,-0.17933178,-0.03349544,-0.000169137,0.007346302,-0.0021188613,-0.0029831724,0.0017612072,0.0,-0.14617467,-0.005568632,-0.00040820174,-0.0015737796,0.061329737,-0.00014842558
176,-0.0006504698,0.0,0.0022524595,-0.007601647,0.00045964296,-0.0023874808,0.0021739022,0.00040184276,-0.07817635,-0.0035073415,0.0001492801,-0.00011040977,0.0,0.0,0.0,5.8168927e-05,-0.025942186,7.780861e-05,0.0,-0.0036447921,0.0027645868,0.0012648392,-0.0007265513,-0.12060133,0.009737579,-0.0008076114,0.00027128475,-0.0018472747,-0.0029655478,-0.001499688,0.001439382,-2.3254252e-06,-0.0003888607,0.072572954,-0.0044494383,0.0034365826,-0.09937536,-0.027023286,-0.017377846,-0.00095420436,0.0,0.0,-0.07653608,-0.18243732,-0.012199642,-0.003557119,0.0,0.0005201276,-0.000102375736,-0.18313716,-0.033839274,-0.000169137,0.007346302,-0.0021188613,-0.0029831724,0.0017612072,0.0,-0.15194754,0.0015618203,-0.00040820174,-0.0015737796,0.06209222,-0.0013835803
177,-0.0006504698,0.0,0.0022524595,-0.007601647,0.00045964296,-0.0023874808,0.0020145648,-0.004943043,-0.07817635,-0.0035073415,0.0001492801,-0.00011040977,0.0,0.0,0.0,-0.0029003767,-0.025942186,7.780861e-05,0.0,-0.0036447921,0.0027645868,0.0012648392,-0.0007265513,-0.12336939,0.009737579,-0.0013676862,0.00027128475,-0.0018472747,-0.0029655478,-0.001499688,9.699457e-05,-0.00015609548,-0.0003888607,0.073050566,-0.0044494383,0.0033276365,-0.09937536,-0.027023286,-0.016035458,-0.00095420436,0.0,0.0,-0.075831205,-0.17522341,-0.012199642,-0.003557119,0.0,0.0005201276,-0.000102375736,-0.18313716,-0.033839274,-0.000169137,0.007346302,-0.0021188613,-0.0029831724,0.0017612072,0.0,-0.15015364,0.0015618203,-0.00040820174,-0.0015737796,0.06395554,-0.0013835803
178,-0.0006504698,0.0,0.0022524595,-0.007601647,0.00045964296,-0.0023874808,0.0024098994,-0.004943043,-0.09232588,-0.0035073415,0.0001492801,-0.00011040977,0.0,0.0,0.0,-0.0029003767,-0.025942186,7.780861e-05,0.0,-0.0036447921,0.0027645868,0.0012648392,-0.0007265513,-0.12060133,0.009737579,-0.0013676862,-0.0007841112,-0.0018472747,-0.0029655478,-0.001499688,0.001439382,-0.00015609548,-0.0003888607,0.072890334,-0.003176902,0.0034365826,-0.0995925,-0.027023286,-0.017377846,-0.00095420436,0.0,0.0,-0.082629226,-0.17517772,-0.012199642,-0.003557119,0.0,0.0005201276,3.3630393e-05,-0.18313716,-0.03463333,-0.000169137,0.007346302,-0.0021188613,-0.0029831724,0.0017612072,0.0,-0.15095098,0.0015618203,-0.00040820174,-0.00027650304,0.062455643,-0.0013835803
179,-0.0006504698,0.0,0.0022524595,-0.007601647,0.00045964296,-0.0023874808,0.0020145648,-7.015175e-05,-0.09232588,-0.0035073415,0.0001492801,-0.00011040977,0.0,0.0,0.0,5.8168927e-05,-0.025942186,7.780861e-05,0.0,-0.0036447921,0.0027645868,-0.00014776754,-0.0007265513,-0.12336939,0.009737579,-0.0013676862,-0.0007841112,-0.0018472747,-0.0029655478,-0.001499688,0.001439382,-2.3254252e-06,-0.0003888607,0.07050825,-0.003176902,0.0033276365,-0.0995925,-0.027023286,-0.017377846,-0.00095420436,0.0,0.0,-0.08080426,-0.18127777,-0.012199642,-0.003557119,0.0,0.0005201276,-0.000102375736,-0.18417569,-0.03463333,-0.000169137,0.007346302,-0.0021188613,-0.0029831724,0.0017612072,0.0,-0.15015364,-0.005568632,-0.00040820174,-0.0015737796,0.06377618,-0.0013835803
180,-0.0006504698,0.0,0.0022524595,-0.007601647,0.00045964296,-0.0023874808,-0.047065184,-0.0052281036,-0.06833799,-0.0035073415,0.0001492801,-0.00011040977,0.0,0.0,0.0,-0.0029003767,-0.022521676,7.780861e-05,0.0,-0.0036447921,0.0027645868,-0.00014776754,-0.0007265513,-0.12047042,0.008785212,-0.0013676862,-0.0007841112,-0.0018472747,-0.0029655478,-0.001499688,9.699457e-05,-2.3254252e-06,-0.0003888607,0.07430029,-0.003176902,0.0033276365,-0.09845611,-0.022868317,-0.016035458,-0.00095420436,0.0,0.0,-0.071453124,-0.16576499,-0.012199642,-0.003557119,0.0,0.0005201276,3.3630393e-05,-0.17739393,-0.032701384,-0.000169137,0.007346302,-0.0021188613,-0.0029831724,0.0017612072,0.0,-0.14318594,0.0015618203,-0.00040820174,-0.0015737796,0.06377618,-0.00014842558
181,-0.0006504698,0.0,0.0022524595,-0.007601647,0.00045964296,-0.0023874808,0.0024098994,-0.004943043,-0.09232588,-0.0035073415,0.0001492801,-0.00011040977,0.0,0.0,0.0,5.8168927e-05,-0.025942186,7.780861e-05,0.0,-0.0036447921,0.0027645868,0.0012648392,-0.0007265513,-0.12060133,0.009737579,-0.0008076114,0.00027128475,-0.0018472747,-0.0029655478,-0.001499688,0.001439382,-2.3254252e-06,-0.0003888607,0.070030645,-0.0044494383,0.0033276365,-0.09937536,-0.027023286,-0.017377846,-0.00095420436,0.0,0.0,-0.08080426,-0.17875439,-0.012199642,-0.003557119,0.0,0.0005201276,-0.000102375736,-0.18313716,-0.03463333,-0.000169137,0.007346302,-0.0021188613,-0.0029831724,0.0017612072,0.0,-0.15194754,-0.005568632,-0.00040820174,-0.0015737796,0.062222637,-0.0013835803
182,-0.012481759,0.0,0.0022524595,-0.007601647,0.00045964296,-0.0023874808,-0.047065184,-0.0052281036,-0.081111565,-0.0035073415,0.0001492801,-0.00011040977,0.0,0.0,0.0,-0.0029003767,-0.022521676,7.780861e-05,0.0,-0.0036447921,0.0027645868,-0.00014776754,-0.0007265513,-0.11909446,0.008785212,-0.0013676862,-0.0007841112,-0.0018472747,-0.0029655478,-0.001499688,0.001439382,-0.00015609548,-0.0003888607,0.06401231,-0.003176902,0.0033276365,-0.09731992,-0.022868317,-0.017377846,-0.00095420436,0.0,0.0,-0.07782426,-0.16297533,-0.012465965,-0.003557119,0.0,0.0005201276,3.3630393e-05,-0.17464001,-0.03349544,-0.000169137,0.007346302,-0.0021188613,-0.0029831724,0.0017612072,0.0,-0.13939384,0.0003384709,-0.00040820174,-0.00027650304,0.061509095,-0.00014842558
183,-0.0009468834,0.0,0.0022524595,-0.008862567,0.00045964296,-0.0024328914,0.0036871291,-0.004943043,-0.09232588,-0.0035073415,0.0001492801,-0.00011040977,0.0,0.0,0.0,-0.0029003767,-0.025942186,7.780861e-05,0.0,-0.0012366981,0.0027645868,0.0012648392,-0.0007265513,-0.12455784,0.009737579,-0.0010697764,-0.0007841112,-0.0012661478,-0.0067092148,-0.001499688,0.001439382,-2.3254252e-06,-8.170852e-05,-0.03014749,-0.003176902,0.00063123147,-0.10800289,-0.032215893,-0.017377846,-0.00095420436,0.0,0.0,-0.08616394,-0.21142021,-0.003172952,-0.003557119,0.0,0.0005201276,3.3630393e-05,-0.18248755,-0.03463333,-0.000169137,0.006047063,-0.0021188613,-0.0007186803,0.0017612072,0.0,-0.15095098,-0.0018412904,-0.00040820174,-0.0008451531,-0.042287167,-0.0013835803
184,-0.009060608,0.0,0.0022524595,-0.008862567,0.00045964296,-0.0024328914,0.0036871291,-0.004943043,-0.090949915,-0.0035073415,0.0001492801,-0.00011040977,0.0,0.0,0.0,-0.0029003767,-0.025942186,7.780861e-05,0.0,-0.0012366981,0.0027645868,0.0012648392,-0.0007265513,-0.12318188,0.009737579,-0.0016298512,-0.0007841112,-0.0012661478,-0.0067092148,-0.001499688,0.001439382,-2.3254252e-06,0.0025634265,-0.03207826,-0.003176902,0.00063123147,-0.10686671,-0.032215893,-0.017377846,-0.00095420436,0.0,0.0,-0.08214587,-0.20631602,-0.003172952,-0.003557119,0.0,0.0005201276,3.3630393e-05,-0.17973363,-0.03463333,-0.000169137,0.006047063,-0.0021188613,-0.0007186803,0.0017612072,0.0,-0.149152,0.0003384709,-0.00040820174,-0.0021424298,-0.044041,-0.0013835803
185,-0.0006504698,0.0,0.0022524595,-0.007601647,0.00045964296,-0.0023874808,0.0024098994,-7.015175e-05,-0.09959698,-0.0035073415,0.0001492801,-0.00011040977,0.0,0.0,0.0,5.8168927e-05,-0.033183284,0.0071609705,0.0,-0.0036447921,0.0027645868,-0.00014776754,-0.0007265513,-0.12060133,0.009737579,-0.0013676862,0.00027128475,-0.0018472747,-0.0029655478,-0.001499688,0.001439382,-0.00015609548,-0.0003888607,0.073050566,-0.0044494383,0.0033276365,-0.09937536,-0.024131656,-0.016851598,-0.00095420436,0.0,0.0,-0.07846425,-0.17048632,-0.012199642,0.026828283,0.0,0.0005201276,-0.000102375736,-0.18502325,-0.03293284,-0.000169137,0.004550391,-0.0065137986,-0.0029831724,0.0017612072,0.0,-0.15095098,0.0015618203,-1.5474478e-05,-0.00027650304,0.062586054,-0.0013835803
186,-0.0006504698,0.0,0.0022524595,-0.0092004575,0.00045964296,-0.0023874808,0.0023847448,0.00040184276,-0.09232588,-0.0035073415,0.0001492801,-0.00011040977,0.0,0.0,0.0,5.8168927e-05,-0.025942186,7.780861e-05,0.0,-0.0036447921,0.0027645868,-0.00014776754,-0.0007265513,-0.12060133,0.01122451,-0.0008076114,0.00027128475,-0.0018472747,-0.0029655478,0.0025939085,-2.8816874e-05,-2.3254252e-06,-0.0003888607,0.072572954,-0.0044494383,0.0034365826,-0.09641521,-0.017170195,-0.016851598,-0.00095420436,0.0,0.0,-0.07865759,-0.17518713,-0.012199642,-0.003557119,0.0,0.0005201276,-0.000102375736,-0.18563446,-0.033465352,-0.000169137,0.004550391,-0.0065137986,-0.0029831724,0.0017612072,0.0,-0.15095098,0.0015618203,-0.00040820174,-0.00027650304,0.06209222,-0.0013835803
187,-0.015286818,0.0,0.0011307407,-0.011124549,9.1980444e-05,-0.0023874808,0.0072488836,-0.0006110127,-0.22472143,-0.014788035,-0.0013338625,-0.0005678988,0.0,0.0,0.0,7.6855475e-05,-0.07459527,-0.00055179803,0.0,-0.0014254453,0.010697728,0.0013616353,-0.0024849852,0.16455092,0.014706608,-0.0001977745,0.00027128475,-0.00403825,-0.0020967426,-0.0057107974,0.0012217603,-0.00030037045,-0.00010926255,0.040502068,-0.0036287187,0.0033965716,-0.085077114,0.027898662,-0.014370928,-0.0008746208,0.0,0.0,0.093144596,-0.14961043,-0.010226449,0.017801648,0.0,0.0033442294,-0.000102375736,-0.329013,-0.017176019,-0.00073358836,-0.01629234,-0.0062970086,-0.0029831724,0.0017612072,0.0,-0.26477817,0.0008040952,-1.5474478e-05,0.005298117,0.032483045,-0.0022396836
188,-0.014405412,0.0,0.0011307407,-0.010695373,-0.0015572418,-0.0023874808,0.0063960995,-7.015175e-05,-0.20622948,-0.014928972,0.0020317135,-0.00011040977,0.0,0.0,0.0,5.8168927e-05,-0.061881904,0.009044559,0.0,-0.0014254453,0.0083121415,-5.0971445e-05,-0.0016134282,0.17643975,0.013065481,-0.0001977745,0.00027128475,-0.00403825,-0.0022504572,-0.0057107974,-0.00024643843,-0.00030037045,-0.00010926255,0.045418344,-0.0044494383,0.0033965716,-0.08575688,0.030879099,-0.02061849,-0.0008746208,0.0,0.0,-0.03121823,-0.14356591,-0.012199642,0.017801648,0.0,0.0033442294,-0.000102375736,-0.26769283,-0.018545263,-0.00073358836,-0.01629234,-0.0062970086,-0.0029831724,0.0017612072,0.0,-0.21625757,0.0015618203,-1.5474478e-05,-0.00079342426,0.03526025,-0.0022396836
189,-0.0065741744,0.0,0.0011307407,-0.019457923,9.1980444e-05,-0.002376134,0.0073188604,-0.0055016214,-0.24754441,-0.014807757,-0.0013338625,-0.0005678988,0.0,0.0,0.0,-0.003933706,-0.07459527,-0.00055179803,0.0,-0.0012663378,0.010697728,0.0013616353,-0.0024849852,0.13638534,0.016262054,-0.0001977745,0.00014364651,-0.00403825,-0.0030521636,0.0025939085,0.0040667932,-0.000621784,-0.00010926255,0.031095687,-0.0013943014,0.0033965716,0.111825414,0.030688599,-0.014370928,-0.00032708232,0.0,0.0,0.089604765,-0.11800444,-0.008161688,0.017801648,0.0,0.0033442294,-0.000102375736,-0.45214683,-0.018801646,-0.00073358836,-0.010818579,-0.0062970086,-0.002017379,0.008281928,0.0,-0.33619407,0.0008040952,1.9804022e-05,-0.0011974529,0.029375814,-0.0013428227
190,-0.0009468834,0.0,0.0022524595,-0.008862567,0.00045964296,-0.0024328914,0.0038979717,-7.015175e-05,-0.09232588,-0.0035073415,0.0001492801,-0.00011040977,0.0,0.0,0.0,5.8168927e-05,-0.025942186,7.780861e-05,0.0,-0.0012366981,0.0027645868,0.0012648392,-0.0007265513,-0.12455784,0.009737579,-0.0010697764,0.00027128475,-0.0012661478,-0.0067092148,-0.001499688,0.001439382,-2.3254252e-06,-8.170852e-05,-0.02998726,-0.0044494383,0.00063123147,-0.107785754,-0.032215893,-0.017377846,-0.00095420436,0.0,0.0,-0.084296316,-0.218807,-0.003172952,-0.003557119,0.0,0.0005201276,-0.000102375736,-0.18339066,-0.03463333,-0.000169137,0.007346302,-0.0021188613,-0.0007186803,0.0017612072,0.0,-0.15194754,-0.0018412904,-0.00040820174,-0.0021424298,-0.042936787,-0.0013835803
191,-0.0006504698,0.0,0.0022524595,-0.007601647,0.00045964296,-0.0023874808,-0.047065184,-0.005386394,-0.06833799,-0.0035073415,0.0001492801,-0.00011040977,0.0,0.0,0.0,-0.0029003767,-0.022521676,7.780861e-05,0.0,-0.0036447921,0.0027645868,0.0012648392,-0.0007265513,-0.11596201,0.008785212,-0.0013676862,0.00027128475,-0.0018472747,-0.0029655478,-0.001499688,9.699457e-05,-2.3254252e-06,-0.0003888607,0.074487284,-0.0044494383,0.0033276365,-0.097861186,-0.022868317,-0.016035458,-0.00095420436,0.0,0.0,-0.071453124,-0.16774245,-0.012199642,-0.003557119,0.0,0.0005201276,3.3630393e-05,-0.17623273,-0.032701384,-0.000169137,0.007346302,-0.0021188613,-0.0029831724,0.0017612072,0.0,-0.1426085,0.0015618203,-0.00040820174,0.01613136,0.05873968,-0.00014842558
192,-0.0006504698,0.0,0.0022524595,-0.0077418336,0.00045964296,-0.0023874808,-0.047065184,-0.0052281036,-0.06833799,-0.0035073415,-0.00040794368,-0.00011040977,0.0,0.0,0.0,-0.0029003767,-0.022521676,7.780861e-05,0.0,-0.0036447921,0.0027645868,0.0012648392,-0.0007265513,-0.11979607,0.008785212,-0.0013676862,0.00027128475,-0.0018472747,-0.0032967727,-0.001499688,-0.009770084,-0.00015609548,-0.0003888607,0.054192826,-0.0044494383,0.0033276365,-0.09573708,-0.02514546,-0.016035458,-0.00095420436,0.0,0.0,-0.07157025,-0.17220305,-0.012465965,-0.003557119,0.0,0.0005201276,3.3630393e-05,-0.17142187,-0.032701384,-0.000169137,0.007346302,-0.0021188613,-0.0029831724,0.0017612072,0.0,-0.14318594,-0.0018412904,-0.00040820174,-0.0015737796,0.05369838,-0.00014842558
193,-0.012481759,0.0,0.0022524595,-0.007601647,0.00045964296,-0.0023874808,-0.004111076,-0.004943043,-0.07282517,-0.0035073415,0.0001492801,-0.00011040977,0.0,0.0,0.0,-0.0029003767,-0.025942186,7.780861e-05,0.0,-0.0036447921,0.0027645868,0.0012648392,-0.0007265513,-0.117485024,0.009737579,-0.0013676862,-0.0007841112,-0.0018472747,-0.0029655478,-0.001499688,9.699457e-05,-2.3254252e-06,-0.0003888607,0.07430029,-0.003176902,0.0033276365,-0.09919765,-0.025839873,-0.016035458,-0.00095420436,0.0,0.0,-0.077118,-0.17028664,-0.012199642,-0.003557119,0.0,0.0005201276,3.3630393e-05,-0.18026057,-0.033839274,-0.000169137,0.007346302,-0.0021188613,-0.0029831724,0.0017612072,0.0,-0.1455972,0.0015618203,-0.00040820174,0.01613136,0.056293238,-0.00014842558
194,-0.012481759,0.0,0.0022524595,-0.007601647,0.00045964296,-0.0023874808,-0.004111076,-7.015175e-05,-0.07282517,-0.0035073415,0.0001492801,-0.00011040977,0.0,0.0,0.0,5.8168927e-05,-0.025942186,7.780861e-05,0.0,-0.0036447921,0.0027645868,0.0012648392,-0.0007265513,-0.12199343,0.009737579,-0.0013676862,0.00027128475,-0.0018472747,-0.0029655478,-0.001499688,0.001439382,-2.3254252e-06,-0.0003888607,0.07430029,-0.0044494383,0.0034365826,-0.099387,-0.025839873,-0.017377846,-0.00095420436,0.0,0.0,-0.07988073,-0.17810142,-0.012199642,-0.003557119,0.0,0.0005201276,3.3630393e-05,-0.18038325,-0.033839274,-0.000169137,0.007346302,-0.0021188613,-0.0029831724,0.0017612072,0.0,-0.14517811,0.0015618203,-0.00040820174,-0.00027650304,0.061199322,-0.00014842558
195,0.0002636541,0.0,0.0016479281,-0.006248729,0.00045964296,-0.0023874808,-0.045437988,-0.00035521225,-0.13778885,-0.0075886087,0.0020317135,-0.00011040977,0.0,0.0,0.0,5.8168927e-05,-0.03192595,0.0040992876,0.0,-0.0036447921,0.0054325443,-0.00014776754,-0.0007265513,0.10791101,0.009636545,-0.00082366617,0.00027128475,-0.0018472747,-0.0024165986,-0.001499688,0.001439382,0.00017365097,-0.0003888607,0.07174663,-0.0044494383,-0.0024697937,-0.088686205,-0.022868317,-0.019446211,-0.0008746208,0.0,0.0,-0.07802288,-0.17155641,-0.012199642,-0.006153207,0.0,0.0030066771,-0.000102375736,-0.18156414,-0.022432243,-0.000169137,0.0133150285,-0.0021188613,-0.0029831724,0.0017612072,0.0,-0.14321154,-0.005568632,-0.00040820174,0.0005038524,0.066862926,-0.00014842558
196,-0.0009468834,0.0,0.0022524595,-0.008862567,0.00045964296,-0.0024328914,-0.045787957,-0.0052281036,-0.08248752,-0.0035073415,0.0001492801,-0.00011040977,0.0,0.0,0.0,-0.0029003767,-0.022521676,7.780861e-05,0.0,-0.0012366981,0.0027645868,-0.00014776754,-0.0007265513,-0.12442692,0.008785212,-0.0016298512,-0.0007841112,-0.0012661478,-0.0067092148,-0.001499688,0.001439382,-2.3254252e-06,-8.170852e-05,-0.028099705,-0.003176902,0.00063123147,-0.1068665,-0.028060924,-0.017377846,-0.00095420436,0.0,0.0,-0.07949201,-0.20213743,-0.003172952,-0.003557119,0.0,0.0005201276,-0.000102375736,-0.17739393,-0.03349544,-0.000169137,0.007346302,-0.0021188613,-0.0007186803,0.0017612072,0.0,-0.14318594,-0.0018412904,-0.00040820174,-0.0021424298,-0.04138324,-0.00014842558
197,0.00094159995,0.0,0.0011307407,-0.011124549,9.1980444e-05,-0.0023874808,0.0072488836,-0.0006110127,-0.22472143,-0.014928972,0.00048810444,-0.0005678988,0.0,0.0,0.0,7.6855475e-05,-0.07459527,0.009044559,0.0,-0.0014254453,0.010697728,-5.0971445e-05,-0.0016134282,0.16209827,0.014514334,-0.0001977745,0.00027128475,-0.00403825,-0.0031386353,-0.0057107974,-0.00024643843,-0.00030037045,-0.00010926255,0.037859045,-0.0023532177,0.003505518,-0.08140218,0.027898662,-0.02061849,-0.0008135495,0.0,0.0,0.097749494,-0.14702734,-0.010226449,0.017801648,0.0,0.0033442294,-0.000102375736,-0.3134377,-0.016965616,-0.00073358836,-0.01629234,-0.0062970086,-0.0029831724,0.0017612072,0.0,-0.26477817,-0.006326357,-1.5474478e-05,0.005298117,0.03235263,-0.0022396836
198,0.0002636541,0.0,0.0016479281,-0.007847539,-0.0015572418,-0.0023874808,0.0018652084,-0.004943043,-0.16092762,-0.0077295452,0.0020317135,-0.00011040977,0.0,0.0,0.0,-0.0029003767,-0.038250357,0.0040992876,0.0,-0.0036447921,0.0054325443,-0.00014776754,-0.0007265513,0.10531519,0.01058891,-0.00026359133,0.00027128475,-0.0017385783,-0.0024165986,-0.0057107974,0.001439382,0.00017365097,-0.0003888607,0.070030645,-0.0044494383,-0.0024697937,-0.08825441,0.0004086569,-0.018919963,-0.0008746208,0.0,0.0,-0.07356328,-0.16212346,-0.012199642,0.024232198,0.0,0.0030066771,-0.000102375736,-0.19024041,-0.021316899,-0.00073358836,0.0076243086,-0.0065137986,-0.0029831724,0.0017612072,0.0,-0.17029175,-0.005568632,-1.5474478e-05,-0.00079342426,0.059887398,-0.0013835803
199,-0.012481759,0.0,0.0022524595,-0.007601647,0.00045964296,-0.0023874808,0.0024098994,-7.015175e-05,-0.090949915,-0.0035073415,0.0001492801,-0.00011040977,0.0,0.0,0.0,5.8168927e-05,-0.025942186,7.780861e-05,0.0,-0.0036447921,0.0027645868,0.0012648392,-0.0007265513,-0.119225375,0.009737579,-0.0008076114,-0.0007841112,-0.0018472747,-0.0029655478,-0.001499688,0.001439382,-2.3254252e-06,-0.0003888607,0.06987042,-0.003176902,0.0033276365,-0.098456316,-0.027023286,-0.017377846,-0.00095420436,0.0,0.0,-0.08037738,-0.1791898,-0.012199642,-0.003557119,0.0,0.0005201276,3.3630393e-05,-0.18038325,-0.03463333,-0.000169137,0.007346302,-0.0021188613,-0.0029831724,0.0017612072,0.0,-0.149152,-0.005568632,-0.00040820174,-0.0015737796,0.05977619,-0.0013835803
250,0.005121365,0.0,0.00508062,-0.026382314,-0.006727787,0.0001154213,0.026492529,0.0009211898,0.065720856,-0.0017007211,-0.0013338625,-3.711055e-05,0.0,0.0,0.0,7.6855475e-05,0.016943937,-0.0007578486,0.0,0.00032421047,-0.019604433,0.0004384112,-0.00027172227,0.16198361,0.050723348,0.0018509205,0.0004254509,-0.00061291724,-0.0010353144,-0.0057107974,0.0013403193,0.00090940244,-0.00010926255,0.006772288,0.005805243,0.0005616078,0.21578392,0.05537143,-0.009709323,-0.00057256105,0.0,0.0,0.16109467,0.37427613,-0.0036266383,0.014921772,0.0,0.00054692826,-5.609441e-05,0.10774527,0.1354192,-5.143743e-05,-0.006089593,-0.006257957,0.003540569,-0.0016317632,0.0,0.053767174,0.0016871544,0.00014183216,-7.735728e-05,0.009382756,0.004141545
251,0.005121365,0.0,0.00508062,-0.026382314,-0.006727787,0.0001154213,0.026492529,0.0009211898,0.066802435,-0.0017007211,-0.0013338625,-3.711055e-05,0.0,0.0,0.0,7.6855475e-05,0.016943937,-0.0007578486,0.0,0.00032421047,-0.019604433,0.0004384112,-0.00027172227,0.16177179,0.050723348,0.0018509205,0.0004254509,-0.00061291724,-0.0010353144,-0.0057107974,0.0013403193,0.00090940244,-0.00010926255,0.006772288,0.005805243,0.0005616078,0.21578392,0.05537143,-0.009709323,-0.00057256105,0.0,0.0,0.16109467,0.37427613,-0.0036266383,0.014921772,0.0,-0.00032284364,-5.609441e-05,0.10774527,0.1354192,-5.143743e-05,-0.006089593,-0.006257957,0.003540569,-0.0016317632,0.0,0.053767174,0.0016871544,0.00014183216,-7.735728e-05,0.009382756,0.004141545
252,0.004493761,0.0,0.00508062,0.00575427,0.0019496521,0.0001154213,0.017179187,0.0004976122,0.0938869,-0.001681,-0.0055521447,-1.7086602e-05,0.0,0.0,0.0,5.8168927e-05,0.018649345,-0.0007578486,0.0,0.00016510286,-0.015109408,0.00096868974,-0.00023221885,0.18000089,0.04254296,-0.0002683327,0.0015546875,-0.00061291724,-0.001572384,-0.0057107974,0.0008581831,0.0009239557,-0.00010926255,0.010397912,0.017051365,-0.0010864037,-0.14456604,-0.023478663,-0.009709323,-0.0010590283,0.0,0.0,-0.06823529,0.4087434,-0.007664593,0.016873674,0.0,0.00054692826,1.8426988e-05,0.070228636,0.1971011,-5.143743e-05,-0.0046663336,-0.006257957,0.0077418494,-0.00070246425,0.0,0.040324718,0.0017262277,0.00010655366,-0.0005395828,0.018781308,0.009795231
253,0.005257475,0.0,0.00508062,-0.026382314,-0.006727787,0.0001154213,0.026492529,0.0009211898,0.066802435,-0.0017007211,-0.0013338625,-3.711055e-05,0.0,0.0,0.0,7.6855475e-05,0.016943937,-0.0007578486,0.0,0.00032421047,-0.019604433,0.0004384112,-0.00027172227,0.16366999,0.050723348,-0.0002683327,0.0004254509,-0.00061291724,-0.0013075348,-0.0057107974,0.0015552321,0.00090940244,-0.00010926255,0.006772288,0.005805243,0.0005616078,0.21584731,0.05537143,-0.009709323,-0.00057256105,0.0,0.0,0.16096544,0.37446132,-0.0036266383,0.014921772,0.0,-0.00032284364,-5.609441e-05,0.107453816,0.1354192,-5.143743e-05,-0.006089593,-0.006257957,0.003540569,-0.0016317632,0.0,0.054326292,0.0016871544,0.00014183216,-0.0005072715,0.009567926,0.004141545
254,0.005257475,0.0,0.00508062,-0.026382314,-0.006727787,0.0001154213,0.026380403,0.0009211898,0.066802435,-0.0017007211,-0.0013338625,-3.711055e-05,0.0,0.0,0.0,7.6855475e-05,0.016943937,-0.0007578486,0.0,0.00032421047,-0.019604433,0.0004384112,-0.00027172227,0.16366999,0.050723348,-0.0002683327,0.0004254509,-0.00061291724,-0.0013075348,-0.0057107974,0.0017645821,0.00090940244,-0.00010926255,0.006772288,0.005805243,0.0005616078,0.21584731,0.05537143,-0.009709323,-0.00057256105,0.0,0.0,0.16115072,0.3744915,-0.0036266383,0.014921772,0.0,-0.00032284364,-5.609441e-05,0.10723572,0.1354192,-5.143743e-05,-0.006089593,-0.006257957,0.0036097807,-0.0016317632,0.0,0.053767174,0.0016871544,0.00014183216,-7.735728e-05,0.00953332,0.004141545
255,0.005121365,0.0,0.00508062,-0.014621263,0.0035988744,0.0001154213,0.024883578,0.0009211898,0.06384913,-0.0017007211,-0.0013338625,-3.711055e-05,0.0,0.0,0.0,7.6855475e-05,0.016943937,0.008838509,0.0,-0.0011269004,0.010697728,0.0006308956,-0.00027172227,0.16457048,0.051264185,-0.0002683327,0.0004254509,-0.00061291724,0.019502735,-0.0057107974,0.0008461165,0.0002844036,-0.00010926255,0.0015493394,0.005805243,0.0005616078,0.18903236,0.04556415,-0.0023120786,-0.00057256105,0.0,0.0,0.15821925,0.37854016,-0.0036266383,0.014921772,0.0,0.00054692826,-5.609441e-05,-0.08544112,0.1347689,-5.143743e-05,-0.032116354,-0.006257957,-0.00090175366,-0.008249152,0.0,0.054326292,0.0016871544,0.00014183216,-0.0005072715,0.003977878,0.004141545
256,0.005121365,0.0,0.00508062,-0.04214446,0.0035988744,0.0001154213,0.024771452,0.0009211898,0.06384913,-0.0017007211,-0.0013338625,-3.711055e-05,0.0,0.0,0.0,7.6855475e-05,0.016943937,-0.0007578486,0.0,-0.0011269004,-0.0003163903,0.0006308956,-0.00027172227,0.15706846,0.050723348,-0.0002683327,0.0004254509,-0.00061291724,0.019502735,-0.0057107974,0.0008461165,0.0002844036,-0.00010926255,0.0015493394,0.005805243,0.0005616078,0.18903236,0.04556415,-0.009709323,-0.00057256105,0.0,0.0,0.15827534,0.35916525,-0.0036266383,0.014921772,0.0,0.00054692826,-5.609441e-05,-0.08467568,0.1347689,-5.143743e-05,-0.032116354,-0.006257957,-0.00090175366,-0.008249152,0.0,0.054326292,0.0016871544,0.00014183216,-0.0005072715,0.003977878,0.004141545
257,0.005121365,0.0,0.00508062,-0.014621263,0.0035988744,0.0001154213,0.024883578,0.0009211898,0.06384913,-0.0017007211,-0.0013338625,-3.711055e-05,0.0,0.0,0.0,7.6855475e-05,0.016943937,0.008838509,0.0,-0.0011269004,0.010697728,0.0006308956,-0.00027172227,0.16457048,0.050723348,-0.0002683327,0.0004254509,-0.00061291724,0.017659793,-0.0057107974,0.0008461165,0.0002844036,-0.00010926255,0.0015493394,0.005805243,0.0005616078,0.18903236,0.046485618,-0.0023120786,-0.00057256105,0.0,0.0,0.15834847,0.3783716,-0.0036266383,0.014921772,0.0,0.00054692826,-5.609441e-05,-0.084731735,0.1347689,-5.143743e-05,-0.032116354,-0.006257957,-0.00090175366,-0.008249152,0.0,0.053767174,0.0016871544,0.00014183216,-7.735728e-05,0.004899347,0.004141545
258,0.005121365,0.0,0.00508062,-0.04214446,0.0035988744,0.0001154213,0.024883578,0.0009211898,0.06384913,-0.0017007211,-0.0013338625,-3.711055e-05,0.0,0.0,0.0,7.6855475e-05,0.016943937,-0.0007578486,0.0,-0.0011269004,0.010697728,0.0006308956,-0.00027172227,0.16104425,0.050723348,-0.0002683327,0.0004254509,-0.00061291724,0.019502735,-0.0057107974,0.0008461165,0.0002844036,-0.00010926255,0.0059013907,0.005805243,0.0005616078,0.18903236,0.04556415,-0.0057286276,-0.00057256105,0.0,0.0,0.15821925,0.3541427,-0.0036266383,0.014921772,0.0,0.00054692826,-5.609441e-05,-0.084731735,0.1347689,-5.143743e-05,-0.032116354,-0.006257957,-0.00090175366,-0.008249152,0.0,0.054326292,0.0016871544,0.00014183216,-0.0005072715,0.0046484135,0.004141545
259,0.005121365,0.0,0.00508062,-0.014621263,0.0035988744,0.0001154213,0.024771452,0.0009211898,0.06384913,-0.0017007211,-0.0013338625,-3.711055e-05,0.0,0.0,0.0,7.6855475e-05,0.016943937,0.008838509,0.0,-0.0011269004,0.010697728,0.0006308956,-0.00027172227,0.16205432,0.050723348,-0.0002683327,0.0004254509,-0.00061291724,0.019502735,-0.0057107974,0.0008461165,0.0002844036,-0.00010926255,0.017887613,0.005805243,0.0005616078,0.18903236,0.042674128,-0.0023120786,-0.00057256105,0.0,0.0,0.15827534,0.36263812,-0.0036266383,0.014921772,0.0,0.00054692826,-5.609441e-05,-0.08467568,0.1347689,-5.143743e-05,-0.032116354,-0.006257957,-0.00090175366,-0.008249152,0.0,0.054326292,0.0016871544,0.00014183216,-0.0005072715,0.0087793395,0.004141545
260,0.005121365,0.0,0.00508062,-0.00843379,-0.0014581572,0.0005533799,0.03465206,0.001239541,0.050211225,0.0077877026,-0.0013338625,-3.711055e-05,0.0,0.0,0.0,0.00031905598,0.0116205225,0.004099873,0.0,-0.0011269004,-0.005806243,0.0005477939,-0.00027172227,0.1333189,0.050723348,0.0013555875,0.0004254509,-0.00061291724,0.019502735,-0.002030258,0.0014352177,0.00090940244,-0.00010926255,-0.0005255509,0.0058497097,0.0005616078,0.22085945,0.053619035,0.04684727,-0.00057256105,0.0,0.0,0.14877105,0.49309042,-0.0035767227,0.014023069,0.0,0.006749973,-5.609441e-05,0.21004124,0.11797371,-5.143743e-05,-0.006089593,-4.525599e-05,-0.00090175366,-0.0016317632,0.0,0.05363019,-0.0020607328,0.0004676539,0.004614885,-0.0040857038,0.004141545
261,0.005121365,0.0,0.00508062,-0.00843379,-0.0014581572,0.0005533799,0.03465206,0.001239541,0.050211225,0.0077877026,-0.0013338625,-3.711055e-05,0.0,0.0,0.0,0.00031905598,0.0116205225,0.004099873,0.0,-0.0011269004,-0.005806243,0.0005477939,-0.00027172227,0.1333189,0.050723348,0.0013555875,0.0004254509,-0.00061291724,0.019502735,-0.002030258,0.0018594805,0.00090940244,-0.00010926255,-0.0005255509,0.0058497097,0.0005616078,0.22092284,0.053619035,0.04684727,-0.00057256105,0.0,0.0,0.14877105,0.49315524,-0.0035767227,0.014023069,0.0,0.006749973,-5.609441e-05,0.20948878,0.11797371,-5.143743e-05,-0.006089593,-4.525599e-05,-0.00090175366,-0.0016317632,0.0,0.05363019,-0.0020607328,0.0004676539,0.004614885,-0.0040857038,0.004141545
262,0.005121365,0.0,0.00508062,-0.00843379,-0.0014581572,0.0005533799,0.036261015,0.001239541,0.050211225,0.0077877026,-0.0013338625,-3.711055e-05,0.0,0.0,0.0,0.00031905598,0.0116205225,0.004099873,0.0,-0.0011269004,-0.005806243,0.0005477939,-0.00027172227,0.1333189,0.050723348,0.0013555875,0.0004254509,-0.00061291724,0.019502735,-0.002030258,0.0018594805,0.00090940244,-0.00010926255,-0.0017337485,0.0058497097,0.0005616078,0.22092284,0.053619035,0.04684727,-0.00057256105,0.0,0.0,0.1483703,0.49315524,-0.0035767227,0.014023069,0.0,0.006749973,-5.609441e-05,0.20948878,0.11797371,-5.143743e-05,-0.006089593,-4.525599e-05,-0.00090175366,-0.0016317632,0.0,0.05363019,-0.0020607328,0.0004676539,0.004614885,-0.0040857038,0.004141545
263,0.005121365,0.0,0.00508062,-0.00843379,-0.0014581572,0.0005533799,0.03465206,0.001239541,0.050211225,0.0077877026,-0.0013338625,-3.711055e-05,0.0,0.0,0.0,0.00031905598,0.0116205225,0.004099873,0.0,-0.0011269004,-0.005806243,0.0005477939,-0.00027172227,0.1333189,0.050723348,0.0013555875,0.0004254509,-0.00061291724,0.019502735,-0.002030258,0.0016501305,0.00090940244,-0.00010926255,-0.0005255509,0.0058497097,0.0005616078,0.22092284,0.053619035,0.04684727,-0.00057256105,0.0,0.0,0.14877105,0.49309042,-0.0035767227,0.014023069,0.0,0.006749973,-5.609441e-05,0.20976293,0.11797371,-5.143743e-05,-0.006089593,-4.525599e-05,-0.00090175366,-0.0016317632,0.0,0.05363019,-0.0020607328,0.0004676539,0.004614885,-0.0040857038,0.004141545
264,0.005121365,0.0,0.00508062,-0.00843379,-0.0014581572,0.0005533799,0.03465206,0.001239541,0.050211225,0.0077877026,-0.0013338625,-3.711055e-05,0.0,0.0,0.0,0.00031905598,0.0116205225,0.004099873,0.0,-0.0011269004,-0.005806243,0.0005477939,-0.00027172227,0.1333189,0.050723348,0.0013555875,0.0004254509,-0.00061291724,0.019502735,-0.002030258,0.0014352177,0.00090940244,-0.00010926255,-0.0005255509,0.0058497097,0.0005616078,0.22085945,0.053619035,0.04684727,-0.00057256105,0.0,0.0,0.14877105,0.49309042,-0.0035767227,0.014023069,0.0,0.006749973,-5.609441e-05,0.21004124,0.11797371,-5.143743e-05,-0.006089593,-4.525599e-05,-0.00090175366,-0.0016317632,0.0,0.05363019,-0.0020607328,0.0004676539,0.004614885,-0.0040857038,0.004141545
265,6.0191363e-05,0.0,0.021878319,-0.0052347532,0.00045964296,0.00010407438,0.0046617812,0.0004976122,0.098064564,-0.0008075511,-0.00040794368,-1.7086602e-05,0.0,0.0,0.0,5.8168927e-05,0.029926166,0.010596084,0.0,-0.0036447921,0.0027645868,0.00024205932,-0.00012462793,-0.14916356,0.021870296,-0.0008076114,0.0015546875,-0.0012173905,0.034055125,-0.0057107974,0.0004001735,0.00016566459,-0.0003888607,-0.022586826,0.017051365,0.0016330713,-0.16428444,-0.036925357,-0.021250423,-0.0018545807,0.0,0.0,-0.12388219,-0.32531923,-0.012199642,0.04340153,0.0,0.00023463639,-0.000102375736,-0.023826262,0.37062263,-2.64441e-05,0.0045637824,-0.0063248808,-0.0029831724,0.0017612072,0.0,0.04140033,-0.005404224,0.0009474497,-0.0011412879,0.018842842,0.008336948
266,6.0191363e-05,0.0,0.021878319,-0.0052347532,0.00045964296,0.00010407438,0.004450938,0.0004976122,0.08597884,-0.00094848796,-0.00040794368,-1.7086602e-05,0.0,0.0,0.0,5.8168927e-05,0.025270961,0.010596084,0.0,-0.0036447921,0.0027645868,0.00024205932,-0.00012462793,-0.14916356,0.021870296,-0.0008076114,0.0015546875,-0.0012173905,0.037563473,-0.0057107974,-0.0009422139,0.00016566459,-0.0003888607,-0.022415254,0.017051365,0.0016330713,-0.16431506,-0.037059132,-0.019908037,-0.0018545807,0.0,0.0,-0.123924844,-0.33670235,-0.012199642,-0.005138348,0.0,0.00023463639,-0.000102375736,-0.023873001,0.37600595,-2.64441e-05,0.0045637824,-0.0063248808,-0.0029831724,0.0017612072,0.0,0.04140033,-0.005404224,0.0034124423,-0.0011412879,0.014590559,0.008336948
267,0.00042014214,0.0,0.0022524595,-0.0068261977,0.00045964296,-0.0017410136,0.0050704395,0.0004976122,0.08597884,-0.00094848796,0.0001492801,-1.7086602e-05,0.0,0.0,0.0,5.8168927e-05,0.021657526,0.0003653857,0.0,-0.0012366981,0.0027645868,0.00024205932,-0.00012462793,-0.16443771,0.021870296,0.0061644185,-0.00449361,-0.0006362637,-0.0062342407,-0.001499688,0.0004001735,0.00016566459,-8.170852e-05,-0.02631668,0.013331,-0.0010633336,-0.17197345,-0.04231101,-0.020948207,-0.0018545807,0.0,0.0,-0.12831928,-0.3643473,-0.003172952,-0.005138348,0.0,0.00023463639,3.3630393e-05,-0.022709973,0.39165407,-2.64441e-05,0.0053630853,-0.0019299436,-0.0007186803,0.0017612072,0.0,0.009477825,-0.001676883,0.0034124423,-0.0020471164,-0.041552305,0.008336948
268,0.005121365,0.0,0.00508062,-0.04214446,0.0035988744,0.0001154213,0.024883578,0.0009211898,0.06384913,-0.0017007211,-0.0013338625,-3.711055e-05,0.0,0.0,0.0,7.6855475e-05,0.016943937,0.008838509,0.0,-0.0011269004,0.010697728,0.0006308956,-0.00027172227,0.16457048,0.051264185,-0.0002683327,0.0004254509,-0.00061291724,0.017659793,-0.0057107974,0.0006367664,0.0002844036,-0.00010926255,0.0015493394,0.005805243,0.0005616078,0.18903236,0.046485618,-0.0023120786,-0.00057256105,0.0,0.0,0.15834847,0.359269,-0.0036266383,0.014921772,0.0,0.00054692826,-5.609441e-05,-0.08516696,0.1347689,-5.143743e-05,-0.032116354,-0.006257957,-0.00090175366,-0.008249152,0.0,0.053767174,0.0016871544,0.00014183216,-7.735728e-05,0.004899347,0.004141545
269,0.005121365,0.0,0.00508062,-0.014621263,0.0035988744,0.0001154213,0.024883578,0.0009211898,0.06384913,-0.0017007211,-0.0013338625,-3.711055e-05,0.0,0.0,0.0,7.6855475e-05,0.016943937,0.008838509,0.0,-0.0011269004,0.010697728,0.0006308956,-0.00027172227,0.16457048,0.051264185,-0.0002683327,0.0004254509,-0.00061291724,0.019502735,-0.0057107974,0.0008461165,0.0002844036,-0.00010926255,0.0033590782,0.005805243,0.0005616078,0.18903236,0.04556415,-0.0023120786,-0.00057256105,0.0,0.0,0.15834847,0.3723491,-0.0036266383,0.014921772,0.0,0.00054692826,-5.609441e-05,-0.08544112,0.1347689,-5.143743e-05,-0.032116354,-0.006257957,-0.00090175366,-0.008249152,0.0,0.053767174,-0.0054432973,0.00014183216,-7.735728e-05,0.0046484135,0.004141545
270,0.005257475,0.0,0.00508062,-0.014621263,0.0035988744,0.0001154213,0.034484945,0.0009211898,0.06514743,-0.0017007211,-0.0013338625,-3.711055e-05,0.0,0.0,0.0,7.6855475e-05,0.016943937,-0.0007578486,0.0,0.00032421047,0.010697728,0.0006308956,-0.00027172227,0.15270047,0.051264185,0.0018509205,0.0004254509,-0.00061291724,-0.0013075348,-0.0057107974,0.0010445637,0.0002844036,-0.00010926255,0.009609624,0.005805243,0.0005616078,0.18536974,0.04728469,-0.0043231994,-0.00057256105,0.0,0.0,0.15569474,0.38209632,0.0029716336,0.014921772,0.0,-0.00032284364,-5.609441e-05,-0.05409942,0.13700277,-5.143743e-05,-0.022925586,0.0023742486,0.003540569,-0.008249152,0.0,0.05363019,0.0016871544,0.00014183216,0.0042707985,0.010640893,0.004141545
271,0.005257475,0.0,0.00508062,-0.026382314,0.0035988744,0.0001154213,0.026492529,0.0009211898,0.065720856,-0.0017007211,-0.0013338625,-3.711055e-05,0.0,0.0,0.0,7.6855475e-05,0.016943937,-0.0007578486,0.0,0.00032421047,0.010697728,0.00096868974,-0.00027172227,0.17125069,0.051264185,0.0018509205,0.0004254509,-0.00061291724,-0.0013075348,-0.0057107974,0.0017645821,0.00090940244,-0.00010926255,0.006772288,0.005805243,-0.0010864037,0.21584731,0.05537143,-0.0057286276,-0.00057256105,0.0,0.0,0.1647794,0.3896668,-0.0036266383,0.014921772,0.0,0.00054692826,-5.609441e-05,0.10579695,0.1354192,-5.143743e-05,-0.006089593,-0.006257957,0.003540569,-0.0016317632,0.0,0.054326292,0.0016871544,0.00014183216,-0.0005072715,0.008757198,0.004141545
272,0.005257475,0.0,0.00508062,-0.026382314,-0.006727787,0.0001154213,0.026492529,0.0009211898,0.065720856,-0.0017007211,-0.0013338625,-3.711055e-05,0.0,0.0,0.0,7.6855475e-05,0.016943937,-0.0007578486,0.0,0.00032421047,-0.0003163903,0.00096868974,-0.00027172227,0.16727488,0.051264185,0.0018509205,0.0004254509,-0.00061291724,-0.0013075348,-0.0057107974,0.0017645821,0.00090940244,-0.00010926255,0.006772288,0.005805243,-0.0010864037,0.21584731,0.05537143,-0.009709323,-0.00057256105,0.0,0.0,0.1647794,0.38240576,-0.0036266383,0.014921772,0.0,0.00054692826,-5.609441e-05,0.10579695,0.1354192,-5.143743e-05,-0.006089593,-0.006257957,0.0036097807,-0.0016317632,0.0,0.054326292,0.0016871544,0.00014183216,-0.0005072715,0.008722592,0.004141545
273,0.005257475,0.0,0.00508062,-0.014603237,0.0035988744,0.0001154213,0.024505522,0.0009211898,0.064930715,-0.0017007211,-0.0013338625,-3.711055e-05,0.0,0.0,0.0,7.6855475e-05,0.016943937,0.008838509,0.0,0.00032421047,0.010697728,0.0006308956,-0.00023221885,0.16476579,0.055770602,-0.0002683327,0.0004254509,-0.00061291724,-0.0014194838,-0.0057107974,0.0007729708,0.0002844036,-0.00010926255,0.0077050244,0.005805243,0.0005616078,0.18536974,-0.020589683,-0.00090665044,-0.00057256105,0.0,0.0,0.16037346,0.37442192,0.0029716336,0.016873674,0.0,-0.00032284364,1.8426988e-05,-0.076812536,0.14592308,-5.143743e-05,-0.027272206,0.0023742486,0.0036097807,-0.008249152,0.0,0.05167293,0.0016871544,0.00014183216,-0.0005072715,0.013720769,0.004141545
274,0.005257475,0.0,0.00508062,0.0011408844,0.0035988744,0.0001154213,0.034484945,0.0009211898,0.066802435,-0.0017007211,-0.0013338625,-3.711055e-05,0.0,0.0,0.0,7.6855475e-05,0.016943937,-0.0007578486,0.0,0.00032421047,0.010697728,0.00096868974,-0.00027172227,0.16426185,0.051264185,0.0018509205,0.0004254509,-0.00061291724,-0.0013075348,-0.0057107974,0.0017645821,0.00090940244,-0.00010926255,0.009609624,0.005805243,0.0005616078,0.21314304,0.05537143,-0.0057286276,-0.00057256105,0.0,0.0,0.15861633,0.39737672,0.0029716336,0.014921772,0.0,-0.00032284364,-5.609441e-05,0.10579166,0.13700277,-5.143743e-05,-0.006089593,-0.006257957,0.003540569,-0.0016317632,0.0,0.05363019,0.0016871544,0.00014183216,0.005312374,0.010120105,0.004141545
275,0.004493761,0.0,0.00508062,-0.006096676,0.0019496521,0.0001154213,0.017179187,0.0004976122,0.092214696,-0.001681,-0.0055521447,-1.7086602e-05,0.0,0.0,0.0,5.8168927e-05,0.018649345,0.008838509,0.0,0.00016510286,0.0083121415,0.0006308956,-0.00023221885,0.18109672,0.04254296,-0.0002683327,0.0015546875,-0.00061291724,-0.001572384,-0.0057107974,0.0005397583,0.00029895687,-0.00010926255,0.011015604,0.017051365,0.0005616078,-0.12423976,-0.017609244,-0.0023120786,-0.0010590283,0.0,0.0,-0.07583237,0.3767709,0.006775212,0.016873674,0.0,0.00054692826,1.8426988e-05,-0.060123987,0.1971011,-5.143743e-05,-0.021377908,-0.006257957,0.0076726377,-0.0017542372,0.0,0.040324718,0.0017262277,0.00010655366,-0.0005395828,0.025636796,0.009795231
276,0.004493761,0.0,0.00508062,-0.006096676,0.0019496521,0.0001154213,0.017179187,0.0004976122,0.092214696,-0.001681,-0.0055521447,-1.7086602e-05,0.0,0.0,0.0,5.8168927e-05,0.018649345,0.008838509,0.0,0.00016510286,0.0083121415,0.0006308956,-0.00023221885,0.18109672,0.04254296,-0.0002683327,0.0015546875,-0.00061291724,-0.001572384,-0.0057107974,0.0005397583,0.00029895687,-0.00010926255,0.011015604,0.017051365,-0.0010864037,-0.12423976,-0.017609244,-0.0023120786,-0.0010590283,0.0,0.0,-0.07583237,0.3790445,0.006775212,0.016873674,0.0,0.00054692826,1.8426988e-05,-0.060123987,0.1971011,-5.143743e-05,-0.021377908,-0.006257957,0.0076726377,-0.0017542372,0.0,0.040324718,0.0017262277,0.00010655366,-0.0005395828,0.025011241,0.009795231
277,0.0015932557,0.0,0.00508062,-0.009586045,-0.0015572418,0.0001154213,0.015366498,0.0004976122,0.104507945,-0.001681,-0.0055521447,-1.7086602e-05,0.0,0.0,0.0,5.8168927e-05,0.028555078,0.014488838,0.0,2.5665504e-05,0.0083121415,0.00033885543,-0.00016791091,0.18271254,0.030232077,-0.0001977745,0.0015546875,-0.0013185448,-0.0017773063,-0.0057107974,0.00044067425,0.00031777463,-0.00010926255,0.016615141,0.017051365,0.0030469792,-0.12423976,-0.017609244,-0.0023120786,-0.0010590283,0.0,0.0,-0.07578917,-0.13819733,0.010554878,0.043191515,0.0,0.00054692826,3.3630393e-05,-0.05292612,0.24658106,-5.143743e-05,-0.017036173,-0.006257957,0.012072272,-0.0017542372,0.0,0.028964572,0.0017262277,0.0009474497,-0.00062946253,0.03662065,0.009795231
278,0.005257475,0.0,0.00508062,-0.014621263,0.0035988744,0.0001154213,0.026492529,0.0009211898,0.06384913,-0.0017007211,-0.0013338625,-3.711055e-05,0.0,0.0,0.0,7.6855475e-05,0.016943937,0.008838509,0.0,0.00032421047,0.010697728,0.0006308956,-0.00027172227,0.16497761,0.050723348,-0.0002683327,0.0004254509,-0.00061291724,-0.0013075348,-0.0057107974,0.0008461165,0.0002844036,-0.00010926255,0.007352718,0.005805243,0.0005616078,0.18536974,0.04728469,-0.0023120786,-0.00057256105,0.0,0.0,0.15629521,0.37442192,0.0029716336,0.014921772,0.0,0.00054692826,1.8426988e-05,-0.084731735,0.1354192,-5.143743e-05,-0.032116354,-0.006257957,0.0036097807,-0.008249152,0.0,0.054326292,0.0016871544,0.00014183216,-0.0005072715,0.011362733,0.004141545
279,0.005257475,0.0,0.00508062,-0.014603237,0.0035988744,0.0001154213,0.024505522,0.0009211898,0.06384913,-0.0017007211,-0.0013338625,-3.711055e-05,0.0,0.0,0.0,7.6855475e-05,0.016943937,0.008838509,0.0,0.00032421047,0.010697728,0.0006308956,-0.00023221885,0.16497761,0.055770602,-0.0002683327,0.0004254509,-0.00061291724,-0.0014194838,-0.0057107974,0.0007729708,0.0002844036,-0.00010926255,0.0077050244,0.005805243,0.0006199257,0.18536974,-0.020589683,-0.0023120786,-0.00057256105,0.0,0.0,0.15700248,0.37442738,0.0029716336,0.016873674,0.0,0.00054692826,1.8426988e-05,-0.076812536,0.14592308,-5.143743e-05,-0.027272206,-0.006257957,0.003540569,-0.008249152,0.0,0.05167293,0.0016871544,0.00014183216,-0.0005072715,0.013726216,0.004141545
280,0.0043576513,0.0,0.00508062,-0.0061147017,0.0019496521,0.0001154213,0.019166194,0.0004976122,0.092214696,-0.001681,-0.0055521447,-1.7086602e-05,0.0,0.0,0.0,5.8168927e-05,0.018649345,0.008838509,0.0,-0.0012860079,0.0083121415,0.0006308956,-0.00027172227,0.17772572,0.03749571,-0.0002683327,0.0015546875,-0.00061291724,0.021832846,-0.0057107974,0.0006129039,0.00029895687,-0.00010926255,-0.0038566205,0.017051365,-0.0010864037,-0.12784263,0.048544586,-0.0023120786,-0.0010590283,0.0,0.0,-0.07709344,0.3812198,-0.007664593,0.014921772,0.0,0.00054692826,-5.609441e-05,-0.06872599,0.18594694,-5.143743e-05,-0.026222058,-0.006257957,-0.0018675472,-0.0017542372,0.0,0.042281985,-0.005404224,0.00010655366,0.0062073413,0.005011623,0.009795231
281,0.0043576513,0.0,0.00508062,-0.0061147017,0.0019496521,0.0001154213,0.019166194,0.0004976122,0.092214696,-0.001681,-0.0055521447,-1.7086602e-05,0.0,0.0,0.0,5.8168927e-05,0.018649345,0.008838509,0.0,-0.0012860079,0.0083121415,0.0006308956,-0.00027172227,0.18068957,0.03749571,-0.0002683327,0.0015546875,-0.00061291724,0.021832846,-0.0057107974,0.0006129039,0.00029895687,-0.00010926255,-0.0038566205,0.017051365,-0.0010864037,-0.12824912,0.048544586,-0.0023120786,-0.0010590283,0.0,0.0,-0.07709344,0.38179109,-0.007664593,0.014921772,0.0,0.00054692826,-5.609441e-05,-0.06875044,0.18594694,-5.143743e-05,-0.026222058,-0.006257957,-0.0018675472,-0.0017542372,0.0,0.042978086,-0.005404224,0.00010655366,-0.0005395828,0.007958244,0.009795231
282,0.0043576513,0.0,0.00508062,-0.0061147017,0.0019496521,0.0001154213,0.019166194,0.0004976122,0.092214696,-0.001681,-0.0055521447,-1.7086602e-05,0.0,0.0,0.0,5.8168927e-05,0.018649345,0.008838509,0.0,-0.0012860079,0.0083121415,0.0006308956,-0.00027172227,0.18068957,0.03749571,-0.0002683327,0.0015546875,-0.00061291724,0.021832846,-0.0057107974,0.0006129039,0.00029895687,-0.00010926255,-0.0038566205,0.017051365,-0.0010864037,-0.12824912,0.048544586,-0.0023120786,-0.0010590283,0.0,0.0,-0.07709344,0.38179109,-0.007664593,0.014921772,0.0,0.00054692826,-5.609441e-05,-0.06875044,0.18594694,-5.143743e-05,-0.026222058,-0.006257957,-0.0018675472,-0.0017542372,0.0,0.042978086,-0.005404224,0.00010655366,-0.0005395828,0.007958244,0.009795231
283,0.0043576513,0.0,0.00508062,-0.0061147017,0.0019496521,0.0001154213,0.019166194,0.0004976122,0.092214696,-0.001681,-0.0055521447,-1.7086602e-05,0.0,0.0,0.0,5.8168927e-05,0.018649345,0.008838509,0.0,-0.0012860079,0.0083121415,0.0006308956,-0.00027172227,0.18068957,0.03749571,-0.0002683327,0.0015546875,-0.00061291724,0.021832846,-0.0057107974,0.0006129039,0.00029895687,-0.00010926255,-0.0038566205,0.017051365,-0.0010864037,-0.12824912,0.048544586,-0.0023120786,-0.0010590283,0.0,0.0,-0.07709344,0.38179109,-0.007664593,0.014921772,0.0,0.00054692826,-5.609441e-05,-0.06875044,0.18594694,-5.143743e-05,-0.026222058,-0.006257957,-0.0018675472,-0.0017542372,0.0,0.042978086,-0.005404224,0.00010655366,-0.0005395828,0.007958244,0.009795231
284,0.0043576513,0.0,0.00508062,-0.0061147017,0.0019496521,0.0001154213,0.018955352,0.0004976122,0.092214696,-0.001681,-0.0055521447,-1.7086602e-05,0.0,0.0,0.0,5.8168927e-05,0.018649345,0.008838509,0.0,-0.0012860079,0.0083121415,0.0006308956,-0.00027172227,0.18068957,0.03749571,-0.0002683327,0.0015546875,-0.00061291724,0.021832846,-0.0057107974,0.0006129039,0.00029895687,-0.00010926255,-0.0038566205,0.017051365,-0.0010864037,-0.12824912,0.048544586,-0.0023120786,-0.0010590283,0.0,0.0,-0.077136084,0.38179109,-0.007664593,0.014921772,0.0,0.00054692826,-5.609441e-05,-0.06849695,0.18594694,-5.143743e-05,-0.026222058,-0.006257957,-0.0018675472,-0.0017542372,0.0,0.042978086,-0.005404224,0.00010655366,-0.0005395828,0.007958244,0.009795231
285,0.005121365,0.0,0.00508062,-0.012752678,-0.0014581572,0.0001154213,0.026492529,0.001239541,0.048097637,0.0077877026,-0.0013338625,-3.711055e-05,0.0,0.0,0.0,0.00031905598,0.0116205225,0.004099873,0.0,-0.0011269004,-0.005806243,0.0005477939,-0.00027172227,0.17624904,0.050723348,0.0018509205,0.0004254509,-0.00061291724,0.019502735,-0.002030258,0.0014352177,0.00090940244,-0.00010926255,-0.002785828,0.005805243,0.0005616078,0.21726307,0.054535944,0.05183187,-0.00057256105,0.0,0.0,0.17162268,0.52935684,-0.0035767227,0.016226666,0.0,0.00045113178,-5.609441e-05,0.10805973,0.1244913,-5.143743e-05,-0.006089593,-0.0023327048,-0.00090175366,-0.0016317632,0.0,0.054326292,0.00057696406,0.0004676539,-0.0005072715,0.004553442,0.004141545
286,0.005121365,0.0,0.00508062,-0.008584875,-0.0014581572,0.0001154213,0.026492529,0.001239541,0.048097637,0.0077877026,-0.0013338625,-3.711055e-05,0.0,0.0,0.0,0.00031905598,0.0116205225,0.004099873,0.0,-0.0011269004,-0.005806243,0.0005477939,-0.00027172227,0.17624904,0.050723348,0.0018509205,0.0004254509,-0.00061291724,0.019502735,-0.002030258,0.0014352177,0.00090940244,-0.00010926255,-0.0034723794,0.005805243,0.0005616078,0.23298694,0.054535944,0.05183187,-0.00057256105,0.0,0.0,0.17162268,0.5326811,-0.0035767227,0.016226666,0.0,0.00045113178,-5.609441e-05,0.10805973,0.1244913,-5.143743e-05,-0.006089593,-0.0023327048,-0.00090175366,-0.0016317632,0.0,0.054326292,-0.0020607328,0.0004676539,-0.0005072715,0.004553442,0.004141545
287,0.005121365,0.0,0.00508062,-0.008584875,-0.0014581572,0.0001154213,0.026492529,0.001239541,0.04635673,0.0077877026,-0.0013338625,-3.711055e-05,0.0,0.0,0.0,0.00031905598,0.0116205225,0.004099873,0.0,-0.0011269004,-0.005806243,0.0005477939,-0.00027172227,0.17364606,0.050723348,0.0018509205,0.0004254509,-0.00061291724,0.019502735,-0.002030258,0.0016501305,0.00090940244,-0.00010926255,-0.0034723794,0.005805243,0.0005616078,0.23252954,0.054535944,0.05183187,-0.00057256105,0.0,0.0,0.17162268,0.53210986,-0.0035767227,0.017606676,0.0,0.00045113178,-5.609441e-05,0.10780587,0.1244913,-5.143743e-05,-0.006089593,-0.0023327048,-0.00090175366,-0.0016317632,0.0,0.05363019,-0.0020607328,0.0004676539,0.005312374,0.0034613756,0.004141545
288,0.005121365,0.0,0.00508062,-0.008584875,-0.0014581572,0.0001154213,0.026492529,0.001239541,0.04635673,0.0077877026,-0.0013338625,-3.711055e-05,0.0,0.0,0.0,0.00031905598,0.0116205225,0.004099873,0.0,-0.0011269004,-0.005806243,0.0005477939,-0.00027172227,0.17364606,0.050723348,0.0018509205,0.0004254509,-0.00061291724,0.019502735,-0.002030258,0.0016501305,0.00090940244,-0.00010926255,-0.0034723794,0.005805243,0.0005616078,0.23252954,0.054535944,0.05183187,-0.00057256105,0.0,0.0,0.17162268,0.53210986,-0.0035767227,0.017606676,0.0,0.00045113178,-5.609441e-05,0.10780587,0.1244913,-5.143743e-05,-0.006089593,-0.0023327048,-0.00090175366,-0.0016317632,0.0,0.05363019,-0.0020607328,0.0004676539,0.005312374,0.0034613756,0.004141545
289,0.005121365,0.0,0.00508062,-0.008584875,-0.0014581572,0.0001154213,0.026492529,0.001239541,0.04635673,0.0077877026,-0.0013338625,-3.711055e-05,0.0,0.0,0.0,0.00031905598,0.0116205225,0.004099873,0.0,-0.0011269004,-0.005806243,0.0005477939,-0.00027172227,0.17660992,0.050723348,0.0018509205,0.0004254509,-0.00061291724,0.019502735,-0.002030258,0.0016501305,0.00090940244,-0.00010926255,-0.0034723794,0.005805243,0.0005616078,0.23305033,0.054535944,0.05183187,-0.00057256105,0.0,0.0,0.17162268,0.5326811,-0.0035767227,0.017606676,0.0,0.00045113178,-5.609441e-05,0.10778142,0.1244913,-5.143743e-05,-0.006089593,-0.0023327048,-0.00090175366,-0.0016317632,0.0,0.054326292,-0.0020607328,0.0004676539,-0.0005072715,0.004553442,0.004141545
290,0.005257475,0.0,0.0011307407,-0.014686895,0.0035988744,0.0001154213,0.027829973,-0.000101528334,0.064930715,-0.0017007211,-0.0013338625,-3.711055e-05,0.0,0.0,0.0,7.6855475e-05,0.016943937,-0.0007578486,0.0,0.00032421047,0.010697728,0.0006308956,-0.00027172227,0.17330027,0.050723348,-0.0002683327,0.0004254509,-0.00061291724,-0.0013075348,0.0025939085,0.0008461165,0.0002844036,-0.00010926255,0.007352718,0.005805243,-0.0010864037,0.18536974,0.05099769,-0.0043231994,-0.00057256105,0.0,0.0,0.15935145,0.3781284,0.0029716336,0.014921772,0.0,-0.00032284364,1.8426988e-05,-0.084731735,0.1354192,-5.143743e-05,-0.032116354,0.0023742486,0.003540569,-0.008249152,0.0,0.046349756,0.0016871544,0.00014183216,-0.0005759197,0.01077178,0.004141545
291,0.0015932557,0.0,0.0011307407,-0.003749424,-0.0015572418,0.00010407438,0.012561909,2.5617685e-05,0.11250936,-0.0015506241,-0.0055521447,-1.7086602e-05,0.0,0.0,0.0,5.8168927e-05,0.030513054,0.00489248,0.0,2.5665504e-05,0.0083121415,0.00024205932,-0.00012462793,0.18644398,0.018032122,-0.0007578493,0.0015546875,-0.0012752893,-0.0018645925,0.0025939085,0.00044067425,0.00031777463,-0.00010926255,0.015943449,0.017051365,0.0016330713,-0.14723842,-0.016937574,-0.027028434,-0.0010590283,0.0,0.0,-0.11994127,-0.1942923,0.010554878,0.043191515,0.0,-0.00042771126,3.3630393e-05,-0.04641508,0.26898915,-5.143743e-05,-0.0114348,0.0023073244,0.012072272,-0.0017542372,0.0,0.018918812,0.0017262277,0.0009474497,0.007907422,0.033100553,0.009795231
292,0.004493761,0.0,0.0011307407,-0.0061623068,0.0019496521,0.0001154213,0.017415185,2.5617685e-05,0.09329628,-0.001681,-0.0055521447,-1.7086602e-05,0.0,0.0,0.0,5.8168927e-05,0.018649345,0.008838509,0.0,0.00016510286,0.0083121415,0.0006308956,-0.00023221885,0.1929456,0.04254296,-0.0002683327,0.0015546875,-0.00061291724,-0.001572384,0.0025939085,0.0005397583,0.00029895687,-0.00010926255,0.011015604,0.017051365,0.0005616078,-0.12423976,-0.013896242,-0.00090665044,-0.0010590283,0.0,0.0,-0.07222538,0.3781692,0.006775212,0.016873674,0.0,-0.00032284364,1.8426988e-05,-0.060123987,0.1971011,-5.143743e-05,-0.021377908,0.0023742486,0.0076726377,-0.0017542372,0.0,0.03234818,0.0017262277,0.00010655366,-0.00060823106,0.025636796,0.009795231
293,0.004493761,0.0,0.0011307407,-0.0061623068,0.0019496521,0.0001154213,0.017415185,-0.0048472737,0.09329628,-0.001681,-0.0055521447,-1.7086602e-05,0.0,0.0,0.0,-0.0029003767,0.018649345,0.008838509,0.0,0.00016510286,0.0083121415,0.0006308956,-0.00023221885,0.1883544,0.04254296,-0.0002683327,0.0015546875,-0.00061291724,-0.001572384,0.0025939085,0.0005397583,0.00029895687,-0.00010926255,0.011015604,0.017051365,0.0005616078,-0.12423976,-0.013896242,-0.00090665044,-0.0010590283,0.0,0.0,-0.0717565,0.3849259,0.006775212,0.016873674,0.0,-0.00032284364,1.8426988e-05,-0.060099535,0.1971011,-5.143743e-05,-0.021377908,0.0023742486,0.0077418494,-0.0017542372,0.0,0.03246575,0.0017262277,0.00010655366,0.004983508,0.025030911,0.009795231
294,0.005257475,0.0,0.0011307407,-0.014668868,0.0035988744,0.0001154213,0.025730839,-0.0049744197,0.064930715,-0.0017007211,-0.0013338625,-3.711055e-05,0.0,0.0,0.0,-0.003933706,0.016943937,0.008838509,0.0,0.00032421047,0.010697728,0.0006308956,-0.00023221885,0.17682648,0.055770602,-0.0002683327,0.0004254509,-0.00061291724,-0.0014194838,-0.0057107974,0.0007729708,0.0002844036,-0.00010926255,0.0077050244,0.005805243,-0.0010864037,0.18536974,-0.020589683,-0.0023120786,-0.00057256105,0.0,0.0,0.15616065,0.38619667,0.0029716336,0.016873674,0.0,-0.00032284364,1.8426988e-05,-0.07675648,0.14592308,-5.143743e-05,-0.027272206,-0.006257957,0.003540569,-0.008249152,0.0,0.043696392,0.0016871544,0.00014183216,-0.0005759197,0.013129816,0.004141545
295,0.005257475,0.0,0.00508062,-0.014621263,0.0035988744,0.0001154213,0.027829973,-0.0049744197,0.064065844,-0.0017007211,-0.0013338625,-3.711055e-05,0.0,0.0,0.0,-0.003933706,0.016943937,-0.0007578486,0.0,0.00032421047,-0.019604433,0.0006308956,-0.00027172227,0.14935653,0.050723348,-0.0002683327,0.0004254509,-0.00061291724,-0.0013075348,-0.0057107974,0.0010445637,0.0002844036,-0.00010926255,0.006735028,0.005805243,0.0005616078,0.18703243,0.04728469,-0.009709323,-0.00057256105,0.0,0.0,0.15377498,0.39469272,-0.0036266383,0.014921772,0.0,0.00054692826,1.8426988e-05,-0.05337345,0.1354192,-5.143743e-05,-0.022925586,-0.006257957,0.003540569,-0.008249152,0.0,0.05363019,0.0016871544,0.00014183216,0.005312374,0.008475861,0.004141545
296,0.004493761,0.0,0.00508062,-0.006096676,0.0019496521,0.0001154213,0.017415185,-0.005005564,0.093513,-0.001681,-0.0055521447,-1.7086602e-05,0.0,0.0,0.0,-0.0029003767,0.018649345,-0.0007578486,0.0,0.00016510286,-0.015109408,0.0006308956,-0.00023221885,0.16526382,0.04254296,-0.0002683327,0.0015546875,-0.00061291724,-0.001572384,0.0025939085,0.00073820545,0.00029895687,-0.00010926255,0.011202599,0.017051365,0.0006199257,-0.12386197,-0.013896242,-0.008303894,-0.0010590283,0.0,0.0,-0.06868984,0.3947142,0.006775212,0.016873674,0.0,-0.00032284364,1.8426988e-05,-0.028765699,0.1971011,-5.143743e-05,-0.01218714,0.0023742486,0.0076726377,-0.0017542372,0.0,0.039628617,0.0017262277,0.00010655366,0.0062073413,0.022661015,0.009795231
297,0.0051811086,0.0,0.00508062,-0.014619058,0.0019496521,0.0001154213,0.02002521,0.0004798948,0.07229449,-0.0017007211,-0.0055521447,-1.7086602e-05,0.0,0.0,0.0,5.8168927e-05,0.018649345,-0.0007578486,0.0,0.00032421047,-0.015109408,0.0006308956,-0.00023221885,0.14812228,0.05114433,-0.0002683327,0.0004254509,-0.00061291724,-0.0014859124,-0.0057107974,0.00097141793,0.0002844036,-0.00010926255,0.011469203,0.010146416,-0.0010864037,0.18536974,-0.017609244,-0.008303894,-0.00057256105,0.0,0.0,-0.06939471,0.3888646,0.0049522133,0.016873674,0.0,-0.00032284364,-5.609441e-05,-0.05049651,0.17125261,-5.143743e-05,-0.018081438,0.0023742486,0.003540569,-0.008249152,0.0,0.046337955,0.0017262277,0.00014183216,-0.00048733287,0.016566219,0.004141545
298,0.0051811086,0.0,0.00508062,-0.014619058,0.0019496521,0.0001154213,0.02002521,0.0004798948,0.07207777,-0.0017007211,-0.0055521447,-1.7086602e-05,0.0,0.0,0.0,5.8168927e-05,0.018649345,-0.0007578486,0.0,0.00032421047,-0.015109408,0.0006308956,-0.00023221885,0.14812228,0.05114433,-0.0002683327,0.0004254509,-0.00061291724,-0.0014859124,-0.0057107974,0.0007729708,0.0002844036,-0.00010926255,0.010523734,0.010146416,0.0006199257,0.18536974,-0.017609244,-0.008303894,-0.00057256105,0.0,0.0,-0.06939471,0.377687,0.0049522133,0.016873674,0.0,-0.00032284364,-5.609441e-05,-0.08183035,0.17125261,-5.143743e-05,-0.027272206,0.0023742486,0.0011891536,-0.008249152,0.0,0.046337955,0.0017262277,0.00014183216,-0.00048733287,0.017162617,0.004141545
299,0.0051811086,0.0,0.00508062,-0.014619058,0.0019496521,0.0001154213,0.020261208,-0.004951382,0.07207777,-0.0017007211,-0.0055521447,-1.7086602e-05,0.0,0.0,0.0,-0.0029003767,0.018649345,-0.0007578486,0.0,0.00032421047,-0.015109408,0.0006308956,-0.00023221885,0.14812228,0.051685173,-0.0002683327,0.0004254509,-0.00061291724,-0.0014859124,0.0025939085,0.0007729708,0.0002844036,-0.00010926255,0.011512398,0.010146416,0.0005616078,0.18541294,-0.013896242,-0.008303894,-0.00057256105,0.0,0.0,-0.06868984,0.3833487,0.0049522133,0.016873674,0.0,-0.00032284364,-5.609441e-05,-0.08253974,0.17125261,-5.143743e-05,-0.027272206,0.0023742486,0.003540569,-0.008249152,0.0,0.046337955,0.0017262277,0.00014183216,-0.00048733287,0.017191771,0.004141545
350,0.005121365,0.0,0.00508062,-0.0075587337,-0.0014581572,0.0046289456,0.034484945,0.0016731084,0.04635673,0.008150764,-0.0013338625,-3.711055e-05,0.0,0.0,0.0,0.00031905598,0.0116205225,0.004099873,0.0,-0.0077481605,-0.005806243,-0.0004922155,-0.00027172227,0.16939323,0.051264185,0.003506448,0.0004254509,-0.000581064,0.019502735,-0.002030258,0.0018594805,0.0014818693,-0.00010926255,0.12974903,0.008948645,-0.00029312226,0.19079724,0.042679887,0.041113116,-0.00047404435,0.0,0.0,0.14331144,0.43111262,-0.0035767227,0.017606676,0.0,0.0009550852,-0.001197784,0.10852091,0.099025615,-5.143743e-05,-0.0059643155,-0.0023327048,0.0025668105,-0.0016317632,0.0,0.05363019,-0.0020607328,-0.002626686,0.005312374,0.09380091,0.004141545
351,0.005121365,0.0,0.00508062,-0.0075587337,-0.0014581572,0.0046289456,0.034484945,0.0016731084,0.04635673,0.008150764,-0.0013338625,-3.711055e-05,0.0,0.0,0.0,0.00031905598,0.0116205225,0.004099873,0.0,-0.0077481605,-0.005806243,3.8063037e-05,-0.00027172227,0.1710604,0.051264185,0.003506448,0.0004254509,-0.000581064,0.019502735,-0.002030258,0.0018594805,0.0014818693,-0.00010926255,0.1315456,0.008948645,0.002186881,0.19079724,0.042679887,0.041113116,-0.00047404435,0.0,0.0,0.13987312,0.42600384,-0.0035767227,0.017606676,0.0,0.0009550852,-0.001197784,0.107834436,0.09565057,-5.143743e-05,-0.0059643155,-0.0023327048,0.004079005,-0.0016317632,0.0,0.05363019,0.00057696406,-0.002626686,0.005312374,0.09578562,0.004141545
352,0.005121365,0.0,0.00508062,-0.0075587337,-0.0014581572,0.0046289456,0.034484945,0.0016731084,0.055180892,-0.0013376605,-0.0013338625,-3.711055e-05,0.0,0.0,0.0,0.00031905598,0.014753958,0.004099873,0.0,-0.0077481605,-0.005806243,3.8063037e-05,-0.00027172227,0.16755278,0.051264185,0.003506448,0.0004254509,-0.000581064,0.019502735,-0.002030258,0.0018594805,0.0014818693,-0.00010926255,0.13043559,0.008948645,-0.00073924335,0.19079724,0.042679887,0.041113116,-0.00047404435,0.0,0.0,0.14298555,0.42459095,-0.0035767227,0.017606676,0.0,0.0009550852,-0.001197784,0.107834436,0.099025615,-5.143743e-05,-0.0059643155,-0.0023327048,0.004079005,-0.0016317632,0.0,0.05363019,0.00057696406,-0.002626686,0.005312374,0.09578562,0.004141545
353,0.005121365,0.0,0.00508062,-0.0075587337,-0.0014581572,0.0046289456,0.034484945,0.0016731084,0.04635673,0.008150764,-0.0013338625,-3.711055e-05,0.0,0.0,0.0,0.00031905598,0.0116205225,0.004099873,0.0,-0.0077481605,-0.005806243,-0.0004922155,-0.00027172227,0.16939323,0.051264185,0.003506448,0.0004254509,-0.000581064,0.019502735,-0.002030258,0.0018594805,0.0014818693,-0.00010926255,0.12974903,0.008948645,-0.00029312226,0.19079724,0.042679887,0.041113116,-0.00047404435,0.0,0.0,0.14331144,0.42819205,-0.0035767227,0.017606676,0.0,0.0009550852,-0.001197784,0.10852091,0.099025615,-5.143743e-05,-0.0059643155,-0.0023327048,0.004079005,-0.0016317632,0.0,0.05363019,-0.0020607328,-0.002626686,0.005312374,0.095209286,0.004141545
354,0.005121365,0.0,0.00508062,-0.0075587337,-0.0014581572,-0.0005964899,0.034484945,0.0016731084,0.04635673,0.008150764,-0.0013338625,-3.711055e-05,0.0,0.0,0.0,0.00031905598,0.0116205225,0.004099873,0.0,-0.0077481605,-0.005806243,3.8063037e-05,-0.00027172227,0.16939323,0.051264185,0.003506448,0.0004254509,-0.000581064,0.019502735,-0.002030258,0.0018594805,0.0014818693,-0.00010926255,0.13108641,0.008948645,0.002186881,0.19079724,0.042679887,0.041113116,-0.00047404435,0.0,0.0,0.13820595,0.42554465,-0.0035767227,0.017606676,0.0,0.0009550852,-0.001197784,0.107834436,0.102178216,-5.143743e-05,-0.0059643155,-0.0023327048,0.004079005,-0.0016317632,0.0,0.05363019,0.00057696406,-0.002626686,0.005312374,0.09873615,0.004141545
355,0.005121365,0.0,0.00508062,-0.0075587337,-0.0014581572,0.0046289456,0.034484945,0.0016731084,0.04635673,0.008150764,-0.0013338625,-3.711055e-05,0.0,0.0,0.0,0.00031905598,0.0116205225,0.004099873,0.0,-0.0077481605,-0.005806243,3.8063037e-05,-0.00027172227,0.1710604,0.051264185,0.003506448,0.0004254509,-0.000581064,0.019502735,-0.002030258,0.0018594805,0.0014818693,-0.00010926255,0.13043559,0.008948645,-0.00029312226,0.19079724,0.042679887,0.041113116,-0.00047404435,0.0,0.0,0.14497861,0.425024,-0.0035767227,0.017606676,0.0,0.0009550852,-0.001197784,0.107834436,0.09569126,-5.143743e-05,-0.0059643155,-0.0023327048,0.004079005,-0.0016317632,0.0,0.05363019,0.00057696406,-0.002626686,0.005312374,0.095209286,0.004141545
356,0.005121365,0.0,0.00508062,-0.0075587337,-0.0014581572,0.0046289456,0.034484945,0.0016731084,0.04635673,0.008150764,-0.0013338625,-3.711055e-05,0.0,0.0,0.0,0.00031905598,0.0116205225,0.004099873,0.0,-0.0077481605,-0.005806243,3.8063037e-05,-0.00027172227,0.1710604,0.051264185,0.003506448,0.0004254509,-0.000581064,0.019502735,-0.002030258,0.0018594805,0.0014818693,-0.00010926255,0.13043559,0.008948645,-0.00029312226,0.19079724,0.042679887,0.041113116,-0.00047404435,0.0,0.0,0.14497861,0.425024,-0.0035767227,0.017606676,0.0,0.0009550852,-0.001197784,0.107834436,0.09569126,-5.143743e-05,-0.0059643155,-0.0023327048,0.004079005,-0.0016317632,0.0,0.05363019,0.00057696406,-0.002626686,0.005312374,0.095209286,0.004141545
357,0.005121365,0.0,0.00508062,-0.0075587337,-0.0014581572,0.0046289456,0.034484945,0.0016731084,0.04635673,0.008150764,-0.0013338625,-3.711055e-05,0.0,0.0,0.0,0.00031905598,0.0116205225,0.004099873,0.0,-0.0077481605,-0.005806243,3.8063037e-05,-0.00027172227,0.1710604,0.051264185,0.003506448,0.0004254509,-0.000581064,0.019502735,-0.002030258,0.0018594805,0.0014818693,-0.00010926255,0.1315456,0.008948645,-0.00029312226,0.19079724,0.042679887,0.041113116,-0.00047404435,0.0,0.0,0.14497861,0.42613405,-0.0035767227,0.017606676,0.0,0.0009550852,-0.001197784,0.107834436,0.0934712,-5.143743e-05,-0.0059643155,-0.0023327048,0.004079005,-0.0016317632,0.0,0.05363019,0.00057696406,-0.002626686,0.005312374,0.095209286,0.004141545
358,0.005121365,0.0,0.00508062,-0.0075587337,-0.0014581572,0.0046289456,0.034484945,0.0016731084,0.04635673,0.008150764,-0.0013338625,-3.711055e-05,0.0,0.0,0.0,0.00031905598,0.0116205225,0.004099873,0.0,-0.0077481605,-0.005806243,3.8063037e-05,-0.00027172227,0.16939323,0.051264185,0.003506448,0.0004254509,-0.000581064,0.019502735,-0.002030258,0.0018594805,0.0014818693,-0.00010926255,0.13043559,0.008948645,-0.00029312226,0.19079724,0.042679887,0.041113116,-0.00047404435,0.0,0.0,0.14331144,0.425024,-0.0035767227,0.017606676,0.0,0.0009550852,-0.001197784,0.107834436,0.099025615,-5.143743e-05,-0.0059643155,-0.0023327048,0.004079005,-0.0016317632,0.0,0.05363019,0.00057696406,-0.002626686,0.005312374,0.095209286,0.004141545
359,0.005121365,0.0,0.00508062,-0.0075587337,-0.0014581572,-0.0005964899,0.034484945,0.0016731084,0.04635673,0.008150764,-0.0013338625,-3.711055e-05,0.0,0.0,0.0,0.00031905598,0.0116205225,0.004099873,0.0,-0.0077481605,-0.005806243,3.8063037e-05,-0.00027172227,0.1710604,0.051264185,0.003506448,0.0004254509,-0.000581064,0.019502735,-0.002030258,0.0018594805,0.0014818693,-0.00010926255,0.13108641,0.008948645,-0.00029312226,0.19079724,0.042679887,0.041113116,-0.00047404435,0.0,0.0,0.14497861,0.42567486,-0.0035767227,0.017606676,0.0,0.0009550852,-0.001197784,0.107834436,0.096664496,-5.143743e-05,-0.0059643155,-0.0023327048,0.004079005,-0.0016317632,0.0,0.05363019,0.00057696406,-0.002626686,0.005312374,0.09815982,0.004141545
360,0.005121365,0.0,0.00508062,-0.0075587337,-0.0014581572,-0.0005964899,0.034484945,0.0016731084,0.04635673,0.008150764,-0.0013338625,-3.711055e-05,0.0,0.0,0.0,0.00031905598,0.0116205225,0.004099873,0.0,-0.0077481605,-0.005806243,3.8063037e-05,-0.00027172227,0.16939323,0.051264185,0.003506448,0.0004254509,-0.000581064,0.019502735,-0.002030258,0.0018594805,0.0014818693,-0.00010926255,0.13039987,0.008948645,-0.00029312226,0.19079724,0.042679887,0.041113116,-0.00047404435,0.0,0.0,0.14331144,0.4289991,-0.0035767227,0.017606676,0.0,0.0009550852,-0.001197784,0.107834436,0.09999885,-5.143743e-05,-0.0059643155,-0.0023327048,0.004079005,-0.0016317632,0.0,0.05363019,-0.0020607328,-0.002626686,0.005312374,0.09815982,0.004141545
361,0.005121365,0.0,0.00508062,-0.0075587337,-0.0014581572,0.0046289456,0.034484945,0.0016731084,0.04635673,0.008150764,-0.0013338625,-3.711055e-05,0.0,0.0,0.0,0.00031905598,0.0116205225,0.004099873,0.0,-0.0077481605,-0.005806243,3.8063037e-05,-0.00027172227,0.16939323,0.051264185,0.003506448,0.0004254509,-0.000581064,0.019502735,-0.002030258,0.0018594805,0.0014818693,-0.00010926255,0.13043559,0.008948645,-0.00029312226,0.19131804,0.042679887,0.041113116,-0.00047404435,0.0,0.0,0.14331144,0.42559528,-0.0035767227,0.017606676,0.0,0.0009550852,-0.001197784,0.107834436,0.099025615,-5.143743e-05,-0.0059643155,-0.0023327048,0.004079005,-0.0016317632,0.0,0.05363019,0.00057696406,-0.002626686,0.003128245,0.09630135,0.004141545
362,0.005121365,0.0,0.00508062,-0.0075587337,-0.0014581572,0.0046289456,0.034484945,0.0016731084,0.04635673,0.008150764,-0.0013338625,-3.711055e-05,0.0,0.0,0.0,0.00031905598,0.0116205225,0.004099873,0.0,-0.0077481605,-0.005806243,3.8063037e-05,-0.00027172227,0.1710604,0.051264185,0.003506448,0.0004254509,-0.000581064,0.019502735,-0.002030258,0.0018594805,0.0014818693,-0.00010926255,0.13043559,0.008948645,-0.00073924335,0.19079724,0.042679887,0.041113116,-0.00047404435,0.0,0.0,0.14497861,0.4248938,-0.0035767227,0.017606676,0.0,0.0009550852,-0.001197784,0.107834436,0.09569126,-5.143743e-05,-0.0059643155,-0.0023327048,0.004079005,-0.0016317632,0.0,0.05363019,0.00057696406,-0.002626686,0.005312374,0.09578562,0.004141545
363,0.005121365,0.0,0.00508062,-0.0075587337,-0.0014581572,-0.0005964899,0.034484945,0.0016731084,0.04635673,0.008150764,-0.0013338625,-3.711055e-05,0.0,0.0,0.0,0.00031905598,0.0116205225,0.004099873,0.0,-0.0077481605,-0.005806243,3.8063037e-05,-0.00027172227,0.1710604,0.051264185,0.003506448,0.0004254509,-0.000581064,0.019502735,-0.002030258,0.0018594805,0.0014818693,-0.00010926255,0.13039987,0.008948645,-0.00029312226,0.19079724,0.042679887,0.041113116,-0.00047404435,0.0,0.0,0.14383487,0.4289991,-0.0035767227,0.017606676,0.0,0.0009550852,-0.001197784,0.107834436,0.09552077,-5.143743e-05,-0.0059643155,-4.525599e-05,0.004079005,-0.0016317632,0.0,0.05363019,-0.0020607328,-0.002626686,0.005312374,0.09815982,0.004141545
364,0.005121365,0.0,0.00508062,-0.0075587337,-0.0014581572,0.0046289456,0.034484945,0.0016731084,0.04635673,0.008150764,-0.0013338625,-3.711055e-05,0.0,0.0,0.0,0.00031905598,0.0116205225,0.004099873,0.0,-0.0077481605,-0.005806243,3.8063037e-05,-0.00027172227,0.1710604,0.051264185,0.003506448,0.0004254509,-0.000581064,0.019502735,-0.002030258,0.0018594805,0.0014818693,-0.00010926255,0.13043559,0.008948645,0.0009670862,0.19079724,0.042679887,0.041113116,-0.00047404435,0.0,0.0,0.14497861,0.42259106,-0.0035767227,0.017606676,0.0,0.0009550852,-0.001197784,0.107834436,0.09569126,-5.143743e-05,-0.0059643155,-0.0023327048,0.004079005,-0.0016317632,0.0,0.05363019,0.00057696406,-0.002626686,0.005312374,0.09638202,0.004141545
365,0.005121365,0.0,0.00508062,-0.0075587337,-0.0014581572,-0.0005964899,0.035822384,0.00065039017,0.04635673,0.008150764,-0.0013338625,-3.711055e-05,0.0,0.0,0.0,0.00031905598,0.0116205225,0.004099873,0.0,-0.0077481605,-0.005806243,3.8063037e-05,-0.00027172227,0.1710604,0.051264185,0.003506448,0.0004254509,-0.000581064,0.019502735,-0.002030258,0.0018594805,0.0014818693,-0.00010926255,0.13108641,0.008948645,-0.00029312226,0.19079724,0.042679887,0.041113116,-0.00047404435,0.0,0.0,0.14466389,0.42567486,-0.0035767227,0.017606676,0.0,0.0009550852,-0.001197784,0.107834436,0.096664496,-5.143743e-05,-0.0059643155,-0.0023327048,0.004079005,-0.0016317632,0.0,0.05363019,0.00057696406,-0.002626686,0.005312374,0.09815982,0.004141545
366,0.005121365,0.0,0.00508062,-0.0075587337,-0.0014581572,0.0046289456,0.034484945,0.0016731084,0.04635673,0.008150764,-0.0013338625,-3.711055e-05,0.0,0.0,0.0,0.00031905598,0.0116205225,0.004099873,0.0,-0.0077481605,-0.005806243,3.8063037e-05,-0.00027172227,0.16939323,0.051264185,0.003506448,0.0004254509,-0.000581064,0.019502735,-0.002030258,0.0018594805,0.0014818693,-0.00010926255,0.12974903,0.008948645,-0.00029312226,0.19079724,0.042679887,0.041113116,-0.00047404435,0.0,0.0,0.14331144,0.4312688,-0.0035767227,0.017606676,0.0,0.0009550852,-0.001197784,0.107834436,0.099025615,-5.143743e-05,-0.0059643155,-0.0023327048,0.0025668105,-0.0016317632,0.0,0.05363019,-0.0020607328,-0.002626686,0.005312374,0.09380091,0.004141545
367,0.005121365,0.0,0.00508062,-0.0075587337,-0.0014581572,0.0046289456,0.034484945,0.0016731084,0.04635673,0.008150764,-0.0013338625,-3.711055e-05,0.0,0.0,0.0,0.00031905598,0.0116205225,0.004099873,0.0,-0.0077481605,-0.005806243,-0.0004922155,-0.00027172227,0.16939323,0.051264185,0.003506448,0.0004254509,-0.000581064,0.019502735,-0.002030258,0.0018594805,0.0014818693,-0.00010926255,0.13043559,0.008948645,-0.00029312226,0.19079724,0.042679887,0.041113116,-0.00047404435,0.0,0.0,0.14331144,0.4248678,-0.0035767227,0.017606676,0.0,0.0009550852,-0.001197784,0.10852091,0.099025615,-5.143743e-05,-0.0059643155,-0.0023327048,0.004079005,-0.0016317632,0.0,0.05363019,0.00057696406,-0.002626686,0.005312374,0.095209286,0.004141545
368,0.005121365,0.0,0.00508062,-0.0075587337,-0.0014581572,0.0046289456,0.034484945,0.0016731084,0.04635673,0.008150764,-0.0013338625,-3.711055e-05,0.0,0.0,0.0,0.00031905598,0.0116205225,0.004099873,0.0,-0.0077481605,-0.005806243,3.8063037e-05,-0.00027172227,0.16939323,0.051264185,0.003506448,0.0004254509,-0.000581064,0.019502735,-0.002030258,0.0016501305,0.0014818693,-0.00010926255,0.13043559,0.008948645,-0.00073924335,0.19079724,0.042679887,0.041113116,-0.00047404435,0.0,0.0,0.14331144,0.424829,-0.0035767227,0.017606676,0.0,0.0009550852,-0.001197784,0.10810859,0.099025615,-5.143743e-05,-0.0059643155,-0.0023327048,0.004079005,-0.0016317632,0.0,0.05363019,0.00057696406,-0.002626686,0.005312374,0.09578562,0.004141545
369,0.005121365,0.0,0.00508062,-0.0075587337,-0.0014581572,0.0046289456,0.034484945,0.0016731084,0.04635673,0.008150764,-0.0013338625,-3.711055e-05,0.0,0.0,0.0,0.00031905598,0.0116205225,0.004099873,0.0,-0.0077481605,-0.005806243,3.8063037e-05,-0.00027172227,0.17235708,0.051264185,0.003506448,0.0004254509,-0.000581064,0.019502735,-0.002030258,0.0018594805,0.0014818693,-0.00010926255,0.12974903,0.008948645,-0.00073924335,0.19131804,0.042679887,0.041113116,-0.00047404435,0.0,0.0,0.14331144,0.42878932,-0.0035767227,0.017606676,0.0,0.0009550852,-0.001197784,0.10780998,0.099025615,-5.143743e-05,-0.0059643155,-0.0023327048,0.004079005,-0.0016317632,0.0,0.054326292,-0.0020607328,-0.002626686,-0.0005072715,0.09687768,0.004141545
370,0.005121365,0.0,0.00508062,-0.0075587337,-0.0014581572,0.0046289456,0.034484945,0.0016731084,0.04635673,0.008150764,-0.0013338625,-3.711055e-05,0.0,0.0,0.0,0.00031905598,0.0116205225,0.004099873,0.0,-0.0077481605,-0.005806243,3.8063037e-05,-0.00027172227,0.16939323,0.051264185,0.003506448,0.0004254509,-0.000581064,0.019502735,-0.002030258,0.0018594805,0.0014818693,-0.00010926255,0.12974903,0.008948645,-0.00029312226,0.19079724,0.042679887,0.041113116,-0.00047404435,0.0,0.0,0.1421677,0.4312688,-0.0035767227,0.017606676,0.0,0.0009550852,-0.001197784,0.107834436,0.09788189,-5.143743e-05,-0.0059643155,-4.525599e-05,0.0025668105,-0.0016317632,0.0,0.05363019,-0.0020607328,-0.002626686,0.005312374,0.09380091,0.004141545
371,0.005121365,0.0,0.00508062,-0.0075587337,-0.0014581572,0.0046289456,0.034484945,0.0016731084,0.04635673,0.008150764,-0.0013338625,-3.711055e-05,0.0,0.0,0.0,0.00031905598,0.0116205225,0.004099873,0.0,-0.0077481605,-0.005806243,3.8063037e-05,-0.00027172227,0.16939323,0.051264185,0.003506448,0.0004254509,-0.000581064,0.019502735,-0.002030258,0.0018594805,0.0014818693,-0.00010926255,0.13043559,0.008948645,-0.00029312226,0.19079724,0.042679887,0.041113116,-0.00047404435,0.0,0.0,0.14331144,0.425024,-0.0035767227,0.017606676,0.0,0.0009550852,-0.001197784,0.107834436,0.099025615,-5.143743e-05,-0.0059643155,-0.0023327048,0.004079005,-0.0016317632,0.0,0.05363019,0.00057696406,-0.002626686,0.005312374,0.095209286,0.004141545
372,0.005121365,0.0,0.00508062,-0.0075587337,-0.0014581572,-0.0005964899,0.034484945,0.0016731084,0.04635673,0.008150764,-0.0013338625,-3.711055e-05,0.0,0.0,0.0,0.00031905598,0.0116205225,0.004099873,0.0,-0.0077481605,-0.005806243,3.8063037e-05,-0.00027172227,0.1710604,0.051264185,0.003506448,0.0004254509,-0.000581064,0.019502735,-0.002030258,0.0018594805,0.0014818693,-0.00010926255,0.13108641,0.008948645,-0.00029312226,0.19079724,0.042679887,0.041113116,-0.00047404435,0.0,0.0,0.14497861,0.42567486,-0.0035767227,0.017606676,0.0,0.0009550852,-0.001197784,0.107834436,0.096664496,-5.143743e-05,-0.0059643155,-0.0023327048,0.004079005,-0.0016317632,0.0,0.05363019,0.00057696406,-0.002626686,0.005312374,0.09815982,0.004141545
373,0.005121365,0.0,0.00508062,-0.0075587337,-0.0014581572,-0.0005964899,0.034484945,0.0016731084,0.04635673,0.008150764,-0.0013338625,-3.711055e-05,0.0,0.0,0.0,0.00031905598,0.0116205225,0.004099873,0.0,-0.0077481605,-0.005806243,3.8063037e-05,-0.00027172227,0.16939323,0.051264185,0.003506448,0.0004254509,-0.000581064,0.019502735,-0.002030258,0.0018594805,0.0014818693,-0.00010926255,0.13108641,0.008948645,-0.00029312226,0.19079724,0.042679887,0.041113116,-0.00047404435,0.0,0.0,0.14331144,0.42567486,-0.0035767227,0.017606676,0.0,0.0009550852,-0.001197784,0.107834436,0.09999885,-5.143743e-05,-0.0059643155,-0.0023327048,0.004079005,-0.0016317632,0.0,0.05363019,0.00057696406,-0.002626686,0.005312374,0.09815982,0.004141545
374,0.005121365,0.0,0.00508062,-0.0075587337,-0.0014581572,0.0046289456,0.034484945,0.0016731084,0.04635673,0.008150764,-0.0013338625,-3.711055e-05,0.0,0.0,0.0,0.00031905598,0.0116205225,0.004099873,0.0,-0.0077481605,-0.005806243,3.8063037e-05,-0.00027172227,0.16939323,0.051264185,0.003506448,0.0004254509,-0.000581064,0.019502735,-0.002030258,0.0018594805,0.0014818693,-0.00010926255,0.13043559,0.008948645,0.002186881,0.19079724,0.042679887,0.041113116,-0.00047404435,0.0,0.0,0.13820595,0.4248938,-0.0035767227,0.017606676,0.0,0.0009550852,-0.001197784,0.107834436,0.101204984,-5.143743e-05,-0.0059643155,-0.0023327048,0.004079005,-0.0016317632,0.0,0.05363019,0.00057696406,-0.002626686,0.005312374,0.09578562,0.004141545
375,0.005121365,0.0,0.00508062,-0.0075587337,-0.0014581572,0.0046289456,0.034484945,0.0016731084,0.04635673,0.008150764,-0.0013338625,-3.711055e-05,0.0,0.0,0.0,0.00031905598,0.0116205225,0.004099873,0.0,-0.0077481605,-0.005806243,-0.0004922155,-0.00027172227,0.1710604,0.051264185,0.003506448,0.0004254509,-0.000581064,0.019502735,-0.002030258,0.0014352177,0.0014818693,-0.00010926255,0.13043559,0.008948645,-0.00029312226,0.19073384,0.042679887,0.041113116,-0.00047404435,0.0,0.0,0.14497861,0.42480302,-0.0035767227,0.017606676,0.0,0.0009550852,-0.001197784,0.10907337,0.09569126,-5.143743e-05,-0.0059643155,-0.0023327048,0.004079005,-0.0016317632,0.0,0.05363019,0.00057696406,-0.002626686,0.005312374,0.095209286,0.004141545
376,0.005121365,0.0,0.00508062,-0.0075587337,-0.0014581572,0.0046289456,0.034484945,0.0016731084,0.04635673,0.008150764,-0.0013338625,-3.711055e-05,0.0,0.0,0.0,0.00031905598,0.0116205225,0.004099873,0.0,-0.0077481605,-0.005806243,3.8063037e-05,-0.00027172227,0.1710604,0.051264185,0.003506448,0.0004254509,-0.000581064,0.019502735,-0.002030258,0.0018594805,0.0014818693,-0.00010926255,0.13043559,0.008948645,-0.00073924335,0.19079724,0.042679887,0.041113116,-0.00047404435,0.0,0.0,0.14497861,0.4248938,-0.0035767227,0.017606676,0.0,0.0009550852,-0.001197784,0.107834436,0.09569126,-5.143743e-05,-0.0059643155,-0.0023327048,0.004079005,-0.0016317632,0.0,0.05363019,0.00057696406,-0.002626686,0.005312374,0.09578562,0.004141545
377,0.005121365,0.0,0.00508062,-0.0075587337,-0.0014581572,0.0046289456,0.034484945,0.0016731084,0.04635673,0.008150764,-0.0013338625,-3.711055e-05,0.0,0.0,0.0,0.00031905598,0.0116205225,0.004099873,0.0,-0.0077481605,-0.005806243,3.8063037e-05,-0.00027172227,0.17235708,0.051264185,0.003506448,0.0004254509,-0.000581064,0.019502735,-0.002030258,0.0018594805,0.0014818693,-0.00010926255,0.12974903,0.008948645,-0.00073924335,0.19131804,0.042679887,0.041113116,-0.00047404435,0.0,0.0,0.14331144,0.42878932,-0.0035767227,0.017606676,0.0,0.0009550852,-0.001197784,0.10780998,0.099025615,-5.143743e-05,-0.0059643155,-0.0023327048,0.004079005,-0.0016317632,0.0,0.054326292,-0.0020607328,-0.002626686,-0.0005072715,0.09687768,0.004141545
378,0.005121365,0.0,0.00508062,-0.0075587337,-0.0014581572,0.0046289456,0.034484945,0.0016731084,0.04635673,0.008150764,-0.0013338625,-3.711055e-05,0.0,0.0,0.0,0.00031905598,0.0116205225,0.004099873,0.0,-0.0077481605,-0.005806243,3.8063037e-05,-0.00027172227,0.16939323,0.051264185,0.003506448,0.0004254509,-0.000581064,0.019502735,-0.002030258,0.0018594805,0.0014818693,-0.00010926255,0.13043559,0.008948645,-0.00073924335,0.19079724,0.042679887,0.041113116,-0.00047404435,0.0,0.0,0.14331144,0.4248938,-0.0035767227,0.017606676,0.0,0.0009550852,-0.001197784,0.107834436,0.099025615,-5.143743e-05,-0.0059643155,-0.0023327048,0.004079005,-0.0016317632,0.0,0.05363019,0.00057696406,-0.002626686,0.005312374,0.09578562,0.004141545
379,0.005121365,0.0,0.00508062,-0.0075587337,-0.0014581572,0.0046289456,0.035822384,0.00065039017,0.04635673,0.008150764,-0.0013338625,-3.711055e-05,0.0,0.0,0.0,0.00031905598,0.0116205225,0.004099873,0.0,-0.0077481605,-0.005806243,-0.0004922155,-0.00027172227,0.16939323,0.051264185,0.003506448,0.0004254509,-0.000581064,0.019502735,-0.002030258,0.0018594805,0.0014818693,-0.00010926255,0.13043559,0.008948645,-0.00073924335,0.19079724,0.042679887,0.041113116,-0.00047404435,0.0,0.0,0.14299671,0.4247376,-0.0035767227,0.017606676,0.0,0.0009550852,-0.001197784,0.10852091,0.099025615,-5.143743e-05,-0.0059643155,-0.0023327048,0.004079005,-0.0016317632,0.0,0.05363019,0.00057696406,-0.002626686,0.005312374,0.09578562,0.004141545
380,0.005121365,0.0,0.00508062,-0.0075587337,-0.0014581572,-0.0005964899,0.034484945,0.0016731084,0.04635673,0.008150764,-0.0013338625,-3.711055e-05,0.0,0.0,0.0,0.00031905598,0.0116205225,0.004099873,0.0,-0.0077481605,-0.005806243,3.8063037e-05,-0.00027172227,0.16939323,0.051264185,0.003506448,0.0004254509,-0.000581064,0.019502735,-0.002030258,0.0018594805,0.0014818693,-0.00010926255,0.13108641,0.008948645,-0.00073924335,0.19079724,0.042679887,0.041113116,-0.00047404435,0.0,0.0,0.14331144,0.42554465,-0.0035767227,0.017606676,0.0,0.0009550852,-0.001197784,0.107834436,0.09999885,-5.143743e-05,-0.0059643155,-0.0023327048,0.004079005,-0.0016317632,0.0,0.05363019,0.00057696406,-0.002626686,0.005312374,0.09873615,0.004141545
381,0.005121365,0.0,0.00508062,-0.0075587337,-0.0014581572,-0.0005964899,0.034484945,0.0016731084,0.04635673,0.008150764,-0.0013338625,-3.711055e-05,0.0,0.0,0.0,0.00031905598,0.0116205225,0.004099873,0.0,-0.0077481605,-0.005806243,3.8063037e-05,-0.00027172227,0.16939323,0.051264185,0.003506448,0.0004254509,-0.000581064,0.019502735,-0.002030258,0.0018594805,0.0014818693,-0.00010926255,0.13108641,0.008948645,-0.00073924335,0.19079724,0.042679887,0.041113116,-0.00047404435,0.0,0.0,0.14331144,0.42554465,-0.0035767227,0.017606676,0.0,0.0009550852,-0.001197784,0.107834436,0.09999885,-5.143743e-05,-0.0059643155,-0.0023327048,0.004079005,-0.0016317632,0.0,0.05363019,0.00057696406,-0.002626686,0.005312374,0.09873615,0.004141545
382,0.005121365,0.0,0.00508062,-0.0075587337,-0.0014581572,0.0046289456,0.034484945,0.0016731084,0.04635673,0.008150764,-0.0013338625,-3.711055e-05,0.0,0.0,0.0,0.00031905598,0.0116205225,0.004099873,0.0,-0.0077481605,-0.005806243,3.8063037e-05,-0.00027172227,0.1710604,0.051264185,0.003506448,0.0004254509,-0.000581064,0.019502735,-0.002030258,0.0018594805,0.0014818693,-0.00010926255,0.13043559,0.008948645,-0.00029312226,0.19079724,0.042679887,0.041113116,-0.00047404435,0.0,0.0,0.14497861,0.425024,-0.0035767227,0.017606676,0.0,0.0009550852,-0.001197784,0.107834436,0.09569126,-5.143743e-05,-0.0059643155,-0.0023327048,0.004079005,-0.0016317632,0.0,0.05363019,0.00057696406,-0.002626686,0.005312374,0.095209286,0.004141545
383,0.005121365,0.0,0.00508062,-0.0075587337,-0.0014581572,0.0046289456,0.034484945,0.0016731084,0.04635673,0.008150764,-0.0013338625,-3.711055e-05,0.0,0.0,0.0,0.00031905598,0.0116205225,0.004099873,0.0,-0.0077481605,-0.005806243,3.8063037e-05,-0.00027172227,0.16939323,0.051264185,0.003506448,0.0004254509,-0.000581064,0.019502735,-0.002030258,0.0018594805,0.0014818693,-0.00010926255,0.13043559,0.008948645,-0.00029312226,0.19079724,0.042679887,0.041113116,-0.00047404435,0.0,0.0,0.14331144,0.425024,-0.0035767227,0.017606676,0.0,0.0009550852,-0.001197784,0.107834436,0.099025615,-5.143743e-05,-0.0059643155,-0.0023327048,0.004079005,-0.0016317632,0.0,0.05363019,0.00057696406,-0.002626686,0.005312374,0.095209286,0.004141545
384,0.005121365,0.0,0.00508062,-0.0075587337,-0.0014581572,0.0046289456,0.034484945,0.0016731084,0.04635673,0.008150764,-0.0013338625,-3.711055e-05,0.0,0.0,0.0,0.00031905598,0.0116205225,0.004099873,0.0,-0.0077481605,-0.005806243,3.8063037e-05,-0.00027172227,0.1710604,0.051264185,0.003506448,0.0004254509,-0.000581064,0.019502735,-0.002030258,0.0018594805,0.0014818693,-0.00010926255,0.13043559,0.008948645,-0.00029312226,0.19079724,0.042679887,0.041113116,-0.00047404435,0.0,0.0,0.14497861,0.425024,-0.0035767227,0.017606676,0.0,0.0009550852,-0.001197784,0.107834436,0.09569126,-5.143743e-05,-0.0059643155,-0.0023327048,0.004079005,-0.0016317632,0.0,0.05363019,0.00057696406,-0.002626686,0.005312374,0.095209286,0.004141545
385,0.005121365,0.0,0.00508062,-0.0075587337,-0.0014581572,0.0046289456,0.034484945,0.0016731084,0.04635673,0.008150764,-0.0013338625,-3.711055e-05,0.0,0.0,0.0,0.00031905598,0.0116205225,0.004099873,0.0,-0.0077481605,-0.005806243,3.8063037e-05,-0.00027172227,0.1710604,0.051264185,0.003506448,0.0004254509,-0.000581064,0.019502735,-0.002030258,0.0018594805,0.0014818693,-0.00010926255,0.13043559,0.008948645,0.002186881,0.19079724,0.042679887,0.041113116,-0.00047404435,0.0,0.0,0.13987312,0.4248938,-0.0035767227,0.017606676,0.0,0.0009550852,-0.001197784,0.107834436,0.09787063,-5.143743e-05,-0.0059643155,-0.0023327048,0.004079005,-0.0016317632,0.0,0.05363019,0.00057696406,-0.002626686,0.005312374,0.09578562,0.004141545
386,0.005121365,0.0,0.00508062,-0.0075587337,-0.0014581572,0.0046289456,0.034484945,0.0016731084,0.04635673,0.008150764,-0.0013338625,-3.711055e-05,0.0,0.0,0.0,0.00031905598,0.0116205225,0.004099873,0.0,-0.0077481605,-0.005806243,-0.0004922155,-0.00027172227,0.16939323,0.051264185,0.003506448,0.0004254509,-0.000581064,0.019502735,-0.002030258,0.0014352177,0.0014818693,-0.00010926255,0.13043559,0.008948645,-0.00029312226,0.19073384,0.042679887,0.041113116,-0.00047404435,0.0,0.0,0.14331144,0.42480302,-0.0035767227,0.017606676,0.0,0.0009550852,-0.001197784,0.10907337,0.099025615,-5.143743e-05,-0.0059643155,-0.0023327048,0.004079005,-0.0016317632,0.0,0.05363019,0.00057696406,-0.002626686,0.005312374,0.095209286,0.004141545
387,0.005121365,0.0,0.00508062,-0.0075587337,-0.0014581572,0.0046289456,0.034484945,0.0016731084,0.04635673,0.008150764,-0.0013338625,-3.711055e-05,0.0,0.0,0.0,0.00031905598,0.0116205225,0.004099873,0.0,-0.0077481605,-0.005806243,-0.0004922155,-0.00027172227,0.16939323,0.051264185,0.003506448,0.0004254509,-0.000581064,0.019502735,-0.002030258,0.0018594805,0.0014818693,-0.00010926255,0.13043559,0.008948645,-0.00029312226,0.19079724,0.042679887,0.041113116,-0.00047404435,0.0,0.0,0.14331144,0.4248678,-0.0035767227,0.017606676,0.0,0.0009550852,-0.001197784,0.10852091,0.099025615,-5.143743e-05,-0.0059643155,-0.0023327048,0.004079005,-0.0016317632,0.0,0.05363019,0.00057696406,-0.002626686,0.005312374,0.095209286,0.004141545
388,0.005121365,0.0,0.00508062,-0.0075587337,-0.0014581572,0.0046289456,0.034484945,0.0016731084,0.04635673,0.008150764,-0.0013338625,-3.711055e-05,0.0,0.0,0.0,0.00031905598,0.0116205225,0.004099873,0.0,-0.0077481605,-0.005806243,-0.0004922155,-0.00027172227,0.16939323,0.051264185,0.003506448,0.0004254509,-0.000581064,0.019502735,-0.002030258,0.0018594805,0.0014818693,-0.00010926255,0.12974903,0.008948645,-0.00029312226,0.19079724,0.042679887,0.041113116,-0.00047404435,0.0,0.0,0.14331144,0.43111262,-0.0035767227,0.017606676,0.0,0.0009550852,-0.001197784,0.10852091,0.099025615,-5.143743e-05,-0.0059643155,-0.0023327048,0.0025668105,-0.0016317632,0.0,0.05363019,-0.0020607328,-0.002626686,0.005312374,0.09380091,0.004141545
389,0.005121365,0.0,0.00508062,-0.0075587337,-0.0014581572,-0.0005964899,0.034484945,0.0016731084,0.04635673,0.008150764,-0.0013338625,-3.711055e-05,0.0,0.0,0.0,0.00031905598,0.0116205225,0.004099873,0.0,-0.0077481605,-0.005806243,3.8063037e-05,-0.00027172227,0.17402428,0.051264185,0.003506448,0.0004254509,-0.000581064,0.019502735,-0.002030258,0.0018594805,0.0014818693,-0.00010926255,0.13108641,0.008948645,-0.00029312226,0.19131804,0.042679887,0.041113116,-0.00047404435,0.0,0.0,0.14497861,0.42624614,-0.0035767227,0.017606676,0.0,0.0009550852,-0.001197784,0.10780998,0.096664496,-5.143743e-05,-0.0059643155,-0.0023327048,0.004079005,-0.0016317632,0.0,0.054326292,0.00057696406,-0.002626686,-0.0005072715,0.09925188,0.004141545
390,0.005121365,0.0,0.00508062,-0.0075587337,-0.0014581572,-0.0005964899,0.034484945,0.0016731084,0.04635673,0.008150764,-0.0013338625,-3.711055e-05,0.0,0.0,0.0,0.00031905598,0.0116205225,0.004099873,0.0,-0.0077481605,-0.005806243,3.8063037e-05,-0.00027172227,0.1710604,0.051264185,0.003506448,0.0004254509,-0.000581064,0.019502735,-0.002030258,0.0018594805,0.0014818693,-0.00010926255,0.13108641,0.008948645,-0.00029312226,0.19079724,0.042679887,0.041113116,-0.00047404435,0.0,0.0,0.14497861,0.42567486,-0.0035767227,0.017606676,0.0,0.0009550852,-0.001197784,0.107834436,0.096664496,-5.143743e-05,-0.0059643155,-0.0023327048,0.004079005,-0.0016317632,0.0,0.05363019,0.00057696406,-0.002626686,0.005312374,0.09815982,0.004141545
391,0.005121365,0.0,0.00508062,-0.0075587337,-0.0014581572,-0.0005964899,0.034484945,0.0016731084,0.04635673,0.008150764,-0.0013338625,-3.711055e-05,0.0,0.0,0.0,0.00031905598,0.0116205225,0.004099873,0.0,-0.0077481605,-0.005806243,3.8063037e-05,-0.00027172227,0.17235708,0.051264185,0.003506448,0.0004254509,-0.000581064,0.019502735,-0.002030258,0.0018594805,0.0014818693,-0.00010926255,0.13108641,0.008948645,-0.00029312226,0.19131804,0.042679887,0.041113116,-0.00047404435,0.0,0.0,0.14331144,0.42624614,-0.0035767227,0.017606676,0.0,0.0009550852,-0.001197784,0.10780998,0.09999885,-5.143743e-05,-0.0059643155,-0.0023327048,0.004079005,-0.0016317632,0.0,0.054326292,0.00057696406,-0.002626686,-0.0005072715,0.09925188,0.004141545
392,0.005121365,0.0,0.00508062,-0.0075587337,-0.0014581572,0.0046289456,0.034484945,0.0016731084,0.04635673,0.008150764,-0.0013338625,-3.711055e-05,0.0,0.0,0.0,0.00031905598,0.0116205225,0.004099873,0.0,-0.0077481605,-0.005806243,3.8063037e-05,-0.00027172227,0.16939323,0.051264185,0.003506448,0.0004254509,-0.000581064,0.019502735,-0.002030258,0.0018594805,0.0014818693,-0.00010926255,0.13043559,0.008948645,0.0009670862,0.19079724,0.042679887,0.041113116,-0.00047404435,0.0,0.0,0.14331144,0.42259106,-0.0035767227,0.017606676,0.0,0.0009550852,-0.001197784,0.107834436,0.099025615,-5.143743e-05,-0.0059643155,-0.0023327048,0.004079005,-0.0016317632,0.0,0.05363019,0.00057696406,-0.002626686,0.005312374,0.09638202,0.004141545
393,0.005121365,0.0,0.00508062,-0.0075587337,-0.0014581572,-0.0005964899,0.034484945,0.0016731084,0.04635673,0.008150764,-0.0013338625,-3.711055e-05,0.0,0.0,0.0,0.00031905598,0.0116205225,0.004099873,0.0,-0.0077481605,-0.005806243,3.8063037e-05,-0.00027172227,0.16939323,0.051264185,0.003506448,0.0004254509,-0.000581064,0.019502735,-0.002030258,0.0018594805,0.0014818693,-0.00010926255,0.13108641,0.008948645,-0.00029312226,0.19079724,0.042679887,0.041113116,-0.00047404435,0.0,0.0,0.14331144,0.42567486,-0.0035767227,0.017606676,0.0,0.0009550852,-0.001197784,0.107834436,0.09999885,-5.143743e-05,-0.0059643155,-0.0023327048,0.004079005,-0.0016317632,0.0,0.05363019,0.00057696406,-0.002626686,0.005312374,0.09815982,0.004141545
394,0.005121365,0.0,0.00508062,-0.0075587337,-0.0014581572,0.0046289456,0.034484945,0.0016731084,0.04635673,0.008150764,-0.0013338625,-3.711055e-05,0.0,0.0,0.0,0.00031905598,0.0116205225,0.004099873,0.0,-0.0077481605,-0.005806243,-0.0004922155,-0.00027172227,0.16939323,0.051264185,0.003506448,0.0004254509,-0.000581064,0.019502735,-0.002030258,0.0018594805,0.0014818693,-0.00010926255,0.13043559,0.008948645,-0.00029312226,0.19079724,0.042679887,0.041113116,-0.00047404435,0.0,0.0,0.14331144,0.4248678,-0.0035767227,0.017606676,0.0,0.0009550852,-0.001197784,0.10852091,0.099025615,-5.143743e-05,-0.0059643155,-0.0023327048,0.004079005,-0.0016317632,0.0,0.05363019,0.00057696406,-0.002626686,0.005312374,0.095209286,0.004141545
395,0.005121365,0.0,0.00508062,-0.0075587337,-0.0014581572,0.0046289456,0.034484945,0.0016731084,0.04635673,0.008150764,-0.0013338625,-3.711055e-05,0.0,0.0,0.0,0.00031905598,0.0116205225,0.004099873,0.0,-0.0077481605,-0.005806243,3.8063037e-05,-0.00027172227,0.16939323,0.051264185,0.003506448,0.0004254509,-0.000581064,0.019502735,-0.002030258,0.0018594805,0.0014818693,-0.00010926255,0.13043559,0.008948645,-0.00029312226,0.19079724,0.042679887,0.041113116,-0.00047404435,0.0,0.0,0.14331144,0.425024,-0.0035767227,0.017606676,0.0,0.0009550852,-0.001197784,0.107834436,0.099025615,-5.143743e-05,-0.0059643155,-0.0023327048,0.004079005,-0.0016317632,0.0,0.05363019,0.00057696406,-0.002626686,0.005312374,0.095209286,0.004141545
396,0.005121365,0.0,0.00508062,-0.0075587337,-0.0014581572,0.0046289456,0.034484945,0.0016731084,0.04635673,0.008150764,-0.0013338625,-3.711055e-05,0.0,0.0,0.0,0.00031905598,0.0116205225,0.004099873,0.0,-0.0077481605,-0.005806243,3.8063037e-05,-0.00027172227,0.16939323,0.051264185,0.003506448,0.0004254509,-0.000581064,0.019502735,-0.002030258,0.0018594805,0.0014818693,-0.00010926255,0.13043559,0.008948645,-0.00029312226,0.19079724,0.042679887,0.041113116,-0.00047404435,0.0,0.0,0.14331144,0.425024,-0.0035767227,0.017606676,0.0,0.0009550852,-0.001197784,0.107834436,0.099025615,-5.143743e-05,-0.0059643155,-0.0023327048,0.004079005,-0.0016317632,0.0,0.05363019,0.00057696406,-0.002626686,0.005312374,0.095209286,0.004141545
397,0.005121365,0.0,0.00508062,-0.0075587337,-0.0014581572,0.0046289456,0.034484945,0.0016731084,0.04635673,0.008150764,-0.0013338625,-3.711055e-05,0.0,0.0,0.0,0.00031905598,0.0116205225,0.004099873,0.0,-0.0077481605,-0.005806243,-0.0004922155,-0.00027172227,0.16939323,0.051264185,0.003506448,0.0004254509,-0.000581064,0.019502735,-0.002030258,0.0018594805,0.0014818693,-0.00010926255,0.12974903,0.008948645,-0.00029312226,0.19079724,0.042679887,0.041113116,-0.00047404435,0.0,0.0,0.14331144,0.42819205,-0.0035767227,0.017606676,0.0,0.0009550852,-0.001197784,0.10852091,0.099025615,-5.143743e-05,-0.0059643155,-0.0023327048,0.004079005,-0.0016317632,0.0,0.05363019,-0.0020607328,-0.002626686,0.005312374,0.095209286,0.004141545
398,0.005121365,0.0,0.00508062,-0.0075587337,-0.0014581572,-0.0005964899,0.034484945,0.0016731084,0.04635673,0.008150764,-0.0013338625,-3.711055e-05,0.0,0.0,0.0,0.00031905598,0.0116205225,0.004099873,0.0,-0.0077481605,-0.005806243,3.8063037e-05,-0.00027172227,0.1710604,0.051264185,0.003506448,0.0004254509,-0.000581064,0.019502735,-0.002030258,0.0018594805,0.0014818693,-0.00010926255,0.13108641,0.008948645,-0.00029312226,0.19079724,0.042679887,0.041113116,-0.00047404435,0.0,0.0,0.14497861,0.42567486,-0.0035767227,0.017606676,0.0,0.0009550852,-0.001197784,0.107834436,0.096664496,-5.143743e-05,-0.0059643155,-0.0023327048,0.004079005,-0.0016317632,0.0,0.05363019,0.00057696406,-0.002626686,0.005312374,0.09815982,0.004141545
399,0.005121365,0.0,0.00508062,-0.0075587337,-0.0014581572,0.0046289456,0.034484945,0.0016731084,0.04635673,0.008150764,-0.0013338625,-3.711055e-05,0.0,0.0,0.0,0.00031905598,0.0116205225,0.004099873,0.0,-0.0077481605,-0.005806243,3.8063037e-05,-0.00027172227,0.1710604,0.051264185,0.003506448,0.0004254509,-0.000581064,0.019502735,-0.002030258,0.0018594805,0.0014818693,-0.00010926255,0.13043559,0.008948645,0.002186881,0.19079724,0.042679887,0.041113116,-0.00047404435,0.0,0.0,0.13987312,0.4248938,-0.0035767227,0.017606676,0.0,0.0009550852,-0.001197784,0.107834436,0.09787063,-5.143743e-05,-0.0059643155,-0.0023327048,0.004079005,-0.0016317632,0.0,0.05363019,0.00057696406,-0.002626686,0.005312374,0.09578562,0.004141545
400,0.0050096945,0.0,0.00508062,-0.0078102536,-0.0014581572,0.005641249,0.026726432,0.0016731084,0.034741018,0.008150764,-0.0013338625,-3.711055e-05,0.0,0.0,0.0,0.00031905598,0.00884168,0.0050504073,0.0,-0.0077481605,-0.005806243,-0.0004922155,-0.00027172227,0.20887122,0.04866675,0.003506448,0.0004254509,-0.00059893256,0.020134209,-0.002030258,0.0018594805,0.0014818693,-0.00010926255,0.14618269,0.0098388735,0.00010818662,0.20312649,0.052928574,0.038721807,-0.00047404435,0.0,0.0,0.17196997,0.45081323,-0.0035767227,0.019480899,0.0,0.0008935593,-0.001197784,0.109316096,-0.013202603,-5.143743e-05,-0.0059643155,0.00078493473,-0.0018755121,-0.0016317632,0.0,0.05363019,0.00057696406,-0.0037800334,0.005312374,0.10004987,0.004141545
401,0.0050096945,0.0,0.00508062,-0.0078102536,-0.0014581572,0.005641249,0.026726432,0.0016731084,0.034741018,0.008150764,-0.0013338625,-3.711055e-05,0.0,0.0,0.0,0.00031905598,0.00884168,0.0050504073,0.0,-0.0077481605,-0.005806243,-0.0004922155,-0.00027172227,0.20887122,0.04866675,0.003506448,0.0004254509,-0.00059893256,0.020134209,-0.002030258,0.0018594805,0.0014818693,-0.00010926255,0.14618269,0.0098388735,0.00010818662,0.20312649,0.052928574,0.038721807,-0.00047404435,0.0,0.0,0.17196997,0.45081323,-0.0035767227,0.019480899,0.0,0.0008935593,-0.001197784,0.109316096,-0.013202603,-5.143743e-05,-0.0059643155,0.00078493473,-0.0018755121,-0.0016317632,0.0,0.05363019,0.00057696406,-0.0037800334,0.005312374,0.10004987,0.004141545
402,0.0050096945,0.0,0.00508062,-0.0078102536,-0.0014581572,0.005641249,0.026726432,0.0016731084,0.034741018,0.008150764,-0.0013338625,-3.711055e-05,0.0,0.0,0.0,0.00031905598,0.00884168,0.0050504073,0.0,-0.0077481605,-0.005806243,-0.0004922155,-0.00027172227,0.20887122,0.04866675,0.003506448,0.0004254509,-0.00059893256,0.020134209,-0.002030258,0.0018594805,0.0014818693,-0.00010926255,0.14618269,0.0098388735,5.6470104e-05,0.20312649,0.052928574,0.038721807,-0.00047404435,0.0,0.0,0.17221889,0.45094344,-0.0035767227,0.019480899,0.0,0.0008935593,-0.001197784,0.109316096,-0.012953685,-5.143743e-05,-0.0059643155,0.00078493473,-0.0018755121,-0.0016317632,0.0,0.05363019,0.00057696406,-0.0037800334,0.005312374,0.099473536,0.004141545
403,0.0050096945,0.0,0.00508062,-0.0078102536,-0.0014581572,0.005641249,0.026726432,0.0016731084,0.034741018,0.008150764,-0.0013338625,-3.711055e-05,0.0,0.0,0.0,0.00031905598,0.00884168,0.0050504073,0.0,-0.0077481605,-0.005806243,-0.0004922155,-0.00027172227,0.20887122,0.04866675,0.003506448,0.0004254509,-0.00059893256,0.020134209,-0.002030258,0.0018594805,0.0014818693,-0.00010926255,0.14618269,0.0098388735,0.00010818662,0.20312649,0.052928574,0.038721807,-0.00047404435,0.0,0.0,0.17196997,0.45081323,-0.0035767227,0.019480899,0.0,0.0008935593,-0.001197784,0.109316096,-0.013202603,-5.143743e-05,-0.0059643155,0.00078493473,-0.0018755121,-0.0016317632,0.0,0.05363019,0.00057696406,-0.0037800334,0.005312374,0.10004987,0.004141545
404,0.0050096945,0.0,0.00508062,-0.0078102536,-0.0014581572,0.005641249,0.026838558,0.0016731084,0.034741018,0.008150764,-0.0013338625,-3.711055e-05,0.0,0.0,0.0,0.00031905598,0.00884168,0.0050504073,0.0,-0.006297049,-0.005806243,-0.0004922155,-0.00027172227,0.20679808,0.04866675,0.003506448,0.0004254509,-0.00059893256,0.020134209,-0.002030258,0.0018594805,0.0014818693,-0.00010926255,0.14680037,0.0098388735,0.00010818662,0.20094301,0.052928574,0.038721807,-0.00047404435,0.0,0.0,0.16972232,0.44614294,0.0030215492,0.019480899,0.0,0.0008935593,-0.001197784,0.10926004,-0.013202603,-5.143743e-05,-0.0059643155,0.00078493473,-0.0018755121,-0.0016317632,0.0,0.05363019,0.00057696406,-0.0037800334,0.005312374,0.10250132,0.004141545
405,0.0050096945,0.0,0.00508062,-0.0078102536,-0.0014581572,0.005641249,0.026726432,0.0016731084,0.034741018,0.008150764,-0.0013338625,-3.711055e-05,0.0,0.0,0.0,0.00031905598,0.00884168,0.0050504073,0.0,-0.006297049,-0.005806243,-0.0004922155,-0.00027172227,0.20679808,0.04866675,0.003506448,0.0004254509,-0.00059893256,0.020134209,-0.002030258,0.0018594805,0.0014818693,-0.00010926255,0.14680037,0.0098388735,0.00010818662,0.20094301,0.052928574,0.038721807,-0.00047404435,0.0,0.0,0.16977838,0.44614294,0.0030215492,0.019480899,0.0,0.0008935593,-0.001197784,0.109316096,-0.013202603,-5.143743e-05,-0.0059643155,0.00078493473,-0.0018755121,-0.0016317632,0.0,0.05363019,0.00057696406,-0.0037800334,0.005312374,0.10250132,0.004141545
406,0.0050096945,0.0,0.00508062,-0.0078102536,-0.0014581572,0.005641249,-0.09723771,0.009950097,0.033584457,0.008150764,-0.0013338625,-3.711055e-05,0.0,0.0,0.0,0.00031905598,0.008401812,0.0050504073,0.0,-0.0077481605,-0.005806243,-0.0004922155,-0.00027172227,0.2042853,0.04866675,0.003506448,0.0004254509,-0.00059893256,0.020134209,-0.002030258,0.0018594805,0.0014818693,-0.00010926255,0.1436826,0.0098388735,-0.00038965093,0.18538505,0.049552694,0.038721807,-0.00047404435,0.0,0.0,0.15989865,0.4404028,-0.0035767227,0.019480899,0.0,0.0008935593,-0.001197784,0.108105436,-0.012953685,-5.143743e-05,-0.0059643155,0.00078493473,-0.0018755121,-0.0016317632,0.0,0.05139835,0.00057696406,-0.0037800334,0.005312374,0.09763059,0.0012352383
407,0.0050096945,0.0,0.00508062,-0.0078102536,-0.0014581572,0.005641249,0.013338798,0.0016731084,0.034741018,0.008150764,-0.0013338625,-3.711055e-05,0.0,0.0,0.0,0.00031905598,0.00884168,0.0050504073,0.0,-0.0077481605,-0.005806243,-0.0004922155,-0.00027172227,0.2042853,0.04866675,0.003506448,0.0004254509,-0.00059893256,0.020134209,-0.002030258,0.0018594805,0.0014818693,-0.00010926255,0.14618269,0.0098388735,0.0013166785,0.20312649,0.052928574,0.038721807,-0.00047404435,0.0,0.0,0.17221889,0.4485105,-0.0035767227,0.019480899,0.0,0.0008935593,-0.001197784,0.109316096,-0.012953685,-5.143743e-05,-0.0059643155,0.00078493473,-0.0018755121,-0.0016317632,0.0,0.053265315,0.00057696406,-0.0037800334,0.005312374,0.098226994,0.004141545
408,0.0050096945,0.0,0.00508062,-0.0078102536,-0.0014581572,0.005641249,0.013338798,0.0016731084,0.034741018,0.008150764,-0.0013338625,-3.711055e-05,0.0,0.0,0.0,0.00031905598,0.00884168,0.0050504073,0.0,-0.0077481605,-0.005806243,-0.0004922155,-0.00027172227,0.2042853,0.04866675,0.003506448,0.0004254509,-0.00059893256,0.020134209,-0.002030258,0.0018594805,0.0014818693,-0.00010926255,0.14618269,0.0098388735,5.6470104e-05,0.20312649,0.052928574,0.038721807,-0.00047404435,0.0,0.0,0.17221889,0.45094344,-0.0035767227,0.019480899,0.0,0.0008935593,-0.001197784,0.109316096,-0.012953685,-5.143743e-05,-0.0059643155,0.00078493473,-0.0018755121,-0.0016317632,0.0,0.053265315,0.00057696406,-0.0037800334,0.005312374,0.09705426,0.004141545
409,0.0050096945,0.0,0.00508062,-0.0078102536,-0.0014581572,0.005641249,0.026726432,0.0016731084,0.034741018,0.008150764,-0.0013338625,-3.711055e-05,0.0,0.0,0.0,0.00031905598,0.00884168,0.0050504073,0.0,-0.0077481605,-0.005806243,-0.0004922155,-0.00027172227,0.20887122,0.04866675,0.003506448,0.0004254509,-0.00059893256,0.020134209,-0.002030258,0.0018594805,0.0014818693,-0.00010926255,0.14618269,0.0098388735,5.6470104e-05,0.20312649,0.052928574,0.038721807,-0.00047404435,0.0,0.0,0.17221889,0.45094344,-0.0035767227,0.019480899,0.0,0.0008935593,-0.001197784,0.109316096,-0.012953685,-5.143743e-05,-0.0059643155,0.00078493473,-0.0018755121,-0.0016317632,0.0,0.05363019,0.00057696406,-0.0037800334,0.005312374,0.099473536,0.004141545
410,0.0050096945,0.0,0.00508062,-0.0078102536,-0.0014581572,0.005641249,0.026838558,0.0016731084,0.034741018,0.008150764,-0.0013338625,-3.711055e-05,0.0,0.0,0.0,0.00031905598,0.00884168,0.0050504073,0.0,-0.006297049,-0.005806243,-0.0004922155,-0.00027172227,0.20679808,0.04866675,0.003506448,0.0004254509,-0.00059893256,0.020134209,-0.002030258,0.0018594805,0.0014818693,-0.00010926255,0.14680037,0.0098388735,-0.00038965093,0.20094301,0.052928574,0.038721807,-0.00047404435,0.0,0.0,0.16997124,0.44614294,0.0030215492,0.019480899,0.0,0.0008935593,-0.001197784,0.10926004,-0.012953685,-5.143743e-05,-0.0059643155,0.00078493473,-0.0018755121,-0.0016317632,0.0,0.05363019,0.00057696406,-0.0037800334,0.005312374,0.10250132,0.004141545
411,0.0050096945,0.0,0.00508062,-0.0078102536,-0.0014581572,0.005641249,0.026726432,0.0016731084,0.034741018,0.008150764,-0.0013338625,-3.711055e-05,0.0,0.0,0.0,0.00031905598,0.00884168,0.0050504073,0.0,-0.006297049,-0.005806243,-0.0004922155,-0.00027172227,0.20679808,0.04866675,0.003506448,0.0004254509,-0.00059893256,0.020134209,-0.002030258,0.0018594805,0.0014818693,-0.00010926255,0.14680037,0.0098388735,-0.00038965093,0.20094301,0.052928574,0.038721807,-0.00047404435,0.0,0.0,0.1700273,0.44614294,0.0030215492,0.019480899,0.0,0.0008935593,-0.001197784,0.109316096,-0.012953685,-5.143743e-05,-0.0059643155,0.00078493473,-0.0018755121,-0.0016317632,0.0,0.05363019,0.00057696406,-0.0037800334,0.005312374,0.10250132,0.004141545
412,0.0050096945,0.0,0.00508062,-0.0078102536,-0.0014581572,0.005641249,0.026838558,0.0016731084,0.034741018,0.008150764,-0.0013338625,-3.711055e-05,0.0,0.0,0.0,0.00031905598,0.00884168,0.0050504073,0.0,-0.006297049,-0.005806243,-0.0004922155,-0.00027172227,0.20679808,0.04866675,0.003506448,0.0004254509,-0.00059893256,0.020134209,-0.002030258,0.0018594805,0.0014818693,-0.00010926255,0.14618269,0.0098388735,-0.00038965093,0.20312649,0.052928574,0.038721807,-0.00047404435,0.0,0.0,0.17216283,0.45081323,-0.0035767227,0.019480899,0.0,0.0008935593,-0.001197784,0.10926004,-0.012953685,-5.143743e-05,-0.0059643155,0.00078493473,-0.0018755121,-0.0016317632,0.0,0.05363019,0.00057696406,-0.0037800334,0.005312374,0.1006719,0.004141545
413,0.0050096945,0.0,0.00508062,-0.0078102536,-0.0014581572,0.005641249,0.026726432,0.0016731084,0.034741018,0.008150764,-0.0013338625,-3.711055e-05,0.0,0.0,0.0,0.00031905598,0.00884168,0.0050504073,0.0,-0.006297049,-0.005806243,-0.0004922155,-0.00027172227,0.20679808,0.04866675,0.003506448,0.0004254509,-0.00059893256,0.020134209,-0.002030258,0.0018594805,0.0014818693,-0.00010926255,0.14618269,0.0098388735,-0.00038965093,0.20312649,0.052928574,0.038721807,-0.00047404435,0.0,0.0,0.17221889,0.45081323,-0.0035767227,0.019480899,0.0,0.0008935593,-0.001197784,0.109316096,-0.012953685,-5.143743e-05,-0.0059643155,0.00078493473,-0.0018755121,-0.0016317632,0.0,0.05363019,0.00057696406,-0.0037800334,0.005312374,0.1006719,0.004141545
414,0.0050096945,0.0,0.00508062,-0.0078102536,-0.0014581572,0.005641249,0.026726432,0.0016731084,0.034741018,0.008150764,-0.0013338625,-3.711055e-05,0.0,0.0,0.0,0.00031905598,0.00884168,0.0050504073,0.0,-0.006297049,-0.005806243,-0.0004922155,-0.00027172227,0.20976192,0.04866675,0.003506448,0.0004254509,-0.00059893256,0.020134209,-0.002030258,0.0018594805,0.0014818693,-0.00010926255,0.14680037,0.0098388735,5.6470104e-05,0.2014638,0.052928574,0.038721807,-0.00047404435,0.0,0.0,0.1700273,0.44684443,0.0030215492,0.019480899,0.0,0.0008935593,-0.001197784,0.10929164,-0.012953685,-5.143743e-05,-0.0059643155,0.00078493473,-0.0018755121,-0.0016317632,0.0,0.054326292,0.00057696406,-0.0037800334,-0.0005072715,0.10301705,0.004141545
415,0.0050096945,0.0,0.00508062,-0.0078102536,-0.0014581572,0.005641249,0.026726432,0.0016731084,0.034741018,0.008150764,-0.0013338625,-3.711055e-05,0.0,0.0,0.0,0.00031905598,0.00884168,0.0050504073,0.0,-0.0077481605,-0.005806243,-0.0004922155,-0.00027172227,0.20887122,0.04866675,0.003506448,0.0004254509,-0.00059893256,0.020134209,-0.002030258,0.0018594805,0.0014818693,-0.00010926255,0.14618269,0.0098388735,-0.00038965093,0.20312649,0.052928574,0.038721807,-0.00047404435,0.0,0.0,0.17221889,0.45081323,-0.0035767227,0.019480899,0.0,0.0008935593,-0.001197784,0.109316096,-0.012953685,-5.143743e-05,-0.0059643155,0.00078493473,-0.0018755121,-0.0016317632,0.0,0.05363019,0.00057696406,-0.0037800334,0.005312374,0.10004987,0.004141545
416,0.0050096945,0.0,0.00508062,-0.0078102536,-0.0014581572,0.005641249,0.026838558,0.0016731084,0.034741018,0.008150764,-0.0013338625,-3.711055e-05,0.0,0.0,0.0,0.00031905598,0.00884168,0.0050504073,0.0,-0.0077481605,-0.005806243,-0.0004922155,-0.00027172227,0.20887122,0.04866675,0.003506448,0.0004254509,-0.00059893256,0.020134209,-0.002030258,0.0018594805,0.0014818693,-0.00010926255,0.14618269,0.0098388735,0.00010818662,0.20312649,0.052928574,0.038721807,-0.00047404435,0.0,0.0,0.1719139,0.45081323,-0.0035767227,0.019480899,0.0,0.0008935593,-0.001197784,0.10926004,-0.013202603,-5.143743e-05,-0.0059643155,0.00078493473,-0.0018755121,-0.0016317632,0.0,0.05363019,0.00057696406,-0.0037800334,0.005312374,0.10004987,0.004141545
417,0.0050096945,0.0,0.00508062,-0.0078102536,-0.0014581572,0.005641249,0.026838558,0.0016731084,0.034741018,0.008150764,-0.0013338625,-3.711055e-05,0.0,0.0,0.0,0.00031905598,0.00884168,0.0050504073,0.0,-0.006297049,-0.005806243,-0.0004922155,-0.00027172227,0.20679808,0.04866675,0.003506448,0.0004254509,-0.00059893256,0.020134209,-0.002030258,0.0018594805,0.0014818693,-0.00010926255,0.14680037,0.0098388735,0.00010818662,0.20094301,0.052928574,0.038721807,-0.00047404435,0.0,0.0,0.16972232,0.44614294,0.0030215492,0.019480899,0.0,0.0008935593,-0.001197784,0.10926004,-0.013202603,-5.143743e-05,-0.0059643155,0.00078493473,-0.0018755121,-0.0016317632,0.0,0.05363019,0.00057696406,-0.0037800334,0.005312374,0.10250132,0.004141545
418,0.0050096945,0.0,0.00508062,-0.0078102536,-0.0014581572,0.005641249,0.026726432,0.0016731084,0.034741018,0.008150764,-0.0013338625,-3.711055e-05,0.0,0.0,0.0,0.00031905598,0.00884168,0.0050504073,0.0,-0.0077481605,-0.005806243,-0.0004922155,-0.00027172227,0.20887122,0.04866675,0.003506448,0.0004254509,-0.00059893256,0.020134209,-0.002030258,0.0018594805,0.0014818693,-0.00010926255,0.14618269,0.0098388735,0.00010818662,0.20312649,0.052928574,0.038721807,-0.00047404435,0.0,0.0,0.17196997,0.45081323,-0.0035767227,0.019480899,0.0,0.0008935593,-0.001197784,0.109316096,-0.013202603,-5.143743e-05,-0.0059643155,0.00078493473,-0.0018755121,-0.0016317632,0.0,0.05363019,0.00057696406,-0.0037800334,0.005312374,0.10004987,0.004141545
419,0.0050096945,0.0,0.00508062,-0.0078102536,-0.0014581572,0.005641249,0.026726432,0.0016731084,0.034741018,0.008150764,-0.0013338625,-3.711055e-05,0.0,0.0,0.0,0.00031905598,0.00884168,0.0050504073,0.0,-0.0077481605,-0.005806243,-0.0004922155,-0.00027172227,0.20887122,0.04866675,0.003506448,0.0004254509,-0.00059893256,0.020134209,-0.002030258,0.0018594805,0.0014818693,-0.00010926255,0.14618269,0.0098388735,-0.00038965093,0.20312649,0.052928574,0.038721807,-0.00047404435,0.0,0.0,0.17221889,0.45081323,-0.0035767227,0.019480899,0.0,0.0008935593,-0.001197784,0.109316096,-0.012953685,-5.143743e-05,-0.0059643155,0.00078493473,-0.0018755121,-0.0016317632,0.0,0.05363019,0.00057696406,-0.0037800334,0.005312374,0.10004987,0.004141545
420,0.0050096945,0.0,0.00508062,-0.0078102536,-0.0014581572,0.005641249,0.026838558,0.0016731084,0.035822604,0.008150764,-0.0013338625,-3.711055e-05,0.0,0.0,0.0,0.00031905598,0.00884168,0.0050504073,0.0,-0.006297049,-0.005806243,-0.0004922155,-0.00027172227,0.20658624,0.04866675,0.003506448,0.0004254509,-0.00059893256,0.020134209,-0.002030258,0.0018594805,0.0014818693,-0.00010926255,0.14680037,0.0098388735,5.6470104e-05,0.20094301,0.052928574,0.038721807,-0.00047404435,0.0,0.0,0.16997124,0.44627315,0.0030215492,0.019480899,0.0,2.3787492e-05,-0.001197784,0.10926004,-0.012953685,-5.143743e-05,-0.0059643155,0.00078493473,-0.0018755121,-0.0016317632,0.0,0.05363019,0.00057696406,-0.0037800334,0.005312374,0.101924986,0.004141545
421,0.0050096945,0.0,0.00508062,-0.0078102536,-0.0014581572,0.005641249,0.026838558,0.0016731084,0.035822604,0.008150764,-0.0013338625,-3.711055e-05,0.0,0.0,0.0,0.00031905598,0.00884168,0.0050504073,0.0,-0.006297049,-0.005806243,-0.0004922155,-0.00027172227,0.20658624,0.04866675,0.003506448,0.0004254509,-0.00059893256,0.020134209,-0.002030258,0.0018594805,0.0014818693,-0.00010926255,0.14680037,0.0098388735,5.6470104e-05,0.20094301,0.052928574,0.038721807,-0.00047404435,0.0,0.0,0.16997124,0.44627315,0.0030215492,0.019480899,0.0,2.3787492e-05,-0.001197784,0.10926004,-0.012953685,-5.143743e-05,-0.0059643155,0.00078493473,-0.0018755121,-0.0016317632,0.0,0.05363019,0.00057696406,-0.0037800334,0.005312374,0.101924986,0.004141545
422,0.0050096945,0.0,0.00508062,-0.0078102536,-0.0014581572,0.005641249,0.026726432,0.0016731084,0.035822604,0.008150764,-0.0013338625,-3.711055e-05,0.0,0.0,0.0,0.00031905598,0.00884168,0.0050504073,0.0,-0.006297049,-0.005806243,-0.0004922155,-0.00027172227,0.20658624,0.04866675,0.003506448,0.0004254509,-0.00059893256,0.020134209,-0.002030258,0.0018594805,0.0014818693,-0.00010926255,0.14680037,0.0098388735,5.6470104e-05,0.20094301,0.052928574,0.038721807,-0.00047404435,0.0,0.0,0.1700273,0.44627315,0.0030215492,0.019480899,0.0,2.3787492e-05,-0.001197784,0.109316096,-0.012953685,-5.143743e-05,-0.0059643155,0.00078493473,-0.0018755121,-0.0016317632,0.0,0.05363019,0.00057696406,-0.0037800334,0.005312374,0.101924986,0.004141545
423,0.0050096945,0.0,0.00508062,-0.0078102536,-0.0014581572,0.005641249,0.026838558,0.0016731084,0.035822604,0.008150764,-0.0013338625,-3.711055e-05,0.0,0.0,0.0,0.00031905598,0.00884168,0.0050504073,0.0,-0.006297049,-0.005806243,-0.0004922155,-0.00027172227,0.20658624,0.04866675,0.003506448,0.0004254509,-0.00059893256,0.020134209,-0.002030258,0.0018594805,0.0014818693,-0.00010926255,0.14680037,0.0098388735,5.6470104e-05,0.20094301,0.052928574,0.038721807,-0.00047404435,0.0,0.0,0.16997124,0.44627315,0.0030215492,0.019480899,0.0,2.3787492e-05,-0.001197784,0.10926004,-0.012953685,-5.143743e-05,-0.0059643155,0.00078493473,-0.0018755121,-0.0016317632,0.0,0.05363019,0.00057696406,-0.0037800334,0.005312374,0.101924986,0.004141545
424,0.0050096945,0.0,0.00508062,-0.0078102536,-0.0014581572,0.005641249,0.026726432,0.0016731084,0.035822604,0.008150764,-0.0013338625,-3.711055e-05,0.0,0.0,0.0,0.00031905598,0.00884168,0.0050504073,0.0,-0.006297049,-0.005806243,-0.0004922155,-0.00027172227,0.20658624,0.04866675,0.003506448,0.0004254509,-0.00059893256,0.020134209,-0.002030258,0.0018594805,0.0014818693,-0.00010926255,0.14680037,0.0098388735,5.6470104e-05,0.20094301,0.052928574,0.038721807,-0.00047404435,0.0,0.0,0.1700273,0.44627315,0.0030215492,0.019480899,0.0,2.3787492e-05,-0.001197784,0.109316096,-0.012953685,-5.143743e-05,-0.0059643155,0.00078493473,-0.0018755121,-0.0016317632,0.0,0.05363019,0.00057696406,-0.0037800334,0.005312374,0.101924986,0.004141545
425,0.0050096945,0.0,0.00508062,-0.0078102536,-0.0014581572,0.005641249,0.026726432,0.0016731084,0.034741018,0.008150764,-0.0013338625,-3.711055e-05,0.0,0.0,0.0,0.00031905598,0.00884168,0.0050504073,0.0,-0.0077481605,-0.005806243,-0.0004922155,-0.00027172227,0.20887122,0.04866675,0.003506448,0.0004254509,-0.00059893256,0.020134209,-0.002030258,0.0018594805,0.0014818693,-0.00010926255,0.14618269,0.0098388735,-0.00038965093,0.20312649,0.052928574,0.038721807,-0.00047404435,0.0,0.0,0.17221889,0.45081323,-0.0035767227,0.019480899,0.0,0.0008935593,-0.001197784,0.109316096,-0.012953685,-5.143743e-05,-0.0059643155,0.00078493473,-0.0018755121,-0.0016317632,0.0,0.05363019,0.00057696406,-0.0037800334,0.005312374,0.10004987,0.004141545
426,0.0050096945,0.0,0.00508062,-0.0078102536,-0.0014581572,0.005641249,0.026838558,0.0016731084,0.034741018,0.008150764,-0.0013338625,-3.711055e-05,0.0,0.0,0.0,0.00031905598,0.00884168,0.0050504073,0.0,-0.006297049,-0.005806243,-0.0004922155,-0.00027172227,0.20679808,0.04866675,0.003506448,0.0004254509,-0.00059893256,0.020134209,-0.002030258,0.0018594805,0.0014818693,-0.00010926255,0.14680037,0.0098388735,-0.00038965093,0.20094301,0.052928574,0.038721807,-0.00047404435,0.0,0.0,0.16997124,0.44614294,0.0030215492,0.019480899,0.0,0.0008935593,-0.001197784,0.10926004,-0.012953685,-5.143743e-05,-0.0059643155,0.00078493473,-0.0018755121,-0.0016317632,0.0,0.05363019,0.00057696406,-0.0037800334,0.005312374,0.10250132,0.004141545
427,0.0050096945,0.0,0.00508062,-0.0078102536,-0.0014581572,0.005641249,0.026726432,0.0016731084,0.034741018,0.008150764,-0.0013338625,-3.711055e-05,0.0,0.0,0.0,0.00031905598,0.00884168,0.0050504073,0.0,-0.0077481605,-0.005806243,-0.0004922155,-0.00027172227,0.20887122,0.04866675,0.003506448,0.0004254509,-0.00059893256,0.020134209,-0.002030258,0.0018594805,0.0014818693,-0.00010926255,0.14618269,0.0098388735,0.0013166785,0.20312649,0.052928574,0.038721807,-0.00047404435,0.0,0.0,0.17221889,0.4485105,-0.0035767227,0.019480899,0.0,0.0008935593,-0.001197784,0.109316096,-0.012953685,-5.143743e-05,-0.0059643155,0.00078493473,-0.0018755121,-0.0016317632,0.0,0.05363019,0.00057696406,-0.0037800334,0.005312374,0.10064627,0.004141545
428,0.0050096945,0.0,0.00508062,-0.0078102536,-0.0014581572,0.005641249,0.026726432,0.0016731084,0.034741018,0.008150764,-0.0013338625,-3.711055e-05,0.0,0.0,0.0,0.00031905598,0.00884168,0.0050504073,0.0,-0.006297049,-0.005806243,-0.0004922155,-0.00027172227,0.20679808,0.04866675,0.003506448,0.0004254509,-0.00059893256,0.020134209,-0.002030258,0.0018594805,0.0014818693,-0.00010926255,0.14618269,0.0098388735,0.00010818662,0.20312649,0.052928574,0.038721807,-0.00047404435,0.0,0.0,0.17196997,0.45081323,-0.0035767227,0.019480899,0.0,0.0008935593,-0.001197784,0.109316096,-0.013202603,-5.143743e-05,-0.0059643155,0.00078493473,-0.0018755121,-0.0016317632,0.0,0.05363019,0.00057696406,-0.0037800334,0.005312374,0.1006719,0.004141545
429,0.0050096945,0.0,0.00508062,-0.0078102536,-0.0014581572,0.005641249,0.026838558,0.0016731084,0.034741018,0.008150764,-0.0013338625,-3.711055e-05,0.0,0.0,0.0,0.00031905598,0.00884168,0.0050504073,0.0,-0.0077481605,-0.005806243,-0.0004922155,-0.00027172227,0.20887122,0.04866675,0.003506448,0.0004254509,-0.00059893256,0.020134209,-0.002030258,0.0018594805,0.0014818693,-0.00010926255,0.14618269,0.0098388735,-0.00038965093,0.20312649,0.052928574,0.038721807,-0.00047404435,0.0,0.0,0.17216283,0.45081323,-0.0035767227,0.019480899,0.0,0.0008935593,-0.001197784,0.10926004,-0.012953685,-5.143743e-05,-0.0059643155,0.00078493473,-0.0018755121,-0.0016317632,0.0,0.05363019,0.00057696406,-0.0037800334,0.005312374,0.10004987,0.004141545
430,0.0050096945,0.0,0.00508062,-0.0078102536,-0.0014581572,0.005641249,0.026726432,0.0016731084,0.034741018,0.008150764,-0.0013338625,-3.711055e-05,0.0,0.0,0.0,0.00031905598,0.00884168,0.0050504073,0.0,-0.006297049,-0.005806243,-0.0004922155,-0.00027172227,0.20679808,0.04866675,0.003506448,0.0004254509,-0.00059893256,0.020134209,-0.002030258,0.0018594805,0.0014818693,-0.00010926255,0.14680037,0.0098388735,0.00010818662,0.20094301,0.052928574,0.038721807,-0.00047404435,0.0,0.0,0.16977838,0.44614294,0.0030215492,0.019480899,0.0,0.0008935593,-0.001197784,0.109316096,-0.013202603,-5.143743e-05,-0.0059643155,0.00078493473,-0.0018755121,-0.0016317632,0.0,0.05363019,0.00057696406,-0.0037800334,0.005312374,0.10250132,0.004141545
431,0.0050096945,0.0,0.00508062,-0.0078102536,-0.0014581572,0.005641249,0.026726432,0.0016731084,0.034741018,0.008150764,-0.0013338625,-3.711055e-05,0.0,0.0,0.0,0.00031905598,0.00884168,0.0050504073,0.0,-0.006297049,-0.005806243,-0.0004922155,-0.00027172227,0.20679808,0.04866675,0.003506448,0.0004254509,-0.00059893256,0.020134209,-0.002030258,0.0018594805,0.0014818693,-0.00010926255,0.14680037,0.0098388735,-0.00038965093,0.20094301,0.052928574,0.038721807,-0.00047404435,0.0,0.0,0.1700273,0.44614294,0.0030215492,0.019480899,0.0,0.0008935593,-0.001197784,0.109316096,-0.012953685,-5.143743e-05,-0.0059643155,0.00078493473,-0.0018755121,-0.0016317632,0.0,0.05363019,0.00057696406,-0.0037800334,0.005312374,0.10250132,0.004141545
432,0.0050096945,0.0,0.00508062,-0.0078102536,-0.0014581572,0.005641249,0.026726432,0.0016731084,0.034741018,0.008150764,-0.0013338625,-3.711055e-05,0.0,0.0,0.0,0.00031905598,0.00884168,0.0050504073,0.0,-0.006297049,-0.005806243,-0.0004922155,-0.00027172227,0.20679808,0.04866675,0.003506448,0.0004254509,-0.00059893256,0.020134209,-0.002030258,0.0018594805,0.0014818693,-0.00010926255,0.14680037,0.0098388735,-0.00038965093,0.20094301,0.052928574,0.038721807,-0.00047404435,0.0,0.0,0.1700273,0.44614294,0.0030215492,0.019480899,0.0,0.0008935593,-0.001197784,0.109316096,-0.012953685,-5.143743e-05,-0.0059643155,0.00078493473,-0.0018755121,-0.0016317632,0.0,0.05363019,0.00057696406,-0.0037800334,0.005312374,0.10250132,0.004141545
433,0.0050096945,0.0,0.00508062,-0.0078102536,-0.0014581572,0.005641249,0.026838558,0.0016731084,0.034741018,0.008150764,-0.0013338625,-3.711055e-05,0.0,0.0,0.0,0.00031905598,0.00884168,0.0050504073,0.0,-0.006297049,-0.005806243,-0.0004922155,-0.00027172227,0.20679808,0.04866675,0.003506448,0.0004254509,-0.00059893256,0.020134209,-0.002030258,0.0018594805,0.0014818693,-0.00010926255,0.14680037,0.0098388735,5.6470104e-05,0.20094301,0.052928574,0.038721807,-0.00047404435,0.0,0.0,0.16997124,0.44627315,0.0030215492,0.019480899,0.0,0.0008935593,-0.001197784,0.10926004,-0.012953685,-5.143743e-05,-0.0059643155,0.00078493473,-0.0018755121,-0.0016317632,0.0,0.05363019,0.00057696406,-0.0037800334,0.005312374,0.101924986,0.004141545
434,0.0050096945,0.0,0.00508062,-0.0078102536,-0.0014581572,0.005641249,0.026838558,0.0016731084,0.034741018,0.008150764,-0.0013338625,-3.711055e-05,0.0,0.0,0.0,0.00031905598,0.00884168,0.0050504073,0.0,-0.006297049,-0.005806243,-0.0004922155,-0.00027172227,0.20679808,0.04866675,0.003506448,0.0004254509,-0.00059893256,0.020134209,-0.002030258,0.0018594805,0.0014818693,-0.00010926255,0.14680037,0.0098388735,-0.00038965093,0.20094301,0.052928574,0.038721807,-0.00047404435,0.0,0.0,0.16997124,0.44614294,0.0030215492,0.019480899,0.0,0.0008935593,-0.001197784,0.10926004,-0.012953685,-5.143743e-05,-0.0059643155,0.00078493473,-0.0018755121,-0.0016317632,0.0,0.05363019,0.00057696406,-0.0037800334,0.005312374,0.10250132,0.004141545
435,0.0050096945,0.0,0.00508062,-0.0078102536,-0.0014581572,0.005641249,0.026726432,0.0016731084,0.034741018,0.008150764,-0.0013338625,-3.711055e-05,0.0,0.0,0.0,0.00031905598,0.00884168,0.0050504073,0.0,-0.006297049,-0.005806243,-0.0004922155,-0.00027172227,0.20679808,0.04866675,0.003506448,0.0004254509,-0.00059893256,0.020134209,-0.002030258,0.0018594805,0.0014818693,-0.00010926255,0.14618269,0.0098388735,-0.00038965093,0.20312649,0.052928574,0.038721807,-0.00047404435,0.0,0.0,0.17221889,0.45081323,-0.0035767227,0.019480899,0.0,0.0008935593,-0.001197784,0.109316096,-0.012953685,-5.143743e-05,-0.0059643155,0.00078493473,-0.0018755121,-0.0016317632,0.0,0.05363019,0.00057696406,-0.0037800334,0.005312374,0.1006719,0.004141545
436,0.0050096945,0.0,0.00508062,-0.0078102536,-0.0014581572,0.005641249,0.026726432,0.0016731084,0.034741018,0.008150764,-0.0013338625,-3.711055e-05,0.0,0.0,0.0,0.00031905598,0.00884168,0.0050504073,0.0,-0.006297049,-0.005806243,-0.0004922155,-0.00027172227,0.20679808,0.04866675,0.003506448,0.0004254509,-0.00059893256,0.020134209,-0.002030258,0.0018594805,0.0014818693,-0.00010926255,0.14618269,0.0098388735,0.00010818662,0.20312649,0.052928574,0.038721807,-0.00047404435,0.0,0.0,0.17196997,0.45081323,-0.0035767227,0.019480899,0.0,0.0008935593,-0.001197784,0.109316096,-0.013202603,-5.143743e-05,-0.0059643155,0.00078493473,-0.0018755121,-0.0016317632,0.0,0.05363019,0.00057696406,-0.0037800334,0.005312374,0.1006719,0.004141545
437,0.0050096945,0.0,0.00508062,-0.0078102536,-0.0014581572,0.005641249,0.026726432,0.0016731084,0.034741018,0.008150764,-0.0013338625,-3.711055e-05,0.0,0.0,0.0,0.00031905598,0.00884168,0.0050504073,0.0,-0.006297049,-0.005806243,-0.0004922155,-0.00027172227,0.20679808,0.04866675,0.003506448,0.0004254509,-0.00059893256,0.020134209,-0.002030258,0.0018594805,0.0014818693,-0.00010926255,0.14680037,0.0098388735,5.6470104e-05,0.20094301,0.052928574,0.038721807,-0.00047404435,0.0,0.0,0.1700273,0.44627315,0.0030215492,0.019480899,0.0,0.0008935593,-0.001197784,0.109316096,-0.012953685,-5.143743e-05,-0.0059643155,0.00078493473,-0.0018755121,-0.0016317632,0.0,0.05363019,0.00057696406,-0.0037800334,0.005312374,0.101924986,0.004141545
438,0.0050096945,0.0,0.00508062,-0.0078102536,-0.0014581572,0.005641249,0.026726432,0.0016731084,0.034741018,0.008150764,-0.0013338625,-3.711055e-05,0.0,0.0,0.0,0.00031905598,0.00884168,0.0050504073,0.0,-0.006297049,-0.005806243,-0.0004922155,-0.00027172227,0.20679808,0.04866675,0.003506448,0.0004254509,-0.00059893256,0.020134209,-0.002030258,0.0018594805,0.0014818693,-0.00010926255,0.14680037,0.0098388735,0.00010818662,0.20094301,0.052928574,0.038721807,-0.00047404435,0.0,0.0,0.16977838,0.44614294,0.0030215492,0.019480899,0.0,0.0008935593,-0.001197784,0.109316096,-0.013202603,-5.143743e-05,-0.0059643155,0.00078493473,-0.0018755121,-0.0016317632,0.0,0.05363019,0.00057696406,-0.0037800334,0.005312374,0.10250132,0.004141545
439,0.0050096945,0.0,0.00508062,-0.0078102536,-0.0014581572,0.005641249,0.026726432,0.0016731084,0.034741018,0.008150764,-0.0013338625,-3.711055e-05,0.0,0.0,0.0,0.00031905598,0.00884168,0.0050504073,0.0,-0.006297049,-0.005806243,-0.0004922155,-0.00027172227,0.20679808,0.04866675,0.003506448,0.0004254509,-0.00059893256,0.020134209,-0.002030258,0.0018594805,0.0014818693,-0.00010926255,0.14618269,0.0098388735,-0.00038965093,0.20312649,0.052928574,0.038721807,-0.00047404435,0.0,0.0,0.17221889,0.45081323,-0.0035767227,0.019480899,0.0,0.0008935593,-0.001197784,0.109316096,-0.012953685,-5.143743e-05,-0.0059643155,0.00078493473,-0.0018755121,-0.0016317632,0.0,0.05363019,0.00057696406,-0.0037800334,0.005312374,0.1006719,0.004141545
440,0.0050096945,0.0,0.00508062,-0.0078102536,-0.0014581572,0.005641249,0.026838558,0.0016731084,0.035822604,0.008150764,-0.0013338625,-3.711055e-05,0.0,0.0,0.0,0.00031905598,0.00884168,0.0050504073,0.0,-0.006297049,-0.005806243,-0.0004922155,-0.00027172227,0.20658624,0.04866675,0.003506448,0.0004254509,-0.00059893256,0.020134209,-0.002030258,0.0018594805,0.0014818693,-0.00010926255,0.14680037,0.0098388735,5.6470104e-05,0.20094301,0.052928574,0.038721807,-0.00047404435,0.0,0.0,0.16997124,0.44627315,0.0030215492,0.019480899,0.0,2.3787492e-05,-0.001197784,0.10926004,-0.012953685,-5.143743e-05,-0.0059643155,0.00078493473,-0.0018755121,-0.0016317632,0.0,0.05363019,0.00057696406,-0.0037800334,0.005312374,0.101924986,0.004141545
441,0.0050096945,0.0,0.00508062,-0.0078102536,-0.0014581572,0.005641249,0.026838558,0.0016731084,0.035822604,0.008150764,-0.0013338625,-3.711055e-05,0.0,0.0,0.0,0.00031905598,0.00884168,0.0050504073,0.0,-0.006297049,-0.005806243,-0.0004922155,-0.00027172227,0.20658624,0.04866675,0.003506448,0.0004254509,-0.00059893256,0.020134209,-0.002030258,0.0018594805,0.0014818693,-0.00010926255,0.14680037,0.0098388735,5.6470104e-05,0.20094301,0.052928574,0.038721807,-0.00047404435,0.0,0.0,0.16997124,0.44627315,0.0030215492,0.019480899,0.0,2.3787492e-05,-0.001197784,0.10926004,-0.012953685,-5.143743e-05,-0.0059643155,0.00078493473,-0.0018755121,-0.0016317632,0.0,0.05363019,0.00057696406,-0.0037800334,0.005312374,0.101924986,0.004141545
442,0.0050096945,0.0,0.00508062,-0.0078102536,-0.0014581572,0.005641249,0.026838558,0.0016731084,0.035822604,0.008150764,-0.0013338625,-3.711055e-05,0.0,0.0,0.0,0.00031905598,0.00884168,0.0050504073,0.0,-0.006297049,-0.005806243,-0.0004922155,-0.00027172227,0.20658624,0.04866675,0.003506448,0.0004254509,-0.00059893256,0.020134209,-0.002030258,0.0018594805,0.0014818693,-0.00010926255,0.14680037,0.0098388735,5.6470104e-05,0.20094301,0.052928574,0.038721807,-0.00047404435,0.0,0.0,0.16997124,0.44627315,0.0030215492,0.019480899,0.0,2.3787492e-05,-0.001197784,0.10926004,-0.012953685,-5.143743e-05,-0.0059643155,0.00078493473,-0.0018755121,-0.0016317632,0.0,0.05363019,0.00057696406,-0.0037800334,0.005312374,0.101924986,0.004141545
443,0.0050096945,0.0,0.00508062,-0.0078102536,-0.0014581572,0.005641249,0.026838558,0.0016731084,0.035822604,0.008150764,-0.0013338625,-3.711055e-05,0.0,0.0,0.0,0.00031905598,0.00884168,0.0050504073,0.0,-0.006297049,-0.005806243,-0.0004922155,-0.00027172227,0.20658624,0.04866675,0.003506448,0.0004254509,-0.00059893256,0.020134209,-0.002030258,0.0018594805,0.0014818693,-0.00010926255,0.14680037,0.0098388735,5.6470104e-05,0.20094301,0.052928574,0.038721807,-0.00047404435,0.0,0.0,0.16997124,0.44627315,0.0030215492,0.019480899,0.0,2.3787492e-05,-0.001197784,0.10926004,-0.012953685,-5.143743e-05,-0.0059643155,0.00078493473,-0.0018755121,-0.0016317632,0.0,0.05363019,0.00057696406,-0.0037800334,0.005312374,0.101924986,0.004141545
444,0.0050096945,0.0,0.00508062,-0.0078102536,-0.0014581572,0.005641249,0.026838558,0.0016731084,0.035822604,0.008150764,-0.0013338625,-3.711055e-05,0.0,0.0,0.0,0.00031905598,0.00884168,0.0050504073,0.0,-0.006297049,-0.005806243,-0.0004922155,-0.00027172227,0.20658624,0.04866675,0.003506448,0.0004254509,-0.00059893256,0.020134209,-0.002030258,0.0018594805,0.0014818693,-0.00010926255,0.14680037,0.0098388735,5.6470104e-05,0.20094301,0.052928574,0.038721807,-0.00047404435,0.0,0.0,0.16997124,0.44627315,0.0030215492,0.019480899,0.0,2.3787492e-05,-0.001197784,0.10926004,-0.012953685,-5.143743e-05,-0.0059643155,0.00078493473,-0.0018755121,-0.0016317632,0.0,0.05363019,0.00057696406,-0.0037800334,0.005312374,0.101924986,0.004141545
445,0.0050096945,0.0,0.00508062,-0.0078102536,-0.0014581572,0.005641249,-0.04045295,0.0016731084,0.033584457,0.008150764,-0.0013338625,-3.711055e-05,0.0,0.0,0.0,0.00031905598,0.00884168,0.0050504073,0.0,-0.0077481605,-0.005806243,-0.0004922155,-0.00027172227,0.2042853,0.04866675,0.003506448,0.0004254509,-0.00059893256,0.020134209,-0.002030258,0.0018594805,0.0014818693,-0.00010926255,0.1436826,0.0098388735,5.6470104e-05,0.19389091,0.049552694,0.038721807,-0.00047404435,0.0,0.0,0.16253302,0.45094344,-0.0035767227,0.019480899,0.0,0.0008935593,-0.001197784,0.109316096,-0.012953685,-5.143743e-05,-0.0059643155,0.00078493473,-0.0018755121,-0.0016317632,0.0,0.052687563,0.00057696406,-0.0037800334,0.005312374,0.09705426,0.0012352383
446,0.0050096945,0.0,0.00508062,-0.0078102536,-0.0014581572,0.005641249,0.026726432,0.0016731084,0.034741018,0.008150764,-0.0013338625,-3.711055e-05,0.0,0.0,0.0,0.00031905598,0.00884168,0.0050504073,0.0,-0.0077481605,-0.005806243,-0.0004922155,-0.00027172227,0.20887122,0.04866675,0.003506448,0.0004254509,-0.00059893256,0.020134209,-0.002030258,0.0018594805,0.0014818693,-0.00010926255,0.14618269,0.0098388735,0.00010818662,0.20312649,0.052928574,0.038721807,-0.00047404435,0.0,0.0,0.17196997,0.45081323,-0.0035767227,0.019480899,0.0,0.0008935593,-0.001197784,0.109316096,-0.013202603,-5.143743e-05,-0.0059643155,0.00078493473,-0.0018755121,-0.0016317632,0.0,0.05363019,0.00057696406,-0.0037800334,0.005312374,0.10004987,0.004141545
447,0.0050096945,0.0,0.00508062,-0.0078102536,-0.0014581572,0.005641249,0.026726432,0.0016731084,0.034741018,0.008150764,-0.0013338625,-3.711055e-05,0.0,0.0,0.0,0.00031905598,0.00884168,0.0050504073,0.0,-0.006297049,-0.005806243,-0.0004922155,-0.00027172227,0.20679808,0.04866675,0.003506448,0.0004254509,-0.00059893256,0.020134209,-0.002030258,0.0018594805,0.0014818693,-0.00010926255,0.14618269,0.0098388735,0.0013166785,0.20312649,0.052928574,0.038721807,-0.00047404435,0.0,0.0,0.17221889,0.4485105,-0.0035767227,0.019480899,0.0,0.0008935593,-0.001197784,0.109316096,-0.012953685,-5.143743e-05,-0.0059643155,0.00078493473,-0.0018755121,-0.0016317632,0.0,0.05363019,0.00057696406,-0.0037800334,0.005312374,0.10126831,0.004141545
448,0.0050096945,0.0,0.00508062,-0.0078102536,-0.0014581572,0.005641249,0.013338798,0.0016731084,0.034741018,0.008150764,-0.0013338625,-3.711055e-05,0.0,0.0,0.0,0.00031905598,0.00884168,0.0050504073,0.0,-0.0077481605,-0.005806243,-0.0004922155,-0.00027172227,0.2042853,0.04866675,0.003506448,0.0004254509,-0.00059893256,0.020134209,-0.002030258,0.0018594805,0.0014818693,-0.00010926255,0.14618269,0.0098388735,0.00010818662,0.20312649,0.052928574,0.038721807,-0.00047404435,0.0,0.0,0.17196997,0.45081323,-0.0035767227,0.019480899,0.0,0.0008935593,-0.001197784,0.109316096,-0.013202603,-5.143743e-05,-0.0059643155,0.00078493473,-0.0018755121,-0.0016317632,0.0,0.053265315,0.00057696406,-0.0037800334,0.005312374,0.09763059,0.004141545
449,0.0050096945,0.0,0.00508062,-0.0078102536,-0.0014581572,0.005641249,0.026726432,0.0016731084,0.034741018,0.008150764,-0.0013338625,-3.711055e-05,0.0,0.0,0.0,0.00031905598,0.00884168,0.0050504073,0.0,-0.0077481605,-0.005806243,-0.0004922155,-0.00027172227,0.20887122,0.04866675,0.003506448,0.0004254509,-0.00059893256,0.020134209,-0.002030258,0.0018594805,0.0014818693,-0.00010926255,0.14618269,0.0098388735,-0.00038965093,0.20312649,0.052928574,0.038721807,-0.00047404435,0.0,0.0,0.17221889,0.45081323,-0.0035767227,0.019480899,0.0,0.0008935593,-0.001197784,0.109316096,-0.012953685,-5.143743e-05,-0.0059643155,0.00078493473,-0.0018755121,-0.0016317632,0.0,0.05363019,0.00057696406,-0.0037800334,0.005312374,0.10004987,0.004141545
500,-0.00030374562,0.0,0.0022524595,-0.0039485237,0.00045964296,-0.0023874808,0.0051595047,-0.005005564,0.021893475,-0.00094848796,0.0001492801,-1.7086602e-05,0.0,0.0,0.0,-0.0029003767,0.005672957,-0.00010618098,0.0,-0.0036447921,0.0027645868,-0.00014776754,-0.0007265513,-0.18653703,0.011640444,0.005007194,-0.0007841112,-0.0016472798,-0.002885153,0.00068117527,0.0015189456,-2.3254252e-06,-0.0003888607,0.06616686,-0.0056440495,-0.0024697937,-0.1447652,-0.047969528,-0.017377846,-0.0018545807,0.0,0.0,-0.113837786,-0.2877546,-0.012465965,-0.005869464,0.0,0.028886694,-0.000102375736,-0.18348065,-0.04900488,-2.64441e-05,0.007346302,-0.0021188613,-0.0029831724,0.0017612072,0.0,-0.00038280425,-0.0018412904,-0.0015734943,-0.0014784662,0.05842237,-0.0035538897
501,-0.0006001592,0.0,0.0022524595,-0.005209444,0.00045964296,-0.0024328914,0.011863841,-0.005005564,0.021933625,-0.00094848796,0.0001492801,-1.7086602e-05,0.0,0.0,0.0,-0.0029003767,0.005672957,-0.00010618098,0.0,-0.0012366981,0.0027645868,-0.00014776754,0.005947278,-0.1902597,0.011640444,0.0061644185,0.00027128475,-0.0010661529,-0.00662882,0.00068117527,0.0015189456,-2.3254252e-06,-8.170852e-05,-0.033975866,-0.006916586,0.00063123147,-0.15295845,-0.056303263,-0.020371422,-0.0018545807,0.0,0.0,-0.12260876,-0.32477328,-0.003172952,-0.005869464,0.0,0.028886694,-0.000102375736,-0.17868537,-0.050040603,-2.64441e-05,0.007346302,-0.0021188613,-0.0007186803,0.0017612072,0.0,0.0050655203,-0.001676883,-0.0015734943,-0.0020471164,-0.04241525,-0.0035538897
502,-0.00030374562,0.0,0.0022524595,-0.007601647,0.00045964296,-0.0023874808,0.0051595047,-0.005005564,0.021039138,-0.00094848796,0.0001492801,-1.7086602e-05,0.0,0.0,0.0,-0.0029003767,0.005672957,-0.00010618098,0.0,-0.0036447921,0.0027645868,0.0012648392,-0.0007265513,-0.18834004,0.012592812,-0.0008076114,-0.0007841112,-0.0016472798,-0.002885153,0.00068117527,0.0015189456,-2.3254252e-06,-0.0003888607,0.06616686,-0.0056440495,-0.0024697937,-0.1447652,-0.047784,-0.017377846,-0.0018545807,0.0,0.0,-0.11393802,-0.28527766,-0.012465965,-0.005869464,0.0,0.028886694,-0.000102375736,-0.18395123,-0.049062554,-2.64441e-05,0.007346302,-0.0021188613,-0.0029831724,0.0017612072,0.0,-0.0004830411,-0.0018412904,-0.0015734943,-0.001277992,0.059320223,-0.0035538897
503,-0.00084886566,0.0,0.0022524595,0.0010707519,0.00045964296,-0.0024328914,0.0056951195,-0.0051013334,0.021708107,-0.00094848796,0.0001492801,-0.00011040977,0.0,0.0,0.0,-0.0029003767,0.005672957,-0.00010618098,0.0,-0.0012366981,0.0027645868,-0.00014776754,-0.0007265513,-0.19207068,0.010675899,-0.0010697764,-0.0007841112,-0.0012661478,-0.0067092148,0.00068117527,0.001439382,-2.3254252e-06,-8.170852e-05,-0.028513752,-0.0056440495,0.00063123147,-0.11835411,-0.0341865,-0.017119637,-0.0018545807,0.0,0.0,-0.10869284,-0.24642761,-0.003172952,-0.005869464,0.0,-5.9574144e-05,-0.000102375736,-0.18539324,-0.05185941,-0.000169137,0.006047063,0.0003826445,-0.0007186803,0.0017612072,0.0,-0.14842482,-0.0018412904,-0.0015734943,-0.0021424298,-0.042287167,-0.0035538897
504,-0.0006001592,0.0,0.0022524595,0.0010707519,0.00045964296,-0.0024328914,-0.06756364,-0.0052906247,0.004031799,-0.00094848796,0.0001492801,-1.7086602e-05,0.0,0.0,0.0,-0.0029003767,0.0018129254,-0.00010618098,0.0,-0.0012366981,0.0027645868,0.0012648392,-0.0007265513,-0.18134211,0.011640444,-0.0010697764,-0.0007841112,-0.0010661529,-0.00662882,0.00068117527,0.00017655815,-2.3254252e-06,-8.170852e-05,-0.0271038,-0.003176902,0.00063123147,-0.15134902,-0.042434104,-0.015777249,-0.00095420436,0.0,0.0,-0.115242645,-0.3071314,-0.003172952,-0.0048646173,0.0,-5.9574144e-05,-0.000102375736,-0.17098615,-0.034108967,-2.64441e-05,0.006047063,0.0003826445,-0.0007186803,0.0017612072,0.0,-0.001217819,-0.0018412904,-0.0015734943,-0.0020471164,-0.040917687,-0.0006354258
505,-0.00047528296,0.0,0.0022524595,0.0010707519,0.00045964296,-0.0024328914,0.0065506836,-0.005005564,0.021079287,-0.00094848796,0.0001492801,-1.7086602e-05,0.0,0.0,0.0,-0.0029003767,0.005672957,-0.00010618098,0.0,-0.0012366981,0.0027645868,0.0012648392,-0.0007265513,-0.20313661,0.012496723,-0.0016298512,-0.0007841112,-0.0007300108,-0.00662882,-0.001499688,0.0015189456,-2.3254252e-06,-8.170852e-05,-0.028036147,-0.0056440495,0.00063123147,-0.17790462,-0.0507513,-0.017377846,-0.0018545807,0.0,0.0,-0.13661721,-0.35292748,-0.003172952,-0.0055381567,0.0,-5.9574144e-05,-0.000102375736,-0.12004429,-0.049442884,-2.64441e-05,0.0053630853,-0.0021188613,-0.0007186803,0.0017612072,0.0,0.009477825,-0.001676883,0.0034124423,-0.0020471164,-0.044465236,-0.0035538897
506,-0.00047528296,0.0,0.0022524595,-0.005209444,0.00045964296,-0.0023874808,0.005273454,-0.0048078536,0.009964004,-0.00094848796,0.0001492801,-1.7086602e-05,0.0,0.0,0.0,-0.0029003767,0.0029231743,-0.00010618098,0.0,-0.0012366981,0.0027645868,0.0012648392,-0.0007265513,-0.1982817,0.013350513,-0.0010697764,-0.0007841112,-0.0010661529,-0.0047891866,0.00068117527,0.00017655815,-2.3254252e-06,-8.170852e-05,0.037837572,-0.004128857,-0.0006745928,-0.17089716,-0.053227484,-0.015777249,-0.00095420436,0.0,0.0,-0.13323322,-0.34017676,-0.005593629,-0.005869464,0.0,-5.9574144e-05,-0.000102375736,-0.122780755,-0.03881968,-2.64441e-05,0.0073596933,0.0003826445,-0.0019180714,0.0017612072,0.0,0.0048034703,0.00050287833,-0.0015734943,-0.0018466422,-0.045104463,-0.0018705805
507,-0.00040176336,0.0,0.0022524595,0.0023316722,0.00045964296,-0.0023874808,0.0045847343,-0.0048078536,-0.048757803,-0.0035073415,0.0001492801,-1.7086602e-05,0.0,0.0,0.0,-0.0029003767,-0.014533407,0.0004158025,0.0,-0.0036447921,0.0027645868,0.0012648392,-0.0007265513,-0.13254143,0.0110279275,-0.0013676862,-0.0007841112,-0.0016472798,-0.002885153,0.00068117527,0.00017655815,-2.3254252e-06,-0.0003888607,0.0642361,-0.003176902,-0.0024697937,-0.15032916,-0.048220403,-0.015777249,-0.00095420436,0.0,0.0,-0.12658864,-0.28720853,-0.012465965,-0.003557119,0.0,0.0005201276,-0.000102375736,-0.17148528,-0.034108967,-2.64441e-05,0.007346302,0.0003826445,-0.0029831724,0.0017612072,0.0,-0.00069761317,0.0003384709,-0.0015734943,-0.001277992,0.05950429,-0.0013835803
508,-0.00017886932,0.0,0.0022524595,0.0023316722,0.00045964296,-0.0023874808,0.026369892,-0.0048078536,0.005233206,-0.00094848796,0.0001492801,-1.7086602e-05,0.0,0.0,0.0,-0.0029003767,0.0021334775,-0.00010618098,0.0,-0.0036447921,0.0027645868,-0.00014776754,-0.0007265513,-0.19268559,0.013081891,0.005007194,-0.0007841112,-0.0016472798,-0.002885153,0.00068117527,0.0015189456,-2.3254252e-06,-0.0003888607,0.076877,-0.003176902,-0.0024697937,-0.16869418,-0.048034877,-0.017119637,-0.00095420436,0.0,0.0,-0.1267137,-0.28720403,0.010288555,-0.0048646173,0.0,-5.9574144e-05,-0.000102375736,-0.14421417,-0.036282584,-2.64441e-05,0.0053630853,0.0003826445,-0.0029831724,0.0017612072,0.0,-0.00054461596,0.0003384709,-0.0015734943,-0.0014784662,0.06510269,-0.0018705805
509,-0.00047528296,0.0,0.0022524595,0.0010707519,0.00045964296,-0.0024328914,0.0064367335,-0.005005564,0.021933625,-0.00094848796,0.0001492801,-1.7086602e-05,0.0,0.0,0.0,-0.0029003767,0.005672957,-0.00010618098,0.0,-0.0012366981,0.0027645868,-0.00014776754,-0.0007265513,-0.20291074,0.013180469,-0.0010697764,-0.0007841112,-0.0007300108,-0.00662882,-0.001499688,0.0015189456,-2.3254252e-06,-8.170852e-05,-0.028513752,-0.0056440495,0.00063123147,-0.17790462,-0.05056577,-0.017377846,-0.0018545807,0.0,0.0,-0.13661721,-0.32588533,-0.003172952,-0.0055381567,0.0,-5.9574144e-05,-0.000102375736,-0.14518963,-0.051660992,-2.64441e-05,0.0053630853,-0.0021188613,-0.0007186803,0.0017612072,0.0,0.009477825,-0.001676883,0.0034124423,-0.0020471164,-0.044649303,-0.0035538897
510,-0.0006001592,0.0,0.0022524595,-0.005209444,0.00045964296,-0.0024328914,0.0062258914,-0.005005564,0.021933625,-0.00094848796,0.0001492801,-1.7086602e-05,0.0,0.0,0.0,-0.0029003767,0.005672957,-0.00010618098,0.0,-0.0012366981,0.0027645868,-1.7201775e-05,-0.0007265513,-0.1979423,0.011739022,-0.0010697764,-0.0007841112,-0.0007300108,-0.00662882,-0.001499688,5.0746705e-05,-2.3254252e-06,-8.170852e-05,-0.028668463,-0.0056440495,0.00063123147,-0.15166456,-0.0507513,-0.017377846,-0.0018545807,0.0,0.0,-0.12316827,-0.31819934,-0.003172952,-0.0055381567,0.0,0.028886694,-0.000102375736,-0.18446226,-0.048192933,-2.64441e-05,0.007346302,-0.0021188613,-0.0007186803,0.0017612072,0.0,0.009440544,-0.001676883,0.0034124423,-0.0018466422,-0.042936787,-0.0035538897
511,-0.00030374562,0.0,0.0022524595,-0.0039485237,0.00045964296,-0.0023874808,0.004948662,-0.005005564,0.006122424,-0.00094848796,0.0001492801,-1.7086602e-05,0.0,0.0,0.0,-0.0029003767,0.0029231743,-0.00010618098,0.0,-0.0036447921,0.0027645868,0.0012648392,-0.0007265513,-0.19426674,0.011739022,-0.0013676862,-0.0007841112,-0.0013111377,-0.002885153,-0.001499688,0.00017655815,-2.3254252e-06,-0.0003888607,0.066644475,-0.004128857,-0.0024697937,-0.14551975,-0.045809563,-0.016035458,-0.00095420436,0.0,0.0,-0.12050728,-0.28597182,-0.012465965,-0.0048646173,0.0,0.028886694,-0.000102375736,-0.18753506,-0.0317788,-2.64441e-05,0.007346302,-0.0021188613,-0.0029831724,0.0017612072,0.0,0.009540782,-0.001676883,-0.0015734943,-0.0014784662,0.05950429,-0.0018705805
512,-0.0006001592,0.0,0.0022524595,-0.005209444,0.00045964296,-0.0024328914,-0.024962831,-0.0052906247,0.021741195,-0.00094848796,0.0001492801,-1.7086602e-05,0.0,0.0,0.0,-0.0029003767,0.0055953404,-0.00010618098,0.0,-0.0012366981,0.0027645868,0.0012648392,-0.0007265513,-0.1969754,0.011739022,-0.0010697764,-0.0007841112,-0.0007300108,-0.00662882,-0.001499688,0.00017655815,-2.3254252e-06,-8.170852e-05,-0.0271038,-0.0056440495,0.00063123147,-0.14580414,-0.046959355,-0.016035458,-0.0018545807,0.0,0.0,-0.11475276,-0.31238356,-0.003172952,-0.005869464,0.0,0.028886694,-0.000102375736,-0.18461415,-0.048192933,-2.64441e-05,0.006047063,-0.0021188613,-0.0007186803,0.0017612072,0.0,0.00911722,-0.001676883,-0.0015734943,-0.0020471164,-0.040917687,-0.002318735
513,-0.0006001592,0.0,0.0022524595,-0.005209444,0.00045964296,-0.0024328914,-0.0076344814,-0.005005564,0.005929991,-0.00094848796,0.0001492801,-1.7086602e-05,0.0,0.0,0.0,-0.0029003767,0.0029231743,-0.00010618098,0.0,-0.0012366981,0.0027645868,-0.00014776754,0.005947278,-0.19725634,0.011739022,-0.0016298512,0.00027128475,-0.0007300108,-0.00662882,-0.001499688,0.0015189456,-0.00015609548,-8.170852e-05,-0.026626196,-0.0054013934,0.00063123147,-0.15108798,-0.05035135,-0.020371422,-0.00095420436,0.0,0.0,-0.121293455,-0.3216639,-0.003172952,-0.0048646173,0.0,0.028886694,-0.000102375736,-0.1836409,-0.0317788,-2.64441e-05,0.007346302,-0.0021188613,-0.0007186803,0.0017612072,0.0,0.009246114,-0.001676883,-0.0015734943,-0.0018466422,-0.041203886,-0.0006354258
514,-0.0006001592,0.0,0.0022524595,-0.005209444,0.00045964296,-0.0023874808,-0.068840876,-0.0052906247,0.0040719477,-0.00094848796,0.0001492801,-1.7086602e-05,0.0,0.0,0.0,-0.0029003767,0.0018129254,-0.00010618098,0.0,-0.0012366981,0.0027645868,-0.00014776754,-0.0007265513,-0.18721373,0.011739022,-0.0016298512,-0.0007841112,-0.0007300108,-0.0047891866,-0.001499688,0.0015189456,-2.3254252e-06,-8.170852e-05,0.04213351,-0.003176902,-0.0006745928,-0.14350292,-0.040023264,-0.017377846,-0.00095420436,0.0,0.0,-0.10207559,-0.29125863,-0.005593629,-0.0048646173,0.0,0.028886694,-0.000102375736,-0.17545849,-0.0317788,-2.64441e-05,0.007346302,-0.0021188613,-0.0019180714,0.0017612072,0.0,0.008668486,-0.001676883,-0.0015734943,-0.0018466422,-0.039794043,-0.0006354258
515,-0.00047528296,0.0,0.0022524595,-0.005209444,0.00045964296,-0.0024328914,0.0065506836,-0.005005564,0.021933625,-0.00094848796,0.0001492801,-1.7086602e-05,0.0,0.0,0.0,-0.0029003767,0.005672957,-0.00010618098,0.0,-0.0012366981,0.0027645868,-0.00014776754,-0.0007265513,-0.20387238,0.0134490905,-0.0010697764,0.00027128475,-0.0007300108,-0.00662882,0.00068117527,0.0015189456,-2.3254252e-06,-8.170852e-05,-0.028513752,-0.006916586,0.00063123147,-0.17304683,-0.05297661,-0.017377846,-0.0018545807,0.0,0.0,-0.13204375,-0.35138083,-0.003172952,-0.005869464,0.0,-5.9574144e-05,-0.000102375736,-0.123819284,-0.05097496,-2.64441e-05,0.0073596933,-0.0021188613,-0.0007186803,0.0017612072,0.0,0.009540782,-0.001676883,-0.0015734943,-0.0020471164,-0.04669366,-0.0035538897
516,-0.00069817697,0.0,0.0022524595,-0.005209444,0.00045964296,-0.0024328914,-0.06253044,-0.0052906247,-0.046261568,-0.0035073415,0.0001492801,-1.7086602e-05,0.0,0.0,0.0,-0.0029003767,-0.013114323,0.0004158025,0.0,-0.0012366981,0.0027645868,-0.00014776754,-0.0007265513,-0.13850369,0.011126505,-0.0016298512,0.00027128475,-0.0007300108,-0.00662882,-0.001499688,0.0015189456,-0.00015609548,-8.170852e-05,-0.026626196,-0.0044494383,0.00063123147,-0.14666,-0.040023264,-0.017377846,-0.00095420436,0.0,0.0,-0.11213374,-0.30132332,-0.003172952,-0.003557119,0.0,0.0005201276,-0.000102375736,-0.16852626,-0.033422936,-2.64441e-05,0.007346302,-0.0021188613,-0.0007186803,0.0017612072,0.0,0.008615725,-0.001676883,-0.0015734943,-0.0018466422,-0.041203886,-0.00014842558
517,-0.00047528296,0.0,0.0022524595,-0.005209444,0.00045964296,-0.0024328914,0.0064367335,2.5617685e-05,0.021933625,-0.00094848796,0.0001492801,-1.7086602e-05,0.0,0.0,0.0,5.8168927e-05,0.005672957,-0.00010618098,0.0,-0.0012366981,0.0027645868,-0.00014776754,-0.0007265513,-0.20387238,0.013180469,-0.0010697764,0.00027128475,-0.0007300108,-0.00662882,-0.001499688,5.0746705e-05,-2.3254252e-06,-8.170852e-05,-0.028700747,-0.006916586,0.00063123147,-0.17165677,-0.05056577,-0.017377846,-0.0018545807,0.0,0.0,-0.13261285,-0.33320498,-0.003172952,-0.005869464,0.0,-5.9574144e-05,-0.000102375736,-0.14909822,-0.05097496,-2.64441e-05,0.0073596933,-0.0021188613,-0.0007186803,0.0017612072,0.0,0.009440544,-0.001676883,-0.0015734943,-0.0018466422,-0.04669366,-0.0035538897
518,-0.0006001592,0.0,0.0022524595,-0.005209444,0.00045964296,-0.0024328914,0.0064367335,-0.005005564,0.021933625,-0.00094848796,0.0001492801,-1.7086602e-05,0.0,0.0,0.0,-0.0029003767,0.005672957,-0.00010618098,0.0,-0.0012366981,0.0027645868,0.0012648392,-0.0007265513,-0.20387238,0.011832955,-0.0010697764,-0.0007841112,-0.0007300108,-0.00662882,-0.001499688,0.0015189456,-2.3254252e-06,-8.170852e-05,-0.028513752,-0.0056440495,0.00063123147,-0.1530259,-0.0507513,-0.017377846,-0.0018545807,0.0,0.0,-0.13214397,-0.3232526,-0.003172952,-0.005869464,0.0,-5.9574144e-05,-0.000102375736,-0.17601936,-0.049837068,-2.64441e-05,0.006047063,-0.0021188613,-0.0007186803,0.0017612072,0.0,0.009440544,-0.001676883,-0.0015734943,-0.0018466422,-0.042287167,-0.0035538897
519,-0.00047528296,0.0,0.0022524595,-0.008862567,0.00045964296,-0.0024328914,0.00681543,-0.005005564,0.021933625,-0.00094848796,0.0001492801,-1.7086602e-05,0.0,0.0,0.0,-0.0029003767,0.005672957,-0.00010618098,0.0,-0.0012366981,0.0027645868,-0.00014776754,-0.0007265513,-0.20291074,0.014179706,-0.0010697764,0.00027128475,-0.0007300108,-0.00662882,-0.001499688,0.000202795,5.8672624e-05,-8.170852e-05,-0.028513752,-0.006916586,0.00063123147,-0.19599396,-0.05056577,-0.017377846,-0.0018545807,0.0,0.0,-0.14805213,-0.35106254,-0.003172952,-0.005869464,0.0,0.028886694,-0.000102375736,-0.072730705,-0.05014277,-2.64441e-05,0.0073596933,-0.0021188613,-0.0007186803,0.0017612072,0.0,0.009440544,-0.001676883,-0.0015734943,-0.0018466422,-0.04669366,-0.0035538897
520,0.0008174987,0.0,0.0011307407,-0.009614033,-0.0015572418,-0.0024328914,-0.035243113,-0.0052906247,0.030854829,-0.001681,0.0020317135,-1.7086602e-05,0.0,0.0,0.0,-0.0029003767,0.008859191,0.003786572,0.0,-0.00094085064,0.0083121415,8.946559e-05,-0.00016413136,0.22919123,0.020872395,-0.0002518425,0.00027128475,-0.00075528637,0.05119003,-0.0057107974,0.00051381986,0.00031777463,-4.2860047e-05,-0.015019857,-0.0054013934,0.0007001667,-0.1721573,0.06632203,-0.026380237,-0.0008746208,0.0,0.0,-0.0722945,-0.2414476,-0.003172952,-0.004298221,0.0,0.010277456,-0.000102375736,-0.062044933,-0.028725391,-5.143743e-05,-0.016278947,-0.0062970086,-0.0007186803,0.0017612072,0.0,0.021911029,-0.001676883,0.0034124423,-0.0012667609,-0.023622379,-0.003493519
521,0.0048945253,0.0,0.0011307407,-0.015309052,0.0035988744,-0.0023862536,0.0235482,-0.0050608106,0.0497361,-0.0017007211,0.00048810444,-3.711055e-05,0.0,0.0,0.0,-0.003933706,0.013601751,0.009789043,0.0,-0.0006423057,0.010697728,0.00010061709,-0.00027172227,0.21791545,0.04866675,-0.00032240068,0.00014364651,-0.0005027075,0.030867146,-0.0057107974,0.0008461165,0.0002844036,-4.2860047e-05,-0.008426429,-0.0022342687,0.00033106457,0.21604078,0.062474996,-0.0036750007,-0.00057256105,0.0,0.0,0.19654883,0.42492625,-0.0018603359,0.016219324,0.0,0.00048540236,-5.609441e-05,-0.08404526,-0.016943857,-5.143743e-05,-0.032116354,-0.0062970086,-0.0003882636,-0.008249152,0.0,0.046693534,-0.0017159563,0.00014183216,-0.00069893757,-0.018617053,-0.0041969083
522,-0.0006001592,0.0,0.0022524595,0.0010707519,0.00045964296,-0.0024328914,0.0064367335,-0.005005564,0.021933625,-0.00094848796,0.0001492801,-1.7086602e-05,0.0,0.0,0.0,-0.0029003767,0.005672957,-0.00010618098,0.0,-0.0012366981,0.0027645868,-1.7201775e-05,-0.0007265513,-0.19698066,0.01269139,-0.0010697764,-0.0007841112,-0.0007300108,-0.00662882,-0.001499688,5.0746705e-05,-2.3254252e-06,-8.170852e-05,-0.028668463,-0.0056440495,0.00063123147,-0.1563052,-0.05056577,-0.017377846,-0.0018545807,0.0,0.0,-0.12759885,-0.31819934,-0.003172952,-0.0055381567,0.0,0.028886694,-0.000102375736,-0.18128192,-0.05014277,-2.64441e-05,0.006047063,-0.0021188613,-0.0007186803,0.0017612072,0.0,0.009540782,-0.001676883,0.0034124423,-0.0020471164,-0.042287167,-0.0035538897
523,0.0048945253,0.0,0.00508062,-0.01524342,0.0035988744,-0.0023862536,0.023436075,-0.0050608106,0.0497361,-0.0017007211,0.00048810444,-3.711055e-05,0.0,0.0,0.0,-0.003933706,0.013601751,0.009789043,0.0,-0.0006423057,0.010697728,0.00010061709,-0.00027172227,0.20386054,0.04866675,-0.00032240068,0.00014364651,-0.0005027075,0.034158356,-0.0057107974,0.0008461165,0.0002844036,-4.2860047e-05,-0.008426429,-0.0022342687,0.00033106457,0.22069146,0.05865699,-0.0036750007,-0.00057256105,0.0,0.0,0.18646906,0.4250037,-0.0018603359,0.016219324,0.0,0.010277456,-5.609441e-05,-0.0839892,-0.018990213,-5.143743e-05,-0.032116354,-0.0062970086,-0.0003882636,-0.008249152,0.0,0.054326292,-0.0017159563,0.00014183216,-0.0006302893,-0.018090252,-0.0041969083
524,0.0007070335,0.0,0.0016479281,-0.007509649,-0.0015572418,-0.0024328914,0.008755667,-0.005005564,0.041175466,-0.0012957313,0.0020317135,-1.7086602e-05,0.0,0.0,0.0,-0.0029003767,0.007473724,0.0039152983,0.0,-0.0012366981,0.0054325443,-0.00014776754,-0.0007265513,0.099462554,0.01616065,-0.0005257563,0.00027128475,-0.0006213144,-0.0058076507,-0.0057107974,0.0004001735,0.00023464902,-8.170852e-05,-0.028513752,-0.006916586,0.00063123147,-0.1895351,-0.0154217975,-0.018919963,-0.0010590283,0.0,0.0,-0.13874903,-0.34051156,-0.003172952,-0.005748169,0.0,0.029094119,-0.000102375736,-0.08215543,-0.03938524,-5.143743e-05,0.0076377,-0.0065137986,-0.0007186803,0.0017612072,0.0,0.012714028,-0.001676883,0.0034124423,-0.0012667609,-0.046126485,-0.0035538897
525,-0.0006001592,0.0,0.0022524595,-0.005209444,0.00045964296,-0.0024328914,-0.030905865,-0.0052906247,-0.0190369,-0.0015233477,0.0001492801,-1.7086602e-05,0.0,0.0,0.0,-0.0029003767,0.0013585327,-0.00010618098,0.0,-0.0012366981,0.0027645868,0.0012648392,-0.0007265513,-0.17315643,0.01144696,-0.0016298512,-0.0007841112,-0.0007300108,-0.00662882,-0.001499688,0.00017655815,-2.3254252e-06,-8.170852e-05,-0.026626196,-0.003176902,0.00063123147,-0.14687714,-0.041344266,-0.016035458,-0.00095420436,0.0,0.0,-0.12565492,-0.31330407,-0.003172952,-0.0029840842,0.0,0.0005201276,-0.000102375736,-0.18394864,-0.033422936,-2.64441e-05,0.007346302,-0.0021188613,-0.0007186803,0.0017612072,0.0,0.008838126,-0.001676883,-0.0015734943,-0.0018466422,-0.04138324,-0.0006354258
526,-0.0006001592,0.0,0.0022524595,0.0010707519,0.00045964296,-0.0024328914,0.0037071442,-0.005005564,-0.018844469,-0.0015233477,0.0001492801,-1.7086602e-05,0.0,0.0,0.0,-0.0029003767,0.0014361494,-0.00010618098,0.0,-0.0012366981,0.0027645868,0.0012648392,-0.0007265513,-0.16824645,0.011348383,-0.0010697764,-0.0007841112,-0.0010661529,-0.00662882,-0.001499688,0.00017655815,-2.3254252e-06,-8.170852e-05,-0.028513752,-0.003176902,-0.0006745928,-0.15858987,-0.05100217,-0.016035458,-0.00095420436,0.0,0.0,-0.13844341,-0.31907144,-0.003172952,-0.0029840842,0.0,0.0005201276,-0.000102375736,-0.18278609,-0.033422936,-2.64441e-05,0.006047063,-0.0021188613,-0.0007186803,0.0017612072,0.0,0.004991944,-0.001676883,-0.0015734943,-0.0020471164,-0.03932849,-0.0018705805
527,-0.00069817697,0.0,0.0022524595,-0.005209444,0.00045964296,-0.0024328914,0.0035991461,-0.0048078536,-0.04871765,-0.0035073415,0.0001492801,-1.7086602e-05,0.0,0.0,0.0,-0.0029003767,-0.014533407,0.0004158025,0.0,-0.0012366981,0.0027645868,0.0012648392,-0.0007265513,-0.1305626,0.010933993,-0.0010697764,0.00027128475,-0.0010661529,-0.00662882,-0.001499688,0.00017655815,-2.3254252e-06,-8.170852e-05,-0.028513752,-0.0044494383,0.00063123147,-0.15388177,-0.05100217,-0.015777249,-0.00095420436,0.0,0.0,-0.13110253,-0.31486484,-0.003172952,-0.003557119,0.0,0.0005201276,-0.000102375736,-0.18473947,-0.033422936,-2.64441e-05,0.006047063,0.0003826445,-0.0007186803,0.0017612072,0.0,0.0048403265,-0.001676883,-0.0015734943,-0.0020471164,-0.040917687,-0.0013835803
528,-0.0006001592,0.0,0.0022524595,-0.005209444,0.00045964296,-0.0024328914,0.0062258914,-0.005005564,0.0052733547,-0.00094848796,0.0001492801,-1.7086602e-05,0.0,0.0,0.0,-0.0029003767,0.0021334775,-0.00010618098,0.0,-0.0012366981,0.0027645868,-1.7201775e-05,-0.0007265513,-0.1983946,0.011739022,-0.0016298512,-0.0007841112,-0.0007300108,-0.00662882,-0.001499688,0.0015189456,-2.3254252e-06,-8.170852e-05,-0.028190859,-0.003176902,0.00063123147,-0.15393014,-0.05100217,-0.017377846,-0.00095420436,0.0,0.0,-0.12433395,-0.3161423,-0.003172952,-0.0048646173,0.0,0.028886694,-0.000102375736,-0.1875237,-0.0317788,-2.64441e-05,0.007346302,-0.0021188613,-0.0007186803,0.0017612072,0.0,0.009440544,-0.001676883,-0.0015734943,-0.0018466422,-0.04275272,-0.0018705805
529,-0.00030374562,0.0,0.0022524595,0.0021914868,0.00045964296,-0.0023874808,0.0051595047,-0.005005564,0.021893475,-0.00094848796,0.0001492801,-1.7086602e-05,0.0,0.0,0.0,-0.0029003767,0.005672957,-0.00010618098,0.0,-0.0036447921,0.0027645868,0.0012648392,-0.0007265513,-0.18907581,0.012592812,-0.0008076114,-0.0007841112,-0.0016472798,-0.003216378,-0.001499688,0.00017655815,-2.3254252e-06,-0.0003888607,0.053939,-0.0056440495,-0.0024697937,-0.14910644,-0.048910245,-0.016035458,-0.0018545807,0.0,0.0,-0.12742962,-0.28862986,-0.012465965,-0.005869464,0.0,-5.9574144e-05,-0.000102375736,-0.18435472,-0.05097496,-2.64441e-05,0.006047063,-0.0021188613,-0.0029831724,0.0017612072,0.0,-0.00038280425,-0.0018412904,-0.0015734943,-0.0014784662,0.049712684,-0.0035538897
530,-0.00047528296,0.0,0.0022524595,0.0010707519,0.00045964296,-0.0024328914,-0.06572396,-0.0052906247,-0.025645733,-0.0018997398,0.0001492801,-1.7086602e-05,0.0,0.0,0.0,-0.0029003767,0.0011155972,-0.00010618098,0.0,-0.0012366981,0.0027645868,-0.00014776754,-0.0007265513,-0.1660421,0.0121151935,-0.0016298512,-0.0007841112,-0.0007300108,-0.00662882,-0.001499688,0.00017655815,-2.3254252e-06,-8.170852e-05,-0.026626196,-0.003176902,0.00063123147,-0.17175587,-0.040023264,-0.016035458,-0.00095420436,0.0,0.0,-0.110026754,-0.33144262,-0.003172952,-0.0026527767,0.0,0.029466396,-0.000102375736,-0.11357739,-0.032464832,-2.64441e-05,0.0053630853,-0.0021188613,-0.0007186803,0.0017612072,0.0,0.008705767,-0.001676883,0.0034124423,-0.0020471164,-0.043095756,-0.0006354258
531,-0.00069817697,0.0,0.0022524595,0.0010707519,0.00045964296,-0.0024328914,0.0035991461,-0.0048078536,-0.04871765,-0.0035073415,0.0001492801,-1.7086602e-05,0.0,0.0,0.0,-0.0029003767,-0.014533407,0.0004158025,0.0,-0.0012366981,0.0027645868,-0.00014776754,-0.0007265513,-0.14044102,0.011126505,-0.0016298512,-0.0007841112,-0.0007300108,-0.00662882,-0.001499688,0.0015189456,-2.3254252e-06,-8.170852e-05,-0.028036147,-0.003176902,0.00063123147,-0.15873957,-0.05100217,-0.017377846,-0.00095420436,0.0,0.0,-0.123998165,-0.31779873,-0.003172952,-0.003557119,0.0,0.029466396,-0.000102375736,-0.17187418,-0.032590743,-2.64441e-05,0.006047063,-0.0021188613,-0.0007186803,0.0017612072,0.0,0.009215352,-0.001676883,-0.0015734943,-0.0018466422,-0.04073362,-0.0013835803
532,-0.0006001592,0.0,0.0022524595,0.0010707519,0.00045964296,-0.0024328914,0.0062258914,-0.005005564,0.021933625,-0.00094848796,0.0001492801,-1.7086602e-05,0.0,0.0,0.0,-0.0029003767,0.005672957,-0.00010618098,0.0,-0.0012366981,0.0027645868,0.0012648392,-0.0007265513,-0.2013336,0.011832955,0.0061644185,-0.0007841112,-0.0007300108,-0.00662882,-0.001499688,0.00017655815,-2.3254252e-06,-8.170852e-05,-0.028513752,-0.0056440495,0.00063123147,-0.15766655,-0.0507513,-0.016035458,-0.0018545807,0.0,0.0,-0.13665986,-0.32130417,-0.003172952,-0.0055381567,0.0,-5.9574144e-05,-0.000102375736,-0.17291866,-0.0505231,-2.64441e-05,0.006047063,-0.0021188613,-0.0007186803,0.0017612072,0.0,0.009477825,-0.001676883,0.0034124423,-0.0020471164,-0.04176563,-0.0035538897
533,-0.00047528296,0.0,0.0022524595,0.0010707519,0.00045964296,-0.0024328914,0.0061808033,-0.0048078536,-0.018844469,-0.0015233477,0.0001492801,-1.7086602e-05,0.0,0.0,0.0,-0.0029003767,0.0014361494,-0.00010618098,0.0,-0.0012366981,0.0027645868,0.0012648392,-0.0007265513,-0.17418179,0.011837462,-0.0010697764,-0.0007841112,-0.0010661529,-0.00662882,0.00068117527,-0.00969052,-2.3254252e-06,-8.170852e-05,-0.028513752,-0.003176902,-0.0006745928,-0.17647575,-0.052153073,-0.015777249,-0.00095420436,0.0,0.0,-0.14125933,-0.3293361,-0.003172952,-0.0029840842,0.0,0.0005201276,-0.000102375736,-0.13790241,-0.034108967,-2.64441e-05,0.0053630853,0.0003826445,-0.0007186803,0.0017612072,0.0,0.0049037086,-0.001676883,-0.0015734943,-0.0020471164,-0.043060105,-0.0018705805
534,-0.00030374562,0.0,0.0022524595,0.0023316722,0.00045964296,-0.0023874808,0.0026858451,-0.005005564,0.0052733547,-0.00094848796,0.0001492801,-1.7086602e-05,0.0,0.0,0.0,-0.0029003767,0.0021334775,-0.00010618098,0.0,-0.0036447921,0.0027645868,-0.00014776754,-0.0007265513,-0.19843963,0.011832955,-0.0013676862,-0.0007841112,-0.0013111377,-0.002885153,-0.001499688,0.0015189456,-2.3254252e-06,-0.0003888607,0.066644475,-0.003176902,-0.0024697937,-0.15016039,-0.045809563,-0.017377846,-0.00095420436,0.0,0.0,-0.12537271,-0.28750512,-0.012465965,-0.00453331,0.0,0.028886694,-0.000102375736,-0.17297028,-0.032590743,-2.64441e-05,0.006047063,-0.0021188613,-0.0029831724,0.0017612072,0.0,0.009366968,-0.001676883,0.0034124423,-0.001277992,0.06152339,-0.0018705805
535,-0.0006001592,0.0,0.0022524595,-0.005209444,0.00045964296,-0.0024328914,0.0037071442,-0.005005564,-0.018844469,-0.0015233477,0.0001492801,-1.7086602e-05,0.0,0.0,0.0,-0.0029003767,0.0014361494,-0.00010618098,0.0,-0.0012366981,0.0027645868,0.0012648392,-0.0007265513,-0.17812486,0.011540893,-0.0010697764,-0.0007841112,-0.0007300108,-0.00662882,-0.001499688,0.00017655815,-2.3254252e-06,-8.170852e-05,-0.028513752,-0.003176902,0.00063123147,-0.15424861,-0.05100217,-0.016035458,-0.00095420436,0.0,0.0,-0.124851584,-0.32283548,-0.003172952,-0.0026527767,0.0,0.029466396,-0.000102375736,-0.17510034,-0.032464832,-2.64441e-05,0.007346302,-0.0021188613,-0.0007186803,0.0017612072,0.0,0.009404249,-0.001676883,0.0034124423,-0.0020471164,-0.041567307,-0.0018705805
536,-0.0006001592,0.0,0.0022524595,-0.005209444,0.00045964296,-0.0024328914,0.0062258914,-0.005005564,0.0052733547,-0.00094848796,0.0001492801,-1.7086602e-05,0.0,0.0,0.0,-0.0029003767,0.0021334775,-0.00010618098,0.0,-0.0012366981,0.0027645868,-0.00014776754,-0.0007265513,-0.19845305,0.011734378,-0.0016298512,0.00027128475,-0.0010661529,-0.00662882,-0.001499688,0.0015189456,-2.3254252e-06,-8.170852e-05,-0.028036147,-0.0044494383,0.00063123147,-0.1538627,-0.05100217,-0.017377846,-0.00095420436,0.0,0.0,-0.12433395,-0.32021382,-0.003172952,-0.00453331,0.0,0.028886694,-0.000102375736,-0.1764041,-0.032464832,-2.64441e-05,0.007346302,-0.0021188613,-0.0007186803,0.0017612072,0.0,0.0049023265,-0.001676883,0.0034124423,-0.0018466422,-0.04275272,-0.0018705805
537,-0.0006001592,0.0,0.0022524595,-0.005209444,0.00045964296,-0.0024328914,0.0062258914,-0.005005564,0.021933625,-0.00094848796,0.0001492801,-1.7086602e-05,0.0,0.0,0.0,-0.0029003767,0.005672957,-0.00010618098,0.0,-0.0012366981,0.0027645868,0.0012648392,-0.0007265513,-0.20291074,0.011832955,-0.0010697764,-0.0007841112,-0.0007300108,-0.00662882,-0.001499688,0.0015189456,-2.3254252e-06,-8.170852e-05,-0.028513752,-0.0056440495,0.00063123147,-0.15317559,-0.0507513,-0.017377846,-0.0018545807,0.0,0.0,-0.12316827,-0.32201654,-0.003172952,-0.0055381567,0.0,0.028886694,-0.000102375736,-0.17576586,-0.048878964,-2.64441e-05,0.006047063,-0.0021188613,-0.0007186803,0.0017612072,0.0,0.0093775885,-0.001676883,0.0034124423,-0.0018466422,-0.042287167,-0.0035538897
538,-0.0006001592,0.0,0.0022524595,0.0010707519,0.00045964296,-0.0024328914,0.0064367335,-0.005005564,0.021039138,-0.00094848796,0.0001492801,-1.7086602e-05,0.0,0.0,0.0,-0.0029003767,0.005672957,-0.00010618098,0.0,-0.0012366981,0.0027645868,0.0012648392,-0.0007265513,-0.19229655,0.011640444,-0.0010697764,-0.0007841112,-0.0010661529,-0.00662882,-0.001499688,0.0015189456,-2.3254252e-06,0.0025634265,-0.028513752,-0.0056440495,0.00063123147,-0.15766655,-0.0507513,-0.017377846,-0.0018545807,0.0,0.0,-0.12194596,-0.31610623,-0.003172952,-0.0055381567,0.0,0.028886694,-0.000102375736,-0.18435472,-0.047924664,-2.64441e-05,0.006047063,-0.0021188613,-0.0007186803,0.0017612072,0.0,-0.00038280425,-0.0018412904,0.0034124423,-0.0020471164,-0.045496184,-0.0035538897
539,-0.0006001592,0.0,0.0022524595,-0.005209444,0.00045964296,-0.0024328914,0.0062258914,-0.005005564,0.013587873,-0.00094848796,0.0001492801,-1.7086602e-05,0.0,0.0,0.0,-0.0029003767,0.0029231743,-0.00010618098,0.0,-0.0012366981,0.0027645868,0.0012648392,-0.0007265513,-0.19837591,0.011739022,-0.0010697764,-0.0007841112,-0.0007300108,-0.00662882,-0.001499688,0.00017655815,-2.3254252e-06,-8.170852e-05,-0.028513752,-0.0056440495,0.00063123147,-0.15317559,-0.05100217,-0.016035458,-0.00095420436,0.0,0.0,-0.12396755,-0.32215428,-0.003172952,-0.0055381567,0.0,0.028886694,-0.000102375736,-0.18225162,-0.036163565,-2.64441e-05,0.007346302,-0.0021188613,-0.0007186803,0.0017612072,0.0,0.009440544,-0.001676883,0.0034124423,-0.0018466422,-0.042936787,-0.0035538897
540,-0.00047528296,0.0,0.0022524595,-0.005209444,0.00045964296,-0.0023874808,0.0049375147,-0.005005564,-0.013106943,-0.0011947682,0.0001492801,-1.7086602e-05,0.0,0.0,0.0,-0.0029003767,0.0021334775,-0.00010618098,0.0,-0.0012366981,0.0027645868,-0.00014776754,-0.0007265513,-0.18437763,0.012204661,-0.0010697764,-0.0007841112,-0.0007300108,-0.0047891866,-0.001499688,0.0015189456,-2.3254252e-06,-8.170852e-05,0.040245946,-0.003176902,-0.0006745928,-0.17128123,-0.05100217,-0.017377846,-0.00095420436,0.0,0.0,-0.12228297,-0.3372313,-0.005593629,-0.00453331,0.0,0.029466396,-0.000102375736,-0.12225064,-0.032464832,-2.64441e-05,0.0073596933,-0.0021188613,-0.0019180714,0.0017612072,0.0,0.009477825,-0.001676883,0.0034124423,-0.0020471164,-0.045104463,-0.0018705805
541,-0.00084886566,0.0,0.0022524595,0.0010707519,0.00045964296,-0.0024328914,0.0048376424,-0.0051013334,-0.018506551,-0.0015233477,0.0001492801,-0.00011040977,0.0,0.0,0.0,-0.0029003767,0.0021334775,-0.00010618098,0.0,-0.0012366981,0.0027645868,-0.00014776754,-0.0007265513,-0.15802655,0.010383837,-0.0016298512,-0.0007841112,-0.0012661478,-0.0067092148,-0.001499688,0.001439382,-2.3254252e-06,-8.170852e-05,-0.028036147,-0.003176902,0.00063123147,-0.119277425,-0.032026537,-0.017377846,-0.00095420436,0.0,0.0,-0.10775933,-0.247306,-0.003172952,-0.0048646173,0.0,0.0005201276,-0.000102375736,-0.18382461,-0.03463333,-0.000169137,0.006047063,-0.0021188613,-0.0007186803,0.0017612072,0.0,-0.15887327,-0.0018412904,-0.0015734943,-0.0021424298,-0.0421031,-0.0018705805
542,-0.00017886932,0.0,0.0022524595,0.0021914868,0.00045964296,-0.0023874808,0.004806681,-0.0048078536,-0.028101819,-0.0018997398,0.0001492801,-1.7086602e-05,0.0,0.0,0.0,-0.0029003767,0.0014361494,-0.00010618098,0.0,-0.0036447921,0.0027645868,-0.00014776754,-0.0007265513,-0.1610415,0.012016616,-0.0008076114,-0.0007841112,-0.0016472798,-0.003216378,0.00068117527,0.00017655815,-2.3254252e-06,-0.0003888607,0.051530622,-0.003176902,-0.0024697937,-0.17056723,-0.051757485,-0.015777249,-0.00095420436,0.0,0.0,-0.13805872,-0.32139575,-0.012465965,-0.0026527767,0.0,0.0005201276,-0.000102375736,-0.11868332,-0.034108967,-2.64441e-05,0.0053630853,0.0003826445,-0.0029831724,0.0017612072,0.0,0.0049037086,0.00050287833,0.0034124423,-0.0014784662,0.04735055,-0.0018705805
543,-0.0006001592,0.0,0.0022524595,-0.005209444,0.00045964296,-0.0024328914,0.011863841,-0.005005564,0.021933625,-0.00094848796,0.0001492801,-1.7086602e-05,0.0,0.0,0.0,-0.0029003767,0.005672957,-0.00010618098,0.0,-0.0012366981,0.0027645868,0.0012648392,0.005947278,-0.20109977,0.012785323,0.0061644185,-0.0007841112,-0.0007300108,-0.00662882,-0.001499688,0.0015189456,-2.3254252e-06,-8.170852e-05,-0.033975866,-0.0056440495,0.00063123147,-0.15317559,-0.05370689,-0.020371422,-0.0018545807,0.0,0.0,-0.12260876,-0.32615533,-0.003172952,-0.0055381567,0.0,0.028886694,-0.000102375736,-0.17116109,-0.051178493,-2.64441e-05,0.006047063,-0.0021188613,-0.0007186803,0.0017612072,0.0,0.009540782,-0.001676883,0.0034124423,-0.0020471164,-0.04176563,-0.0035538897
544,-0.00017886932,0.0,0.0022524595,-0.004088709,0.00045964296,-0.0023874808,0.0051595047,-0.005005564,0.021933625,-0.00094848796,0.0001492801,-1.7086602e-05,0.0,0.0,0.0,-0.0029003767,0.005672957,-0.00010618098,0.0,-0.0036447921,0.0027645868,0.0012648392,-0.0007265513,-0.19895424,0.0122281015,-0.0008076114,-0.0007841112,-0.0013111377,-0.003216378,-0.001499688,0.00017655815,-2.3254252e-06,-0.0003888607,0.053939,-0.0056440495,-0.0024697937,-0.16500327,-0.049095772,-0.016035458,-0.0018545807,0.0,0.0,-0.11949067,-0.29899716,-0.012465965,-0.0055381567,0.0,0.028886694,-0.000102375736,-0.14688757,-0.048878964,-2.64441e-05,0.0073596933,-0.0021188613,-0.0029831724,0.0017612072,0.0,0.009477825,-0.001676883,0.0034124423,-0.0014784662,0.04530619,-0.0035538897
545,-0.00030374562,0.0,0.0022524595,-0.0039485237,0.00045964296,-0.0023874808,0.004948662,-0.005005564,0.0052733547,-0.00094848796,0.0001492801,-1.7086602e-05,0.0,0.0,0.0,-0.0029003767,0.0021334775,-0.00010618098,0.0,-0.0036447921,0.0027645868,0.0012648392,-0.0007265513,-0.19940653,0.011832955,-0.0008076114,-0.0007841112,-0.0013111377,-0.002885153,-0.001499688,0.00017655815,-2.3254252e-06,-0.0003888607,0.06616686,-0.003176902,-0.0024697937,-0.14566945,-0.045809563,-0.016035458,-0.00095420436,0.0,0.0,-0.120699,-0.28985468,-0.012465965,-0.00453331,0.0,0.028886694,-0.000102375736,-0.17536558,-0.032590743,-2.64441e-05,0.007346302,-0.0021188613,-0.0029831724,0.0017612072,0.0,0.009540782,-0.001676883,0.0034124423,-0.0014784662,0.059320223,-0.0018705805
546,-0.00069817697,0.0,0.0022524595,-0.005209444,0.00045964296,-0.0024328914,-0.06253044,-0.0052906247,-0.04630172,-0.0035073415,0.0001492801,-1.7086602e-05,0.0,0.0,0.0,-0.0029003767,-0.013114323,0.0004158025,0.0,-0.0012366981,0.0027645868,-0.00014776754,-0.0007265513,-0.12766363,0.010933993,-0.0010697764,-0.0007841112,-0.0010661529,-0.00662882,-0.001499688,0.0015189456,-2.3254252e-06,-8.170852e-05,-0.0271038,-0.003176902,0.0007401777,-0.14687714,-0.040023264,-0.017377846,-0.00095420436,0.0,0.0,-0.09736224,-0.29589123,-0.003172952,-0.003557119,0.0,0.029466396,-0.000102375736,-0.17899624,-0.0317788,-2.64441e-05,0.006047063,-0.0021188613,-0.0007186803,0.0017612072,0.0,-0.0012076229,-0.0018412904,-0.0015734943,-0.0020471164,-0.041048102,-0.00014842558
547,-0.0012565235,0.0,0.0022524595,-0.005209444,0.00045964296,-0.0024328914,-0.024962831,-0.0052906247,0.020886857,-0.00094848796,0.0001492801,-1.7086602e-05,0.0,0.0,0.0,-0.0029003767,0.0055953404,-0.00010618098,0.0,-0.0012366981,0.0027645868,0.0012648392,-0.0007265513,-0.2020457,0.011832955,-0.0010697764,-0.0007841112,-0.0007300108,-0.0060964734,-0.001499688,0.00017655815,-2.3254252e-06,-8.170852e-05,-0.0271038,-0.0056440495,0.0007401777,-0.14595383,-0.046959355,-0.016035458,-0.0018545807,0.0,0.0,-0.11475276,-0.31634647,-0.003172952,-0.0055381567,0.0,0.028886694,-0.000102375736,-0.17414418,-0.047924664,-2.64441e-05,0.007346302,-0.0021188613,-0.0007186803,0.0017612072,0.0,0.00911722,-0.001676883,0.0034124423,-0.0020471164,-0.041697722,-0.002318735
548,-0.0006001592,0.0,0.0022524595,-0.005209444,0.00045964296,-0.0024328914,0.0064367335,-0.005005564,0.021933625,-0.00094848796,0.0001492801,-1.7086602e-05,0.0,0.0,0.0,-0.0029003767,0.005672957,-0.00010618098,0.0,-0.0012366981,0.0027645868,0.0012648392,0.005947278,-0.1979423,0.011739022,-0.0010697764,-0.0007841112,-0.0007300108,-0.00662882,-0.001499688,0.00017655815,-2.3254252e-06,-8.170852e-05,-0.028513752,-0.0056440495,0.00063123147,-0.1530259,-0.05389242,-0.019029034,-0.0018545807,0.0,0.0,-0.12302538,-0.32742542,-0.003172952,-0.0055381567,0.0,0.028886694,-0.000102375736,-0.1775724,-0.048192933,-2.64441e-05,0.007346302,-0.0021188613,-0.0007186803,0.0017612072,0.0,0.009540782,-0.001676883,0.0034124423,-0.0020471164,-0.042936787,-0.0035538897
549,-0.0006001592,0.0,0.0022524595,0.0010707519,0.00045964296,-0.0024328914,0.0062258914,-0.005005564,0.013587873,-0.00094848796,0.0001492801,-1.7086602e-05,0.0,0.0,0.0,-0.0029003767,0.0029231743,-0.00010618098,0.0,-0.0012366981,0.0027645868,0.0012648392,-0.0007265513,-0.20430599,0.011832955,-0.0016298512,0.00027128475,-0.0007300108,-0.00662882,-0.001499688,0.0015189456,-2.3254252e-06,-8.170852e-05,-0.028036147,-0.006916586,0.0007401777,-0.15744941,-0.05100217,-0.017377846,-0.00095420436,0.0,0.0,-0.12844078,-0.32223442,-0.003172952,-0.0055381567,0.0,0.028886694,-0.000102375736,-0.17298165,-0.036163565,-2.64441e-05,0.006047063,-0.0021188613,-0.0007186803,0.0017612072,0.0,0.009540782,-0.001676883,0.0034124423,-0.0020471164,-0.042233516,-0.0035538897
600,-0.00055245205,0.0,0.0022524595,0.0023316722,0.00045964296,-0.0023874808,0.0040271864,-0.004943043,0.021360459,-0.00094848796,0.0001492801,-0.00011040977,0.0,0.0,0.0,-0.0029003767,0.005672957,-0.00010618098,0.0,0.0019207823,0.0027645868,0.0012648392,-0.0007265513,-0.17584768,0.010675899,-0.0013676862,0.00027128475,-0.0018472747,-0.0029655478,0.00068117527,0.001439382,-2.3254252e-06,-0.0003888607,0.078285605,-0.006916586,-0.0014931285,-0.10737618,-0.028993893,-0.017119637,-0.0018545807,0.0,0.0,-0.10492822,-0.21752535,-0.012199642,-0.005869464,0.0,-5.9574144e-05,3.3630393e-05,-0.1797209,-0.05225404,-0.000169137,0.007346302,0.0003826445,0.012199596,0.0017612072,0.0,-0.15887327,0.0015618203,-0.0015734943,-0.0015737796,0.06618908,-0.0035538897
601,-0.00084886566,0.0,0.0022524595,0.0010707519,0.00045964296,-0.0024328914,0.0050935727,-0.004943043,0.021360459,-0.00094848796,0.0001492801,-0.00011040977,0.0,0.0,0.0,-0.0029003767,0.005672957,-0.00010618098,0.0,-0.00013550714,0.0027645868,-0.00014776754,0.005947278,-0.18157339,0.009723532,-0.0016298512,-0.0007841112,-0.0012661478,-0.0067092148,0.00068117527,0.001439382,-0.00015609548,-8.170852e-05,-0.032828376,-0.0056440495,0.00063123147,-0.11786492,-0.037513155,-0.020113213,-0.0018545807,0.0,0.0,-0.111029334,-0.25143498,-0.003172952,-0.005869464,0.0,-5.9574144e-05,3.3630393e-05,-0.18020706,-0.049909573,-0.000169137,0.006047063,0.0003826445,0.002696652,0.0017612072,0.0,-0.15787672,0.0003384709,-0.0015734943,-0.0008451531,-0.04532538,-0.0035538897
602,-0.00084886566,0.0,0.0022524595,0.0010707519,0.00045964296,-0.0024328914,0.0053044157,-0.004943043,0.021360459,-0.00094848796,0.0001492801,-0.00011040977,0.0,0.0,0.0,-0.0029003767,0.005672957,-0.00010618098,0.0,-0.00013550714,0.0027645868,0.0012648392,0.0044394606,-0.18750349,0.010769832,-0.0016298512,0.00027128475,-0.0012661478,-0.0067092148,0.00068117527,0.001439382,-0.00015609548,-8.170852e-05,-0.034529366,-0.006916586,0.00063123147,-0.117392965,-0.03732763,-0.020113213,-0.0018545807,0.0,0.0,-0.10843556,-0.25603005,0.0020655552,-0.005869464,0.0,-5.9574144e-05,3.3630393e-05,-0.16935888,-0.051047467,-0.000169137,0.006047063,0.0003826445,0.002696652,0.0017612072,0.0,-0.15887327,0.0003384709,-0.0015734943,-0.0021424298,-0.04995023,-0.0035538897
603,-0.00084886566,0.0,0.0022524595,0.0010707519,0.00045964296,-0.0024328914,0.0053044157,-0.0051013334,0.013014704,-0.00094848796,0.0001492801,-0.00011040977,0.0,0.0,0.0,-0.0029003767,0.0029231743,-0.00010618098,0.0,-0.0012366981,0.0027645868,-0.00014776754,0.005947278,-0.18324076,0.009723532,-0.0016298512,-0.0007841112,-0.0012661478,-0.0067092148,0.00068117527,0.001439382,-0.00015609548,-8.170852e-05,-0.03264138,-0.0056440495,0.00063123147,-0.117893636,-0.037764028,-0.020113213,-0.00095420436,0.0,0.0,-0.11178596,-0.2516357,-0.003172952,-0.005869464,0.0,-5.9574144e-05,3.3630393e-05,-0.18046053,-0.037068263,-0.000169137,0.006047063,0.0003826445,0.002696652,0.0017612072,0.0,-0.15787672,0.0003384709,-0.0015734943,-0.0008451531,-0.043952074,-0.0035538897
604,-0.00084886566,0.0,0.0022524595,0.0010707519,0.00045964296,-0.0024328914,0.0053044157,-0.0051013334,0.021360459,-0.00094848796,0.0001492801,-0.00011040977,0.0,0.0,0.0,-0.0029003767,0.005672957,-0.00010618098,0.0,-0.00013550714,0.0027645868,-0.00014776754,0.005947278,-0.18032418,0.010675899,-0.0016298512,-0.0007841112,-0.0012661478,-0.0067092148,0.00068117527,0.001439382,-0.0026545175,-8.170852e-05,-0.035628885,-0.0056440495,0.00063123147,-0.11763882,-0.03732763,-0.020113213,-0.0018545807,0.0,0.0,-0.1107294,-0.25073853,0.0020655552,-0.005869464,0.0,-5.9574144e-05,3.3630393e-05,-0.17921133,-0.051047467,-0.000169137,0.006047063,0.0003826445,0.002696652,0.0017612072,0.0,-0.15787672,0.0003384709,-0.00040820174,-0.0008451531,-0.04995023,-0.0035538897
605,-0.00055245205,0.0,0.0022524595,0.0021914868,0.00045964296,-0.0023874808,0.0040271864,-0.0051013334,0.0047001853,-0.00094848796,0.0001492801,-0.00011040977,0.0,0.0,0.0,-0.0029003767,0.0021334775,-0.00010618098,0.0,0.0019207823,0.0027645868,0.0012648392,0.005947278,-0.17505078,0.010675899,-0.0013676862,-0.0007841112,-0.0018472747,-0.0032967727,0.00068117527,0.001439382,-0.00034665375,-0.0003888607,0.057467587,-0.003176902,-0.0024697937,-0.10817951,-0.035922978,-0.020113213,-0.00095420436,0.0,0.0,-0.10456163,-0.2220757,0.010288555,-0.0048646173,0.0,-5.9574144e-05,3.3630393e-05,-0.17540255,-0.03463333,-0.000169137,0.006047063,0.0003826445,0.012199596,0.0017612072,0.0,-0.15887327,0.0003384709,-0.0002896314,-0.0015737796,0.06501519,-0.0018705805
606,-0.00084886566,0.0,-0.00043736555,0.0010707519,0.00045964296,-0.0024328914,0.004698238,-0.0051013334,0.0047001853,-0.00094848796,0.0001492801,-0.00011040977,0.0,0.0,0.0,-0.0029003767,0.0021334775,-0.00010618098,0.0,-0.00013550714,0.0027645868,0.0012648392,0.005947278,-0.18420957,0.009723532,-0.0016298512,-0.0007841112,-0.0012661478,-0.0067092148,0.00068117527,9.699457e-05,-0.00034665375,0.0025634265,-0.035628885,-0.003176902,0.00063123147,-0.11990057,-0.037764028,-0.018770825,-0.00095420436,0.0,0.0,-0.11193774,-0.25582334,0.0020655552,-0.0048646173,0.0,-5.9574144e-05,3.3630393e-05,-0.17514905,-0.03349544,-0.000169137,0.006047063,0.0003826445,0.002696652,0.0017612072,0.0,-0.15272795,0.0003384709,-0.0002896314,-0.0008451531,-0.05192831,-0.0018705805
607,-0.0009468834,0.0,0.0022524595,0.0010707519,0.00045964296,-0.0024328914,0.004729645,-0.0051013334,-0.04718325,-0.0035073415,0.0001492801,-0.00011040977,0.0,0.0,0.0,-0.0029003767,-0.014533407,0.0004158025,0.0,-0.00013550714,0.0027645868,0.0012648392,0.005947278,-0.12303651,0.009969448,-0.0016298512,-0.0007841112,-0.0012661478,-0.0067092148,0.00068117527,0.001439382,-0.00034665375,-8.170852e-05,-0.035628885,-0.003176902,0.00063123147,-0.120069355,-0.0375785,-0.020113213,-0.00095420436,0.0,0.0,-0.10692963,-0.25273603,0.0020655552,-0.003557119,0.0,0.0005201276,3.3630393e-05,-0.1747026,-0.03463333,-0.000169137,0.007346302,0.0003826445,0.002696652,0.0017612072,0.0,-0.1558219,0.0003384709,-0.0002896314,-0.0008451531,-0.050738394,-0.0013835803
608,0.020112468,0.0,0.0022524595,0.0010707519,0.00045964296,-0.0024328914,0.0053044157,-0.0051013334,0.021065298,-0.00094848796,0.0001492801,-0.00011040977,0.0,0.0,0.0,-0.0029003767,0.005672957,-0.00010618098,0.0,-0.00013550714,0.0027645868,-1.7201775e-05,0.005947278,-0.16844895,0.010675899,-0.0016298512,-0.0007841112,-0.0012661478,-0.011733537,0.00068117527,-2.8816874e-05,-0.0026545175,-8.170852e-05,-0.035783596,-0.0043685483,0.00063123147,-0.11277711,-0.03732763,-0.020113213,-0.001556398,0.0,0.0,-0.109005176,-0.2450221,0.0020655552,-0.005869464,0.0,-5.9574144e-05,3.3630393e-05,-0.17827916,-0.0500035,-0.000169137,0.007346302,0.0003826445,0.002696652,0.0017612072,0.0,-0.15508117,0.0003384709,-0.0002896314,-0.0008451531,-0.049467277,-0.0035538897
609,0.020112468,0.0,0.0022524595,0.0010707519,0.00045964296,-0.0024328914,0.010731522,-0.0051013334,0.021065298,-0.00094848796,0.0001492801,-0.00011040977,0.0,0.0,0.0,-0.0029003767,0.005672957,-0.00010618098,0.0,-0.00013550714,0.0027645868,0.0012648392,0.005947278,-0.16821513,0.012162831,-0.0016298512,-0.0007841112,-0.0012661478,-0.011733537,0.00068117527,0.001439382,-0.0018722179,-8.170852e-05,-0.041090995,-0.0043685483,0.00063123147,-0.11551593,-0.03732763,-0.020113213,-0.001556398,0.0,0.0,-0.10629472,-0.25082022,0.0020655552,-0.005869464,0.0,-5.9574144e-05,3.3630393e-05,-0.1738465,-0.051039223,-0.000169137,0.006047063,0.0003826445,0.002696652,0.0017612072,0.0,-0.15607773,0.0003384709,-0.0002896314,-0.0021424298,-0.048817657,-0.0035538897
610,-0.00084886566,0.0,0.0022524595,0.0010707519,0.00045964296,-0.0023874808,0.0038163431,-0.0051013334,0.0055492553,-0.00094848796,0.0001492801,-0.00011040977,0.0,0.0,0.0,-0.0029003767,0.0029231743,-0.00010618098,0.0,-0.00013550714,0.0027645868,0.0012648392,0.005947278,-0.18060514,0.009723532,-0.0016298512,-0.0007841112,-0.0012661478,-0.0048695817,0.00068117527,9.699457e-05,-0.00034665375,-8.170852e-05,0.04377453,-0.004128857,0.0007401777,-0.11671509,-0.037764028,-0.018770825,-0.00095420436,0.0,0.0,-0.106883556,-0.23897062,0.004143209,-0.0048646173,0.0,-5.9574144e-05,3.3630393e-05,-0.17619894,-0.03349544,-0.000169137,0.006047063,0.0003826445,0.0076426477,0.0017612072,0.0,-0.15887327,0.0003384709,-0.00040820174,-0.0021424298,-0.05008065,-0.0018705805
611,-0.0009468834,0.0,0.0022524595,0.0010707519,0.00045964296,-0.0024328914,-0.054129135,-0.005386394,-0.04333741,-0.0035073415,0.0001492801,-0.00011040977,0.0,0.0,0.0,-0.0029003767,-0.013272318,0.0004158025,0.0,-0.00013550714,0.0027645868,-0.00014776754,-0.0007265513,-0.118010685,-0.12882304,-0.0016298512,-0.0007841112,-0.0012661478,-0.0058186366,0.00068117527,0.001439382,-0.00034665375,-8.170852e-05,-0.03421893,-0.003176902,0.00063123147,-0.097278066,-0.028560877,-0.015393252,-0.00095420436,0.0,0.0,-0.08106339,-0.19720745,0.0020655552,-0.003557119,0.0,0.0005201276,3.3630393e-05,-0.14241785,-0.03349544,-0.000169137,0.006047063,0.0003826445,0.002696652,0.0017612072,0.0,-0.11555372,0.0003384709,-0.00040820174,-0.0008451531,-0.04858075,-0.00014842558
612,-0.00084886566,0.0,0.0022524595,0.0010707519,0.00045964296,-0.0024328914,0.0053044157,-0.0051013334,0.021360459,-0.00094848796,0.0001492801,-0.00011040977,0.0,0.0,0.0,-0.0029003767,0.005672957,-0.00010618098,0.0,-0.00013550714,0.0027645868,-0.00014776754,0.005947278,-0.18157339,0.012162831,-0.0016298512,-0.0007841112,-0.0012661478,-0.0067092148,0.00068117527,-2.8816874e-05,-0.00015609548,-8.170852e-05,-0.033927895,-0.0056440495,0.00063123147,-0.11653229,-0.03732763,-0.020113213,-0.0018545807,0.0,0.0,-0.11098668,-0.25263637,-0.003172952,-0.005869464,0.0,-5.9574144e-05,3.3630393e-05,-0.18116763,-0.051047467,-0.000169137,0.007346302,0.0003826445,0.002696652,0.0017612072,0.0,-0.15787672,0.0003384709,-0.00040820174,-0.0008451531,-0.045975,-0.0035538897
613,-0.00055245205,0.0,0.0022524595,0.0023316722,0.00045964296,-0.0023874808,0.0040271864,-0.004943043,0.021360459,-0.00094848796,0.0001492801,-0.00011040977,0.0,0.0,0.0,-0.0029003767,0.005672957,-0.00010618098,0.0,-0.0036447921,0.0027645868,0.0012648392,0.005947278,-0.177889,0.010675899,-0.0013676862,-0.0007841112,-0.0018472747,-0.0029655478,0.00068117527,0.001439382,-0.00015609548,-0.0003888607,0.07699909,-0.0056440495,-0.0024697937,-0.10759332,-0.03213502,-0.020113213,-0.0018545807,0.0,0.0,-0.10515813,-0.21761811,-0.012199642,-0.005869464,0.0,-5.9574144e-05,3.3630393e-05,-0.179422,-0.051047467,-0.000169137,0.006047063,0.0003826445,0.012199596,0.0017612072,0.0,-0.15887327,0.0015618203,-0.00040820174,-0.0015737796,0.06392699,-0.0035538897
614,-0.00055245205,0.0,0.0022524595,0.0023316722,0.00045964296,-0.0023874808,0.0040271864,-0.004943043,0.021360459,-0.00094848796,0.0001492801,-0.00011040977,0.0,0.0,0.0,-0.0029003767,0.005672957,-0.00010618098,0.0,-0.0036447921,0.0027645868,-0.00014776754,0.005947278,-0.177889,0.010675899,-0.0013676862,-0.0007841112,-0.0018472747,-0.0029655478,-0.001499688,0.001439382,-0.00015609548,-0.0003888607,0.07699909,-0.0056440495,-0.0024697937,-0.10759332,-0.02972418,-0.020113213,-0.0018545807,0.0,0.0,-0.10515813,-0.21539696,-0.012199642,-0.005869464,0.0,-5.9574144e-05,3.3630393e-05,-0.18046053,-0.051047467,-0.000169137,0.006047063,0.0003826445,0.012199596,0.0017612072,0.0,-0.15887327,0.0015618203,-0.00040820174,-0.0015737796,0.06392699,-0.0035538897
615,0.020112468,0.0,0.0022524595,0.0010707519,0.00045964296,-0.0024328914,0.0053044157,-0.0051013334,0.021065298,-0.00094848796,0.0001492801,-0.00011040977,0.0,0.0,0.0,-0.0029003767,0.005672957,-0.00010618098,0.0,-0.00013550714,0.0027645868,-1.7201775e-05,0.005947278,-0.16844895,0.010675899,-0.0016298512,-0.0007841112,-0.0012661478,-0.011733537,0.00068117527,-2.8816874e-05,-0.0018722179,-8.170852e-05,-0.035783596,-0.0043685483,0.00063123147,-0.114154585,-0.03732763,-0.020113213,-0.001556398,0.0,0.0,-0.109005176,-0.2450221,0.0020655552,-0.005869464,0.0,-5.9574144e-05,3.3630393e-05,-0.17768398,-0.0500035,-0.000169137,0.007346302,0.0003826445,0.002696652,0.0017612072,0.0,-0.15508117,0.0003384709,-0.0002896314,-0.0008451531,-0.049467277,-0.0035538897
616,-0.00084886566,0.0,0.0022524595,0.0010707519,0.00045964296,-0.0023874808,0.0036912465,-0.0051013334,-0.013680112,-0.0011947682,0.0001492801,-0.00011040977,0.0,0.0,0.0,-0.0029003767,0.0021334775,-0.00010618098,0.0,-0.00013550714,0.0027645868,0.0012648392,0.005947278,-0.16179109,0.00943147,-0.0016298512,-0.0007841112,-0.0012661478,-0.0048695817,0.00068117527,9.699457e-05,-0.0026545175,-8.170852e-05,0.04377453,-0.003176902,0.0007401777,-0.11548641,-0.037764028,-0.018770825,-0.00095420436,0.0,0.0,-0.10769314,-0.23631988,0.004143209,-0.0048646173,0.0,0.0005201276,3.3630393e-05,-0.17660418,-0.03349544,-0.000169137,0.006047063,0.0003826445,0.0076426477,0.0017612072,0.0,-0.15887327,0.0003384709,-0.0002896314,-0.0021424298,-0.05021919,-0.0018705805
617,-0.00055245205,0.0,0.0022524595,0.0023316722,0.00045964296,-0.0023874808,0.0040271864,-0.0051013334,0.021360459,-0.00094848796,0.0001492801,-0.00011040977,0.0,0.0,0.0,-0.0029003767,0.005672957,-0.00010618098,0.0,0.0019207823,0.0027645868,-0.00014776754,-0.0007265513,-0.17584768,0.010675899,-0.0013676862,0.00027128475,-0.0018472747,-0.0029655478,0.00068117527,0.001439382,-0.00015609548,-0.0003888607,0.07998343,-0.006916586,-0.0014931285,-0.10568065,-0.028993893,-0.01544617,-0.0018545807,0.0,0.0,-0.092401475,-0.20605072,0.010554878,-0.005869464,0.0,-5.9574144e-05,3.3630393e-05,-0.18604286,-0.051769756,-0.000169137,0.007346302,0.0021184068,0.012199596,0.0017612072,0.0,-0.15887327,0.0015618203,-0.0002896314,-0.0015737796,0.074622735,-0.0035538897
618,0.020112468,0.0,0.0022524595,0.0010707519,0.00045964296,-0.0024328914,0.0053044157,-0.0051013334,0.021065298,-0.00094848796,0.0001492801,-0.00011040977,0.0,0.0,0.0,-0.0029003767,0.005672957,-0.00010618098,0.0,-0.00013550714,0.0027645868,-1.7201775e-05,0.005947278,-0.16844895,0.012162831,-0.0016298512,-0.0007841112,-0.0012661478,-0.011733537,0.00068117527,0.00082395785,-0.00034665375,-8.170852e-05,-0.035783596,-0.0043685483,0.00063123147,-0.114154585,-0.03732763,-0.020113213,-0.001556398,0.0,0.0,-0.109005176,-0.2517973,0.0020655552,-0.005869464,0.0,-5.9574144e-05,3.3630393e-05,-0.17544416,-0.0500035,-0.000169137,0.007346302,0.0003826445,0.002696652,0.0017612072,0.0,-0.15441108,0.0003384709,-0.0002896314,-0.0008451531,-0.049467277,-0.0035538897
619,0.016691316,0.0,0.0022524595,0.0023316722,0.00045964296,-0.0023874808,0.0038163431,-0.0051013334,0.021065298,-0.00094848796,0.0001492801,-0.00011040977,0.0,0.0,0.0,-0.0029003767,0.005672957,-0.00010618098,0.0,0.0019207823,0.0027645868,0.0012648392,-0.0007265513,-0.16397245,0.010675899,-0.0013676862,0.00027128475,-0.0018472747,-0.0079898685,0.00068117527,0.001439382,-2.3254252e-06,-0.0003888607,0.07998343,-0.005641085,-0.0014931285,-0.102200255,-0.028993893,-0.01544617,-0.001556398,0.0,0.0,-0.09201725,-0.20406297,0.010554878,-0.005869464,0.0,-5.9574144e-05,3.3630393e-05,-0.18199693,-0.050725788,-0.000169137,0.007346302,0.0021184068,0.012199596,0.0017612072,0.0,-0.15607773,0.0015618203,-0.0002896314,-0.0015737796,0.071996935,-0.0035538897
620,0.016691316,0.0,0.0022524595,0.0023316722,0.00045964296,-0.0023874808,0.0038163431,-0.0051013334,0.0052540945,-0.00094848796,0.0001492801,-0.00011040977,0.0,0.0,0.0,-0.0029003767,0.0029231743,-0.00010618098,0.0,-0.0036447921,0.0027645868,0.0012648392,0.005947278,-0.16504551,0.010675899,-0.0013676862,-0.0007841112,-0.0018472747,-0.0079898685,0.00068117527,0.001439382,-0.00034665375,-0.0003888607,0.077186085,-0.0028533563,-0.0014931285,-0.10640339,-0.032385893,-0.020113213,-0.00065602164,0.0,0.0,-0.10551795,-0.21640238,-0.012199642,-0.0048646173,0.0,-5.9574144e-05,3.3630393e-05,-0.17409465,-0.03479594,-0.000169137,0.007346302,0.0003826445,0.012199596,0.0017612072,0.0,-0.15607773,0.0015618203,-0.0002896314,-0.0015737796,0.06069238,-0.0018705805
621,-0.00084886566,0.0,0.0022524595,0.0010707519,0.00045964296,-0.0024328914,0.0050935727,-0.0051013334,0.0047001853,-0.00094848796,0.0001492801,-0.00011040977,0.0,0.0,0.0,-0.0029003767,0.0021334775,-0.00010618098,0.0,-0.00013550714,0.0027645868,-1.7201775e-05,0.005947278,-0.18077649,0.009723532,-0.0016298512,-0.0007841112,-0.0012661478,-0.0067092148,0.00068117527,-2.8816874e-05,-0.0018722179,-8.170852e-05,-0.034082606,-0.003176902,0.00063123147,-0.11879404,-0.037764028,-0.020113213,-0.00095420436,0.0,0.0,-0.11219502,-0.25055745,-0.003172952,-0.0048646173,0.0,-5.9574144e-05,3.3630393e-05,-0.1791345,-0.03349544,-0.000169137,0.007346302,0.0003826445,0.002696652,0.0017612072,0.0,-0.15787672,0.0003384709,-0.0002896314,-0.0008451531,-0.04611354,-0.0018705805
622,0.016691316,0.0,0.0022524595,0.0023316722,0.00045964296,-0.0023874808,0.0040271864,-0.004943043,0.021065298,-0.00094848796,0.0001492801,-0.00011040977,0.0,0.0,0.0,-0.0029003767,0.005672957,-0.00010618098,0.0,-0.0036447921,0.0027645868,0.0012648392,0.005947278,-0.16476455,0.010675899,-0.0013676862,-0.0007841112,-0.0018472747,-0.0079898685,0.00068117527,0.001439382,-0.00034665375,-0.0003888607,0.07699909,-0.0043685483,-0.0014931285,-0.10547045,-0.03213502,-0.020113213,-0.001556398,0.0,0.0,-0.10450134,-0.21585558,-0.012199642,-0.005869464,0.0,-5.9574144e-05,3.3630393e-05,-0.17434815,-0.051210072,-0.000169137,0.007346302,0.0003826445,0.012199596,0.0017612072,0.0,-0.15607773,0.0015618203,-0.0002896314,-0.0015737796,0.06069238,-0.0035538897
623,-0.00084886566,0.0,0.0022524595,0.0010707519,0.00045964296,-0.0024328914,0.0050935727,-0.0051013334,0.013014704,-0.00094848796,0.0001492801,-0.00011040977,0.0,0.0,0.0,-0.0029003767,0.0029231743,-0.00010618098,0.0,-0.00013550714,0.0027645868,0.0012648392,0.005947278,-0.18171944,0.012162831,-0.0016298512,-0.0007841112,-0.0012661478,-0.0067092148,0.00068117527,0.001439382,-0.00034665375,-8.170852e-05,-0.033927895,-0.0056440495,0.00063123147,-0.11925115,-0.0375785,-0.020113213,-0.00095420436,0.0,0.0,-0.109534785,-0.25921792,-0.003172952,-0.005869464,0.0,-5.9574144e-05,3.3630393e-05,-0.17508431,-0.038206156,-0.000169137,0.006047063,0.0003826445,0.002696652,0.0017612072,0.0,-0.15887327,0.0003384709,-0.0002896314,-0.0021424298,-0.04546392,-0.0035538897
624,0.016691316,0.0,0.0022524595,0.0023316722,0.00045964296,-0.0023874808,0.0038163431,-0.0051013334,0.021065298,-0.00094848796,0.0001492801,-0.00011040977,0.0,0.0,0.0,-0.0029003767,0.005672957,-0.00010618098,0.0,0.0019207823,0.0027645868,0.0012648392,0.005947278,-0.16272323,0.009723532,-0.0013676862,-0.0007841112,-0.0018472747,-0.0079898685,0.00068117527,9.699457e-05,-0.00034665375,-0.0003888607,0.06689811,-0.0043685483,-0.0024697937,-0.10549915,-0.032320548,-0.018770825,-0.001556398,0.0,0.0,-0.1047739,-0.2174536,-0.012465965,-0.005869464,0.0,-5.9574144e-05,3.3630393e-05,-0.17344503,-0.04886561,-0.000169137,0.006047063,0.0003826445,0.012199596,0.0017612072,0.0,-0.15607773,0.0003384709,-0.0002896314,-0.0015737796,0.064433075,-0.0035538897
625,0.020112468,0.0,0.0022524595,0.0010707519,0.00045964296,-0.0024328914,0.0053044157,-0.0051013334,0.012719543,-0.00094848796,0.0001492801,-0.00011040977,0.0,0.0,0.0,-0.0029003767,0.0029231743,-0.00010618098,0.0,-0.00013550714,0.0027645868,-0.00014776754,0.005947278,-0.16984421,0.010675899,-0.0016298512,-0.0007841112,-0.0012661478,-0.011733537,0.00068117527,0.001439382,-0.00034665375,-8.170852e-05,-0.033927895,-0.0043685483,0.00063123147,-0.11577075,-0.0375785,-0.020113213,-0.00065602164,0.0,0.0,-0.11006174,-0.24975194,-0.003172952,-0.005869464,0.0,-5.9574144e-05,3.3630393e-05,-0.17473705,-0.03716219,-0.000169137,0.006047063,0.0003826445,0.002696652,0.0017612072,0.0,-0.15508117,0.0003384709,-0.0002896314,-0.0008451531,-0.044192802,-0.0035538897
626,-0.012481759,0.0,0.0022524595,0.0023316722,0.00045964296,-0.0023874808,-0.05540636,-0.005386394,-0.043351207,-0.0035073415,0.0001492801,-0.00011040977,0.0,0.0,0.0,-0.0029003767,-0.013114323,0.0004158025,0.0,0.0019207823,0.0027645868,-0.00014776754,0.005947278,-0.115803935,0.009017081,-0.0013676862,-0.0007841112,-0.0018472747,-0.0029655478,0.00068117527,0.001439382,-0.00034665375,-0.0003888607,0.07859604,-0.003176902,-0.0024697937,-0.10400714,-0.028230924,-0.020113213,-0.00095420436,0.0,0.0,-0.08798809,-0.19691336,-0.012199642,-0.003557119,0.0,0.0005201276,3.3630393e-05,-0.1655558,-0.03349544,-0.000169137,0.006047063,0.0003826445,0.012199596,0.0017612072,0.0,-0.14526133,0.0015618203,-0.0002896314,-0.0015737796,0.06580255,-0.00014842558
627,0.020112468,0.0,0.0022524595,0.0010707519,0.00045964296,-0.0024328914,0.0053044157,-0.0051013334,0.021065298,-0.00094848796,0.0001492801,-0.00011040977,0.0,0.0,0.0,-0.0029003767,0.005672957,-0.00010618098,0.0,-0.00013550714,0.0027645868,0.0012648392,0.005947278,-0.16969816,0.010675899,-0.0016298512,-0.0007841112,-0.0012661478,-0.011733537,0.00068117527,9.699457e-05,-0.00015609548,-8.170852e-05,-0.033927895,-0.0043685483,0.0007401777,-0.11439327,-0.03732763,-0.018770825,-0.001556398,0.0,0.0,-0.10926246,-0.24933012,-0.003172952,-0.005869464,0.0,-5.9574144e-05,3.3630393e-05,-0.1766681,-0.0500035,-0.000169137,0.006047063,0.0003826445,0.002696652,0.0017612072,0.0,-0.15508117,0.0003384709,-0.0002896314,-0.0008451531,-0.044323217,-0.0035538897
628,-0.0009468834,0.0,0.0022524595,0.0010707519,0.00045964296,-0.0024328914,0.004729645,-0.0051013334,-0.04718325,-0.0035073415,0.0001492801,-0.00011040977,0.0,0.0,0.0,-0.0029003767,-0.014533407,0.0004158025,0.0,-0.00013550714,0.0027645868,-0.00014776754,0.005947278,-0.12303651,0.01145638,-0.0016298512,-0.0007841112,-0.0012661478,-0.0067092148,0.00068117527,-2.8816874e-05,-0.00034665375,-8.170852e-05,-0.035628885,-0.003176902,0.00063123147,-0.11870801,-0.0375785,-0.020113213,-0.00095420436,0.0,0.0,-0.10463578,-0.2516075,0.0020655552,-0.003557119,0.0,0.0005201276,3.3630393e-05,-0.175149,-0.03463333,-0.000169137,0.006047063,0.0003826445,0.002696652,0.0017612072,0.0,-0.15681846,0.0003384709,-0.0002896314,-0.0021424298,-0.050088774,-0.0013835803
629,0.016691316,0.0,0.0022524595,0.0023316722,0.00045964296,-0.0023874808,0.0040271864,-0.0051013334,0.021065298,-0.00094848796,0.0001492801,-0.00011040977,0.0,0.0,0.0,-0.0029003767,0.005672957,-0.00010618098,0.0,0.0019207823,0.0027645868,0.0012648392,0.005947278,-0.16272323,0.010675899,-0.0013676862,-0.0007841112,-0.0018472747,-0.0079898685,0.00068117527,0.001439382,-0.00034665375,-0.0003888607,0.06689811,-0.0043685483,-0.0024697937,-0.10549915,-0.03213502,-0.020113213,-0.001556398,0.0,0.0,-0.10702509,-0.2174536,-0.012465965,-0.005869464,0.0,-5.9574144e-05,3.3630393e-05,-0.17369853,-0.0500035,-0.000169137,0.006047063,0.0003826445,0.012199596,0.0017612072,0.0,-0.15508117,0.0003384709,-0.0002896314,-0.00027650304,0.064433075,-0.0035538897
630,-0.00055245205,0.0,0.0022524595,0.0023316722,0.00045964296,-0.0023874808,0.0038163431,-0.0051013334,0.021360459,-0.00094848796,0.0001492801,-0.00011040977,0.0,0.0,0.0,-0.0029003767,0.005672957,-0.00010618098,0.0,0.0019207823,0.0027645868,0.0012648392,-0.0007265513,-0.17584768,0.009723532,-0.0013676862,-0.0007841112,-0.0018472747,-0.0029655478,0.00068117527,0.001439382,-0.00015609548,-0.0003888607,0.077186085,-0.0056440495,-0.0014931285,-0.10760207,-0.02917942,-0.017119637,-0.0018545807,0.0,0.0,-0.10497087,-0.21214625,-0.012199642,-0.005869464,0.0,-5.9574144e-05,3.3630393e-05,-0.18410124,-0.051116146,-0.000169137,0.006047063,0.0003826445,0.012199596,0.0017612072,0.0,-0.15887327,0.0015618203,-0.0002896314,-0.0015737796,0.06687952,-0.0035538897
631,-0.00084886566,0.0,0.0022524595,0.0010707519,0.00045964296,-0.0024328914,0.0048376424,-0.0051013334,-0.036081295,-0.0023805688,0.0001492801,-0.00011040977,0.0,0.0,0.0,-0.0029003767,0.0014361494,-0.000383359,0.0,-0.00013550714,0.0027645868,0.0012648392,0.0044394606,-0.14574108,0.011781301,-0.0016298512,-0.0007841112,-0.0012661478,-0.0067092148,0.00068117527,0.001439382,-0.00034665375,-8.170852e-05,-0.033927895,-0.003176902,0.00063123147,-0.12032417,-0.0375785,-0.020113213,-0.00095420436,0.0,0.0,-0.113104336,-0.2532297,-0.003172952,-0.0029840842,0.0,0.0005201276,3.3630393e-05,-0.17399478,-0.03463333,-0.000169137,0.006047063,0.0003826445,0.002696652,0.0017612072,0.0,-0.1558219,0.0003384709,-0.0002896314,-0.0008451531,-0.04546392,-0.0013835803
632,0.020112468,0.0,0.0022524595,0.0010707519,0.00045964296,-0.0024328914,0.0053044157,-0.0051013334,0.021065298,-0.00094848796,0.0001492801,-0.00011040977,0.0,0.0,0.0,-0.0029003767,0.005672957,-0.00010618098,0.0,-0.00013550714,0.0027645868,0.0012648392,0.005947278,-0.16518977,0.010675899,-0.0016298512,-0.0007841112,-0.0012661478,-0.011733537,0.00068117527,9.699457e-05,-0.00015609548,-8.170852e-05,-0.033927895,-0.0043685483,0.00063123147,-0.11439327,-0.03732763,-0.018770825,-0.001556398,0.0,0.0,-0.10696862,-0.2493516,-0.003172952,-0.005869464,0.0,-5.9574144e-05,3.3630393e-05,-0.17654541,-0.0500035,-0.000169137,0.006047063,0.0003826445,0.002696652,0.0017612072,0.0,-0.15550028,0.0003384709,-0.0002896314,0.011406364,-0.044192802,-0.0035538897
633,0.016691316,0.0,0.0022524595,0.0023316722,0.00045964296,-0.0023874808,0.0038163431,-0.0051013334,0.021065298,-0.00094848796,0.0001492801,-0.00011040977,0.0,0.0,0.0,-0.0029003767,0.005672957,-0.00010618098,0.0,0.0019207823,0.0027645868,0.0012648392,0.005947278,-0.16397245,0.009723532,-0.0013676862,-0.0007841112,-0.0018472747,-0.0079898685,0.00068117527,0.001439382,-0.00015609548,-0.0003888607,0.077186085,-0.0043685483,-0.0014931285,-0.10412167,-0.032320548,-0.020113213,-0.001556398,0.0,0.0,-0.10683783,-0.21320483,-0.012199642,-0.005869464,0.0,-5.9574144e-05,3.3630393e-05,-0.17641462,-0.05007218,-0.000169137,0.006047063,0.0003826445,0.012199596,0.0017612072,0.0,-0.15508117,0.0015618203,-0.0002896314,-0.00027650304,0.064433075,-0.0035538897
634,0.016691316,0.0,0.0022524595,0.0023316722,0.00045964296,-0.0023874808,-0.057037998,-0.005386394,-0.017256714,-0.0015233477,0.0001492801,-0.00011040977,0.0,0.0,0.0,-0.0029003767,0.0011155972,-0.00010618098,0.0,0.0019207823,0.0027645868,-0.00014776754,-0.0007265513,-0.14002258,0.00943147,-0.0013676862,-0.0007841112,-0.0018472747,-0.0079898685,0.00068117527,9.699457e-05,-0.00015609548,-0.0003888607,0.07859604,-0.0019014012,-0.0024697937,-0.10028544,-0.0250898,-0.015777249,-0.00065602164,0.0,0.0,-0.09013481,-0.19271408,-0.012199642,-0.0029840842,0.0,0.0005201276,3.3630393e-05,-0.17428894,-0.032451477,-0.000169137,0.006047063,0.0003826445,0.012199596,0.0017612072,0.0,-0.14731614,0.0015618203,-0.0002896314,-0.0015737796,0.06580255,-0.0006354258
635,0.016691316,0.0,0.0022524595,0.0023316722,0.00045964296,-0.0023874808,0.0040271864,-0.0051013334,0.021065298,-0.00094848796,0.0001492801,-0.00011040977,0.0,0.0,0.0,-0.0029003767,0.005672957,-0.00010618098,0.0,-0.0036447921,0.0027645868,-0.00014776754,0.005947278,-0.16476455,0.010675899,-0.0013676862,-0.0007841112,-0.0018472747,-0.0079898685,0.00068117527,0.001439382,-0.0018722179,-0.0003888607,0.077186085,-0.0043685483,-0.0024697937,-0.10549915,-0.03213502,-0.020113213,-0.001556398,0.0,0.0,-0.10702509,-0.21075371,-0.012199642,-0.005869464,0.0,-5.9574144e-05,3.3630393e-05,-0.17586224,-0.0500035,-0.000169137,0.006047063,0.0003826445,0.012199596,0.0017612072,0.0,-0.15508117,0.0015618203,-0.0002896314,-0.00027650304,0.061342,-0.0035538897
636,0.016691316,0.0,0.0022524595,0.0023316722,0.00045964296,-0.0023874808,0.0038163431,-0.004943043,0.009095676,-0.00094848796,0.0001492801,-0.00011040977,0.0,0.0,0.0,-0.0029003767,0.0029231743,-0.00010618098,0.0,-0.0036447921,0.0027645868,0.0012648392,0.005947278,-0.16504551,0.010675899,-0.0013676862,-0.0007841112,-0.0018472747,-0.0079898685,0.00068117527,0.001439382,-0.00034665375,-0.0003888607,0.07699909,-0.0028533563,-0.0014931285,-0.10615938,-0.032385893,-0.020113213,-0.00065602164,0.0,0.0,-0.10763712,-0.21605629,-0.012199642,-0.005869464,0.0,-5.9574144e-05,3.3630393e-05,-0.17409465,-0.03836876,-0.000169137,0.007346302,0.0003826445,0.012199596,0.0017612072,0.0,-0.15508117,0.0015618203,-0.0002896314,-0.00027650304,0.06069238,-0.0018705805
637,-0.014054862,0.0,0.0022524595,0.0023316722,0.00045964296,-0.0023874808,0.0040271864,-0.0051013334,0.012719543,-0.00094848796,0.0001492801,-0.00011040977,0.0,0.0,0.0,-0.0029003767,0.0029231743,-0.00010618098,0.0,0.0019207823,0.0027645868,-0.00014776754,0.005947278,-0.17127553,0.012162831,-0.0013676862,-0.0007841112,-0.0018472747,-0.0029655478,0.00068117527,-2.8816874e-05,-0.00034665375,-0.0003888607,0.077186085,-0.0056440495,-0.0024697937,-0.106482014,-0.032385893,-0.020113213,-0.00095420436,0.0,0.0,-0.10782437,-0.21492773,-0.012199642,-0.005869464,0.0,-5.9574144e-05,3.3630393e-05,-0.17544416,-0.038206156,-0.000169137,0.007346302,0.0003826445,0.012199596,0.0017612072,0.0,-0.15508117,0.0015618203,-0.0002896314,-0.00027650304,0.06378345,-0.0035538897
638,-0.00055245205,0.0,0.0022524595,0.0023316722,0.00045964296,-0.0023874808,-0.021743165,-0.005386394,-0.036273725,-0.0023805688,0.0001492801,-0.00011040977,0.0,0.0,0.0,-0.0029003767,0.0013585327,-0.000383359,0.0,0.0019207823,0.0027645868,-1.7201775e-05,0.005947278,-0.14278342,0.009342003,-0.0013676862,-0.0007841112,-0.0018472747,-0.0029655478,0.00068117527,0.00072761794,-0.00034665375,-0.0003888607,0.07844133,-0.003176902,-0.0014931285,-0.10514332,-0.031388007,-0.020113213,-0.00095420436,0.0,0.0,-0.10102445,-0.21082002,-0.012199642,-0.0029840842,0.0,0.0005201276,3.3630393e-05,-0.17403704,-0.034702014,-0.000169137,0.007346302,0.0003826445,0.012199596,0.0017612072,0.0,-0.1503603,0.0015618203,-0.0002896314,-0.00027650304,0.06759939,-0.00014842558
639,0.016691316,0.0,0.0022524595,0.0023316722,0.00045964296,-0.0023874808,0.0038163431,-0.0051013334,0.012719543,-0.00094848796,0.0001492801,-0.00011040977,0.0,0.0,0.0,-0.0029003767,0.005672957,-0.00010618098,0.0,-0.0036447921,0.0027645868,0.0012648392,0.005947278,-0.16615982,0.010675899,-0.0013676862,-0.0007841112,-0.0018472747,-0.0079898685,0.00068117527,0.001439382,-0.0018722179,-0.0003888607,0.06689811,-0.0043685483,-0.0024697937,-0.10549915,-0.03213502,-0.020113213,-0.00065602164,0.0,0.0,-0.10766508,-0.21480285,-0.012465965,-0.005869464,0.0,-5.9574144e-05,3.3630393e-05,-0.17457022,-0.04056552,-0.000169137,0.006047063,0.0003826445,0.012199596,0.0017612072,0.0,-0.15508117,0.0003384709,-0.0002896314,-0.00027650304,0.061342,-0.0035538897
640,-0.00042757572,0.0,0.0022524595,0.0023316722,0.00045964296,-0.0023874808,0.004141136,-0.0051013334,0.021360459,-0.00094848796,0.0001492801,-0.00011040977,0.0,0.0,0.0,-0.0029003767,0.005672957,-0.00010618098,0.0,0.0019207823,0.0027645868,0.0012648392,0.005947278,-0.18177776,0.0129205305,-0.0013676862,-0.0007841112,-0.0018472747,-0.0029655478,0.00068117527,0.001439382,-0.00015609548,-0.0003888607,0.08126994,-0.0056440495,-0.0024697937,-0.12615582,-0.03213502,-0.020113213,-0.0018545807,0.0,0.0,-0.10339595,-0.25278923,0.010554878,-0.005869464,0.0,-5.9574144e-05,3.3630393e-05,-0.113996945,-0.051047467,-0.000169137,0.0053630853,0.0003826445,0.012199596,0.0017612072,0.0,-0.15887327,0.0015618203,-0.0015734943,-0.0015737796,0.073048756,-0.0035538897
641,-0.00072398933,0.0,0.0022524595,0.0010707519,0.00045964296,-0.0024328914,0.0055449177,-0.0051013334,0.021360459,-0.00094848796,0.0001492801,-0.00011040977,0.0,0.0,0.0,-0.0029003767,0.005672957,-0.00010618098,0.0,-0.00013550714,0.0027645868,0.0012648392,0.005947278,-0.18625428,0.013519571,-0.0016298512,-0.0007841112,-0.0012661478,-0.0067092148,0.00068117527,0.00032060992,-0.0018722179,-8.170852e-05,-0.03264138,-0.0056440495,0.00063123147,-0.15554115,-0.03732763,-0.020113213,-0.0018545807,0.0,0.0,-0.12719257,-0.29717958,-0.003172952,-0.005869464,0.0,-5.9574144e-05,3.3630393e-05,-0.072628476,-0.051047467,-0.000169137,0.0053630853,0.0003826445,0.002696652,0.0017612072,0.0,-0.15887327,0.0003384709,-0.0015734943,-0.0021424298,-0.047687516,-0.0035538897
642,-0.00084886566,0.0,0.0022524595,0.0010707519,0.00045964296,-0.0024328914,0.0053044157,-0.0051013334,0.021360459,-0.00094848796,0.0001492801,-0.00011040977,0.0,0.0,0.0,-0.0029003767,0.005672957,-0.00010618098,0.0,-0.00013550714,0.0027645868,0.0012648392,0.005947278,-0.18625428,0.010769832,-0.0016298512,-0.0007841112,-0.0012661478,-0.0067092148,0.00068117527,0.001439382,-0.00034665375,-8.170852e-05,-0.03434237,-0.0056440495,0.00063123147,-0.1190163,-0.03732763,-0.020113213,-0.0018545807,0.0,0.0,-0.1107294,-0.26124507,0.0020655552,-0.005869464,0.0,-5.9574144e-05,3.3630393e-05,-0.16533285,-0.051047467,-0.000169137,0.006047063,0.0003826445,0.002696652,0.0017612072,0.0,-0.15787672,0.0003384709,-0.0015734943,-0.0008451531,-0.04995023,-0.0035538897
643,-0.00072398933,0.0,0.0022524595,0.0010707519,0.00045964296,-0.0024328914,0.0055449177,-0.0051013334,0.021360459,-0.00094848796,0.0001492801,-0.00011040977,0.0,0.0,0.0,-0.0029003767,0.005672957,-0.00010618098,0.0,-0.00013550714,0.0027645868,0.0012648392,-0.0007265513,-0.18750349,0.013651146,-0.0016298512,-0.0007841112,-0.0012661478,-0.0067092148,0.00068117527,0.00032060992,5.8672624e-05,-8.170852e-05,-0.03434237,-0.0056440495,0.00063123147,-0.16072479,-0.0341865,-0.017119637,-0.0018545807,0.0,0.0,-0.12922913,-0.2911069,0.0020655552,-0.005869464,0.0,-5.9574144e-05,3.3630393e-05,-0.072782226,-0.051047467,-0.000169137,0.0053630853,0.0003826445,0.002696652,0.0017612072,0.0,-0.15787672,0.0003384709,-0.0015734943,-0.0008451531,-0.052491724,-0.0035538897
644,-0.0006135241,0.0,0.0022524595,0.0013879723,0.00045964296,-0.0024328914,0.005903837,-0.004943043,0.021360459,-0.00094848796,0.0001492801,-0.00011040977,0.0,0.0,0.0,-0.0029003767,0.005672957,-0.00010618098,0.0,-0.0012366981,0.0027645868,0.00024205932,-0.00012462793,-0.1877756,0.012975426,-0.0016298512,-0.0007841112,-0.0012661478,-0.0067092148,0.00068117527,0.00032060992,0.00016566459,-8.170852e-05,-0.032828376,-0.0056440495,0.00063123147,-0.16095091,-0.03956613,-0.022881385,-0.0018545807,0.0,0.0,-0.14203663,-0.32177368,-0.003172952,-0.005869464,0.0,-5.9574144e-05,3.3630393e-05,-0.018796133,-0.051047467,-0.000169137,0.0053630853,0.0003826445,0.002696652,0.0017612072,0.0,-0.15787672,0.0003384709,-0.0015734943,-0.0008451531,-0.046493568,-0.0035538897
645,-0.00084886566,0.0,0.0022524595,0.0010707519,0.00045964296,-0.0024328914,-0.05576077,-0.005386394,-0.0262189,-0.0018997398,0.0001492801,-0.00011040977,0.0,0.0,0.0,-0.0029003767,0.0011155972,-0.00010618098,0.0,-0.00013550714,0.0027645868,-0.00014776754,0.005947278,-0.14719051,0.009342003,-0.0016298512,-0.0007841112,-0.0012661478,-0.0067092148,0.00068117527,0.001439382,-0.00034665375,-8.170852e-05,-0.03421893,-0.003176902,0.00063123147,-0.11516011,-0.03342353,-0.020113213,-0.00095420436,0.0,0.0,-0.09413055,-0.24082147,0.0020655552,-0.0029840842,0.0,0.0005201276,3.3630393e-05,-0.16830972,-0.03349544,-0.000169137,0.006047063,0.0003826445,0.002696652,0.0017612072,0.0,-0.15011169,0.0003384709,-0.0002896314,-0.0021424298,-0.048719294,-0.0006354258
646,-0.00055245205,0.0,0.0022524595,0.0023316722,0.00045964296,-0.0023874808,0.0040271864,-0.0051013334,0.021360459,-0.00094848796,0.0001492801,-0.00011040977,0.0,0.0,0.0,-0.0029003767,0.005672957,-0.00010618098,0.0,0.0019207823,0.0027645868,0.0012648392,0.005947278,-0.17459847,0.010675899,-0.0013676862,-0.0007841112,-0.0018472747,-0.0029655478,0.00068117527,0.001439382,-0.0018722179,-0.0003888607,0.077186085,-0.0056440495,-0.0024697937,-0.108979546,-0.03213502,-0.020113213,-0.0018545807,0.0,0.0,-0.10515813,-0.21761811,-0.012199642,-0.005869464,0.0,-5.9574144e-05,3.3630393e-05,-0.17757763,-0.051047467,-0.000169137,0.006047063,0.0003826445,0.012199596,0.0017612072,0.0,-0.15887327,0.0015618203,-0.0002896314,-0.0015737796,0.06687952,-0.0035538897
647,-0.00084886566,0.0,0.0022524595,0.0010707519,0.00045964296,-0.0024328914,-0.012801809,-0.005386394,0.0045077526,-0.00094848796,0.0001492801,-0.00011040977,0.0,0.0,0.0,-0.0029003767,0.002055861,-0.00010618098,0.0,-0.00013550714,0.0027645868,-0.00014776754,0.005947278,-0.18354455,0.009723532,-0.0016298512,-0.0007841112,-0.0012661478,-0.0067092148,0.00068117527,0.001439382,-0.00034665375,-8.170852e-05,-0.03421893,-0.003176902,0.00063123147,-0.11727555,-0.036580615,-0.020113213,-0.00095420436,0.0,0.0,-0.10362247,-0.25288463,0.0020655552,-0.0048646173,0.0,-5.9574144e-05,3.3630393e-05,-0.1751361,-0.03349544,-0.000169137,0.006047063,0.0003826445,0.002696652,0.0017612072,0.0,-0.1548994,0.0003384709,-0.0002896314,-0.0008451531,-0.048719294,-0.0006354258
648,0.02168557,0.0,0.0022524595,0.0010707519,0.00045964296,-0.0024328914,-0.020573935,-0.005386394,-0.045999724,-0.0035073415,0.0001492801,-0.00011040977,0.0,0.0,0.0,-0.0029003767,-0.0146110235,0.0004158025,0.0,-0.00013550714,0.0027645868,-0.00014776754,-0.0007265513,-0.11727159,0.009017081,-0.0016298512,-0.0007841112,-0.0012661478,-0.0108429575,0.00068117527,0.001439382,-0.00034665375,-8.170852e-05,-0.03251794,-0.0019014012,0.00063123147,-0.11193453,-0.03343949,-0.017119637,-0.00065602164,0.0,0.0,-0.09714742,-0.24010088,-0.003172952,-0.003557119,0.0,0.0005201276,3.3630393e-05,-0.17499897,-0.032451477,-0.000169137,0.006047063,0.0003826445,0.002696652,0.0017612072,0.0,-0.14685813,0.0003384709,-0.0002896314,-0.0008451531,-0.042823322,-0.00014842558
649,-0.00055245205,0.0,0.0022524595,0.0023316722,0.00045964296,-0.0023874808,0.0038163431,-0.0051013334,0.006395725,-0.00094848796,0.0001492801,-0.00011040977,0.0,0.0,0.0,-0.0029003767,0.0029231743,-0.00010618098,0.0,0.0019207823,0.0027645868,-0.00014776754,0.005947278,-0.17487942,0.010675899,-0.0013676862,-0.0007841112,-0.0018472747,-0.0029655478,0.00068117527,0.001439382,-0.00034665375,-0.0003888607,0.07998343,-0.004128857,-0.0014931285,-0.10817951,-0.032385893,-0.020113213,-0.00095420436,0.0,0.0,-0.10647649,-0.21456179,0.010554878,-0.005869464,0.0,-5.9574144e-05,3.3630393e-05,-0.17788708,-0.035839904,-0.000169137,0.007346302,0.0003826445,0.012199596,0.0017612072,0.0,-0.15787672,0.0015618203,-0.0002896314,-0.00027650304,0.074622735,-0.0018705805
750,-0.00036481774,0.0,-0.00043736555,0.0016347436,0.00045964296,-0.0024328914,0.012463262,-0.005005564,0.022152944,-0.00094848796,0.0001492801,0.00017402662,0.0,0.0,0.0,-0.0029003767,0.005672957,-0.00010618098,0.0,0.00077767106,0.0027645868,0.00024205932,-0.00012462793,-0.19834211,0.015239116,-0.0010697764,-0.0007841112,-0.0007300108,-0.00662882,0.00068117527,0.0004001735,0.00016566459,0.0025634265,-0.03628019,-0.0056440495,0.00063123147,-0.19842899,-0.058384262,-0.023261944,-0.0018545807,0.0,0.0,-0.16741116,-0.3848449,0.01589618,-0.005869464,0.0,-0.0017187139,3.3630393e-05,-0.019210173,-0.052696716,-2.64441e-05,0.0053630853,-0.0021188613,0.002696652,0.0017612072,0.0,0.013161715,0.0008086257,-0.0015734943,0.023532664,-0.051849473,-0.0035538897
751,-0.00036481774,0.0,-0.00043736555,0.0019383557,0.00045964296,-0.0024328914,0.007036155,-0.005005564,0.013807192,-0.00094848796,0.0001492801,-1.7086602e-05,0.0,0.0,0.0,-0.0029003767,0.0029231743,-0.00010618098,0.0,0.00077767106,0.0027645868,0.00024205932,-0.00012462793,-0.2044796,0.014038551,-0.0016298512,-0.0007841112,-0.0007300108,-0.00662882,0.00068117527,-0.0009422139,0.00016566459,-8.170852e-05,-0.030539969,-0.0056440495,0.00063123147,-0.20008932,-0.058792636,-0.021919556,-0.00095420436,0.0,0.0,-0.16850734,-0.38811752,0.01589618,-0.005869464,0.0,-0.0017187139,3.3630393e-05,-0.019071324,-0.037681792,-2.64441e-05,0.0053630853,-0.0021188613,0.002696652,0.0017612072,0.0,0.012679812,0.0008086257,-0.0015734943,-0.0020471164,-0.05145085,-0.0035538897
752,-0.00036481774,0.0,-0.00043736555,0.0019383557,0.00045964296,-0.0024328914,0.007036155,-0.005005564,0.022152944,-0.00094848796,0.0001492801,-1.7086602e-05,0.0,0.0,0.0,-0.0029003767,0.005672957,-0.00010618098,0.0,0.00077767106,0.0027645868,-7.3305036e-06,-0.00012462793,-0.20308435,0.014990918,-0.0016298512,-0.0007841112,-0.0007300108,-0.00662882,0.00068117527,0.0004001735,1.1894521e-05,-8.170852e-05,-0.030539969,-0.0056440495,0.00063123147,-0.20008932,-0.058356233,-0.023261944,-0.0018545807,0.0,0.0,-0.16755517,-0.38781768,0.01589618,-0.005869464,0.0,-0.0017187139,3.3630393e-05,-0.018946629,-0.051660992,-2.64441e-05,0.0053630853,-0.0021188613,0.002696652,0.0017612072,0.0,0.012832686,0.00050287833,-0.0015734943,-0.0020471164,-0.051271494,-0.0035538897
753,-0.00036481774,0.0,-0.00043736555,0.0016347436,0.0011349958,-0.0024328914,0.007036155,-0.005005564,0.022152944,-0.00094848796,0.0001492801,0.00017402662,0.0,0.0,0.0,-0.0029003767,0.005672957,-0.00010618098,0.0,0.00077767106,0.0027645868,0.00024205932,-0.00012462793,-0.20308435,0.015239116,-0.0010697764,-0.0007841112,-0.0007300108,-0.00662882,0.00068117527,-0.0009422139,0.00016566459,0.0025634265,-0.03081808,-0.0056440495,0.00063123147,-0.20008932,-0.059198588,-0.021661349,-0.0018545807,0.0,0.0,-0.17044853,-0.38739893,0.01589618,-0.005869464,0.0,-0.0017187139,3.3630393e-05,-0.019195424,-0.051660992,-2.64441e-05,0.0053630853,0.0003826445,0.0025693276,0.0017612072,0.0,0.012584254,0.0008086257,-0.0015734943,-0.0020471164,-0.05453678,-0.0035538897
754,-0.00036481774,0.0,-0.00043736555,0.0019383557,0.00045964296,-0.0024328914,0.012463262,-0.005005564,0.022152944,-0.00094848796,0.0001492801,0.00017402662,0.0,0.0,0.0,-0.0029003767,0.005672957,-0.00010618098,0.0,0.00077767106,0.0027645868,0.00024205932,-0.00012462793,-0.20127338,0.014990918,0.0061644185,-0.0007841112,-0.0007300108,-0.00662882,0.00068117527,0.0004001735,0.00016566459,0.0025634265,-0.036479685,-0.0056440495,0.00063123147,-0.20008932,-0.058356233,-0.023261944,-0.0018545807,0.0,0.0,-0.167387,-0.38598123,0.01589618,-0.005869464,0.0,-0.0017187139,3.3630393e-05,-0.019145759,-0.052696716,-2.64441e-05,0.0053630853,-0.0021188613,0.002696652,0.0017612072,0.0,0.012584254,0.0008086257,-0.0015734943,-0.0020471164,-0.054322395,-0.0035538897
755,-0.00046283548,0.0,-0.00043736555,0.0016347436,0.00045964296,-0.0024328914,0.0066722278,-0.0048078536,-0.04970325,-0.0035073415,0.0001492801,0.00017402662,0.0,0.0,0.0,-0.0029003767,-0.014533407,0.0004158025,0.0,0.00077767106,0.0027645868,0.00024205932,-0.00012462793,-0.13301249,0.01418589,-0.0016298512,-0.0007841112,-0.0010661529,-0.0065061925,0.00068117527,-0.0009422139,-0.0023617852,-8.170852e-05,-0.030340472,-0.003176902,0.00063123147,-0.2012247,-0.058635138,-0.021919556,-0.00095420436,0.0,0.0,-0.16418442,-0.38489935,0.01589618,-0.003557119,0.0,-0.0023439266,3.3630393e-05,-0.015738491,-0.035246857,-2.64441e-05,0.0053630853,-0.0021188613,0.002696652,0.0017612072,0.0,0.0077958275,0.0008086257,-0.0015734943,-0.0018466422,-0.05111517,-0.0013835803
756,-0.00036481774,0.0,-0.00043736555,0.0016347436,0.0011349958,-0.0024328914,0.012463262,-0.005005564,0.022152944,-0.00094848796,0.0001492801,0.00017402662,0.0,0.0,0.0,-0.0029003767,0.005672957,-0.00010618098,0.0,0.00077767106,0.0027645868,0.00024205932,-0.00012462793,-0.20285052,0.014990918,-0.0010697764,-0.0007841112,-0.0007300108,-0.0065061925,0.00068117527,0.0004001735,0.00016566459,0.0025634265,-0.03628019,-0.0056440495,0.00063123147,-0.20008932,-0.059198588,-0.023261944,-0.0018545807,0.0,0.0,-0.1672722,-0.3867549,0.01589618,-0.005869464,0.0,-0.0017187139,3.3630393e-05,-0.01920875,-0.052696716,-2.64441e-05,0.0053630853,-0.0021188613,0.002696652,0.0017612072,0.0,0.012522941,0.0008086257,-0.0015734943,-0.0020471164,-0.05468761,-0.0035538897
757,-0.00036481774,0.0,-0.00043736555,0.0016347436,0.0011349958,-0.0024328914,0.007036155,-0.005005564,0.022152944,-0.00094848796,0.0001492801,0.00017402662,0.0,0.0,0.0,-0.0029003767,0.005672957,-0.00010618098,0.0,0.00077767106,0.0027645868,0.00024205932,-0.00012462793,-0.19857594,0.014990918,-0.0010697764,-0.0007841112,-0.0007300108,-0.00662882,0.00068117527,-0.0009422139,0.00016566459,0.0025634265,-0.03081808,-0.0056440495,0.00063123147,-0.19842899,-0.059198588,-0.021919556,-0.0018545807,0.0,0.0,-0.16768882,-0.38527852,0.01589618,-0.005869464,0.0,-0.0017187139,3.3630393e-05,-0.018948646,-0.051660992,-2.64441e-05,0.0053630853,-0.0021188613,0.002696652,0.0017612072,0.0,0.013161715,0.0008086257,-0.0015734943,0.023532664,-0.051849473,-0.0035538897
758,-0.00036481774,0.0,-0.00043736555,0.0016347436,0.0011349958,-0.0024328914,0.007036155,-0.005005564,0.010183324,-0.00094848796,0.0001492801,0.00017402662,0.0,0.0,0.0,-0.0029003767,0.0029231743,-0.00010618098,0.0,0.00077767106,0.0027645868,-7.3305036e-06,-0.00012462793,-0.1984553,0.014892341,-0.0016298512,-0.0007841112,-0.0010661529,-0.0065061925,0.00068117527,0.0004001735,0.00016566459,0.0025634265,-0.030340472,-0.004128857,0.00063123147,-0.20077826,-0.059449464,-0.023261944,-0.00095420436,0.0,0.0,-0.1684881,-0.38749024,0.01589618,-0.005869464,0.0,-0.0017187139,3.3630393e-05,-0.018946629,-0.03881968,-2.64441e-05,0.0053630853,-0.0021188613,0.002696652,0.0017612072,0.0,0.008047679,0.0008086257,-0.0015734943,-0.0020471164,-0.054503545,-0.0018705805
759,-0.00036481774,0.0,-0.00043736555,0.0016347436,0.00045964296,-0.0024328914,0.007036155,-0.005005564,0.022152944,-0.00094848796,0.0001492801,-1.7086602e-05,0.0,0.0,0.0,-0.0029003767,0.005672957,-0.00010618098,0.0,0.00077767106,0.0027645868,0.00024205932,-0.00012462793,-0.19857594,0.015239116,-0.0010697764,-0.0007841112,-0.0007300108,-0.00662882,0.00068117527,0.0004001735,0.00016566459,0.0025634265,-0.03081808,-0.0056440495,0.00063123147,-0.20008932,-0.058384262,-0.023261944,-0.0018545807,0.0,0.0,-0.16773222,-0.38540262,0.01589618,-0.005869464,0.0,-0.0017187139,3.3630393e-05,-0.019072747,-0.051660992,-2.64441e-05,0.0053630853,-0.0021188613,0.002696652,0.0017612072,0.0,0.013257273,0.0008086257,-0.0015734943,0.01790039,-0.053137552,-0.0035538897
760,-0.00036481774,0.0,-0.00043736555,0.0016347436,0.0011349958,-0.0024328914,0.012463262,-0.005005564,0.022152944,-0.00094848796,0.0001492801,0.00017402662,0.0,0.0,0.0,-0.0029003767,0.005672957,-0.00010618098,0.0,0.00077767106,0.0027645868,0.00024205932,-0.00012462793,-0.20285052,0.014990918,-0.0016298512,-0.0007841112,-0.0007300108,-0.0065061925,0.00068117527,0.0004001735,0.00016566459,0.0025634265,-0.035802584,-0.0056440495,0.00063123147,-0.20008932,-0.059198588,-0.023261944,-0.0018545807,0.0,0.0,-0.1672722,-0.3868565,0.01589618,-0.005869464,0.0,-0.0017187139,3.3630393e-05,-0.01920875,-0.052696716,-2.64441e-05,0.0053630853,-0.0021188613,0.002696652,0.0017612072,0.0,0.012522941,0.0008086257,-0.0015734943,-0.0020471164,-0.054503545,-0.0035538897
761,-0.00036481774,0.0,-0.00043736555,0.0016347436,0.0011349958,-0.0024328914,0.006569382,-0.005005564,-0.01987021,-0.0015233477,0.0001492801,0.00017402662,0.0,0.0,0.0,-0.0029003767,0.0014361494,-0.00010618098,0.0,0.00077767106,0.0027645868,-7.3305036e-06,-0.00012462793,-0.16743715,0.013647911,-0.0016298512,-0.0007841112,-0.0010661529,-0.0065061925,0.00068117527,0.0004001735,0.00016566459,0.0025634265,-0.030340472,-0.003176902,0.00063123147,-0.20116234,-0.05963499,-0.023261944,-0.00095420436,0.0,0.0,-0.16667385,-0.38810843,0.01589618,-0.0029840842,0.0,-0.0023439266,3.3630393e-05,-0.017255304,-0.034108967,-2.64441e-05,0.0053630853,-0.0021188613,0.002696652,0.0017612072,0.0,0.0045826742,0.0020500766,-0.0015734943,0.011501677,-0.054503545,-0.0018705805
762,-0.00036481774,0.0,-0.00043736555,0.0016347436,0.00045964296,-0.0024328914,0.007036155,-0.005005564,0.022152944,-0.00094848796,0.0001492801,0.00017402662,0.0,0.0,0.0,-0.0029003767,0.005672957,-0.00010618098,0.0,0.00077767106,0.0027645868,-7.3305036e-06,-0.00012462793,-0.20308435,0.014038551,-0.0010697764,-0.0007841112,-0.0007300108,-0.00662882,0.00068117527,0.0004001735,0.00016566459,0.0025634265,-0.03081808,-0.0056440495,0.00063123147,-0.20008932,-0.05856979,-0.023261944,-0.0018545807,0.0,0.0,-0.16782779,-0.38712662,0.01589618,-0.005869464,0.0,-0.0017187139,3.3630393e-05,-0.018946629,-0.0505231,-2.64441e-05,0.0053630853,-0.0021188613,0.002696652,0.0017612072,0.0,0.012584254,0.0008086257,-0.0015734943,-0.0020471164,-0.05468761,-0.0035538897
763,-0.00036481774,0.0,-0.00043736555,0.0016347436,0.0011349958,-0.0024328914,0.006569382,-0.0048078536,-0.029087413,-0.0018997398,0.0001492801,0.00017402662,0.0,0.0,0.0,-0.0029003767,0.0014361494,-0.00010618098,0.0,0.00077767106,0.0027645868,0.00024205932,-0.00012462793,-0.16767175,0.013657021,-0.0010697764,-0.0007841112,-0.0007300108,-0.0065061925,0.00068117527,-0.0009422139,1.1894521e-05,0.0025634265,-0.03081808,-0.003176902,0.00063123147,-0.20116234,-0.05963499,-0.021919556,-0.00095420436,0.0,0.0,-0.1699053,-0.38815716,0.01589618,-0.0029840842,0.0,-0.0023439266,3.3630393e-05,-0.016671833,-0.034108967,-2.64441e-05,0.0053630853,-0.0021188613,0.002696652,0.0017612072,0.0,0.012424085,0.0008086257,-0.0015734943,-0.0020471164,-0.054508254,-0.0018705805
764,-0.00036481774,0.0,-0.00043736555,0.0016347436,0.0011349958,-0.0024328914,0.012463262,-0.0048078536,0.022152944,-0.00094848796,0.0001492801,0.00017402662,0.0,0.0,0.0,-0.0029003767,0.005672957,-0.00010618098,0.0,0.00077767106,0.0027645868,0.00024205932,-0.00012462793,-0.19794053,0.015140538,-0.0010697764,-0.0007841112,-0.0010661529,-0.0065061925,0.00068117527,0.0004001735,0.00016566459,0.0025634265,-0.03628019,-0.0056440495,0.00063123147,-0.20008932,-0.059198588,-0.023261944,-0.0018545807,0.0,0.0,-0.16737105,-0.386879,0.01589618,-0.005869464,0.0,-0.0017187139,3.3630393e-05,-0.01933285,-0.052696716,-2.64441e-05,0.0053630853,-0.0021188613,0.002696652,0.0017612072,0.0,0.007948823,0.0008086257,-0.0015734943,-0.0020471164,-0.05468761,-0.0035538897
765,-0.00036481774,0.0,-0.00043736555,0.0016347436,0.0011349958,-0.0024328914,0.006569382,-0.005005564,-0.019830063,-0.0015233477,0.0001492801,0.00017402662,0.0,0.0,0.0,-0.0029003767,0.0014361494,-0.00010618098,0.0,0.00077767106,0.0027645868,-7.3305036e-06,-0.00012462793,-0.17685553,0.013746489,-0.0016298512,-0.0007841112,-0.0007300108,-0.00662882,0.00068117527,-0.0009422139,1.1894521e-05,0.0025634265,-0.030340472,-0.003176902,0.00063123147,-0.20116234,-0.05963499,-0.021661349,-0.00095420436,0.0,0.0,-0.17227472,-0.38807273,0.01589618,-0.0029840842,0.0,-0.0023439266,3.3630393e-05,-0.017377982,-0.034108967,-2.64441e-05,0.0053630853,0.0003826445,0.002696652,0.0017612072,0.0,0.012584254,0.0008086257,-0.0015734943,-0.0020471164,-0.05432419,-0.0018705805
766,-0.00036481774,0.0,-0.00043736555,0.0016347436,0.0011349958,-0.0024328914,0.006700216,-0.005005564,-0.014092538,-0.0011947682,0.0001492801,0.00017402662,0.0,0.0,0.0,-0.0029003767,0.0021334775,-0.00010618098,0.0,0.00077767106,0.0027645868,0.00024205932,-0.00012462793,-0.1821414,0.013746489,-0.0016298512,-0.0007841112,-0.0007300108,-0.00662882,0.00068117527,-0.0009422139,0.00016566459,0.0025634265,-0.030340472,-0.003176902,0.00063123147,-0.20116234,-0.05963499,-0.021919556,-0.00095420436,0.0,0.0,-0.16951501,-0.38789973,0.01589618,-0.0048646173,0.0,-0.0023439266,3.3630393e-05,-0.017502677,-0.034108967,-2.64441e-05,0.0053630853,-0.0021188613,0.002696652,0.0017612072,0.0,0.012584254,0.0008086257,-0.0015734943,-0.0020471164,-0.054503545,-0.0018705805
767,-0.00036481774,0.0,-0.00043736555,0.0016347436,0.00045964296,-0.0024328914,0.006569382,-0.005005564,-0.019830063,-0.0015233477,0.0001492801,-1.7086602e-05,0.0,0.0,0.0,-0.0029003767,0.0014361494,-0.00010618098,0.0,0.00077767106,0.0027645868,0.00024205932,-0.00012462793,-0.17685553,0.013746489,-0.0016298512,-0.0007841112,-0.0007300108,-0.00662882,0.00068117527,-0.0009422139,1.1894521e-05,0.0025634265,-0.030340472,-0.003176902,0.00063123147,-0.20116234,-0.058820665,-0.021919556,-0.00095420436,0.0,0.0,-0.16955844,-0.38819742,0.01589618,-0.0029840842,0.0,-0.0023439266,3.3630393e-05,-0.017502677,-0.034108967,-2.64441e-05,0.0053630853,-0.0021188613,0.002696652,0.0017612072,0.0,0.012679812,0.0008086257,-0.0015734943,-0.0020471164,-0.05432419,-0.0018705805
768,-0.00036481774,0.0,-0.00043736555,0.0016347436,0.00045964296,-0.0024328914,0.006911059,-0.005005564,-0.014092538,-0.0011947682,0.0001492801,0.00017402662,0.0,0.0,0.0,-0.0029003767,0.0021334775,-0.00010618098,0.0,0.00077767106,0.0027645868,0.00024205932,-0.00012462793,-0.1821414,0.0146988565,-0.0016298512,-0.0007841112,-0.0007300108,-0.0065061925,0.00068117527,0.0004001735,1.1894521e-05,0.0025634265,-0.030340472,-0.003176902,0.00063123147,-0.20116234,-0.058635138,-0.023261944,-0.00095420436,0.0,0.0,-0.16971156,-0.3879866,0.01589618,-0.0048646173,0.0,-0.0023439266,3.3630393e-05,-0.017756173,-0.035246857,-2.64441e-05,0.0053630853,-0.0021188613,0.002696652,0.0017612072,0.0,0.012422705,0.0008086257,-0.0015734943,-0.0018466422,-0.05432419,-0.0018705805
769,-0.00036481774,0.0,-0.00043736555,0.0016347436,0.0011349958,-0.0024328914,0.007036155,-0.005005564,0.022152944,-0.00094848796,0.0001492801,0.00017402662,0.0,0.0,0.0,-0.0029003767,0.005672957,-0.00010618098,0.0,0.00077767106,0.0027645868,-7.3305036e-06,-0.00012462793,-0.20308435,0.014990918,-0.0010697764,-0.0007841112,-0.0007300108,-0.00662882,0.00068117527,0.0004001735,0.00016566459,0.0025634265,-0.03081808,-0.0056440495,0.00063123147,-0.20008932,-0.059198588,-0.023261944,-0.0018545807,0.0,0.0,-0.16768882,-0.38712662,0.01589618,-0.005869464,0.0,-0.0017187139,3.3630393e-05,-0.018946629,-0.051660992,-2.64441e-05,0.0053630853,-0.0021188613,0.002696652,0.0017612072,0.0,0.012584254,0.0008086257,-0.0015734943,-0.0020471164,-0.05468761,-0.0035538897
770,-0.00036481774,0.0,-0.00043736555,0.0016347436,0.0011349958,-0.0024328914,0.007036155,-0.005005564,0.022152944,-0.00094848796,0.0001492801,-1.7086602e-05,0.0,0.0,0.0,-0.0029003767,0.005672957,-0.00010618098,0.0,0.00077767106,0.0027645868,0.00024205932,-0.00012462793,-0.20150721,0.014038551,0.0061644185,-0.0007841112,-0.0007300108,-0.00662882,0.00068117527,-0.010809294,0.00016566459,0.0025634265,-0.03081808,-0.0056440495,0.00063123147,-0.19758742,-0.05812417,-0.021919556,-0.0018545807,0.0,0.0,-0.16759326,-0.38536724,0.01589618,-0.005869464,0.0,-0.0017187139,3.3630393e-05,-0.01407479,-0.0505231,-2.64441e-05,0.0053630853,-0.0021188613,0.002696652,0.0017612072,0.0,0.012679812,0.0008086257,-0.0015734943,-0.0020471164,-0.05416607,-0.0035538897
771,-0.00052063615,0.0,-0.00043736555,0.0019383557,0.00045964296,-0.0024328914,0.006350152,-0.0048078536,-0.018959124,-0.0015233477,0.0001492801,0.0011245208,0.0,0.0,0.0,-0.0029003767,0.0021334775,-0.00010618098,0.0,0.00077767106,0.0027645868,-7.3305036e-06,-0.00012462793,-0.17194554,0.013460264,-0.0016298512,-0.0007841112,-0.0010661529,-0.0065061925,0.00068117527,0.000202795,0.00016566459,-8.170852e-05,-0.030539969,-0.003176902,0.00063123147,-0.17308488,-0.045775604,-0.023261944,-0.00095420436,0.0,0.0,-0.15871787,-0.34394073,0.01589618,-0.0048646173,0.0,-0.0023439266,3.3630393e-05,-0.017656889,-0.035246857,-2.64441e-05,0.0053630853,-0.0021188613,0.002696652,0.0017612072,0.0,-0.08979281,0.0020500766,-0.0015734943,-0.0008451531,-0.05145085,-0.0018705805
772,-0.00046283548,0.0,-0.00043736555,0.0016347436,0.0011349958,-0.0024328914,-0.0694135,-0.0052906247,-0.03904785,-0.0035073415,0.0001492801,0.00017402662,0.0,0.0,0.0,-0.0029003767,-0.009838608,0.0004158025,0.0,0.00077767106,0.0027645868,-7.3305036e-06,-0.00012462793,-0.11271894,-0.22527854,-0.0016298512,-0.0007841112,-0.0007300108,-0.0065061925,0.00068117527,-0.0009422139,1.1894521e-05,0.0025634265,-0.028930515,-0.003176902,0.00063123147,-0.12787147,-0.040304925,-0.01633742,-0.00095420436,0.0,0.0,-0.10276246,-0.26663512,0.01589618,-0.003557119,0.0,-0.0023439266,3.3630393e-05,-0.020796202,-0.034108967,-2.64441e-05,0.0053630853,-0.0021188613,0.002696652,0.0017612072,0.0,0.008767076,0.0008086257,-0.0015734943,-0.0020471164,-0.05295471,-0.00014842558
773,-0.00046283548,0.0,-0.00043736555,0.0016347436,0.0011349958,-0.0024328914,-0.0694135,-0.0050929138,-0.04724716,-0.0035073415,0.0001492801,0.00017402662,0.0,0.0,0.0,-0.0029003767,-0.013114323,0.0004158025,0.0,0.00077767106,0.0027645868,0.00012323525,-0.00012462793,-0.13039583,0.013233522,-0.0016298512,-0.0007841112,-0.0010661529,-0.00662882,0.00068117527,0.0004001735,1.1894521e-05,0.0025634265,-0.029085226,-0.003176902,0.00063123147,-0.1912972,-0.045742407,-0.023003737,-0.00095420436,0.0,0.0,-0.14683321,-0.3619203,0.01589618,-0.003557119,0.0,-0.0023439266,3.3630393e-05,-0.01724785,-0.034108967,-2.64441e-05,0.0053630853,0.0003826445,0.002696652,0.0017612072,0.0,0.0071853204,0.0008086257,-0.0015734943,-0.0020471164,-0.05295471,-0.00014842558
774,-0.00046283548,0.0,-0.00043736555,0.0019383557,0.00045964296,-0.0024328914,0.0064613847,-0.005005564,-0.04970325,-0.0035073415,0.0001492801,-1.7086602e-05,0.0,0.0,0.0,-0.0029003767,-0.014533407,0.0004158025,0.0,0.00077767106,0.0027645868,0.00024205932,-0.00012462793,-0.13917169,0.014284467,-0.0016298512,-0.0007841112,-0.0007300108,-0.00662882,0.00068117527,0.0004001735,1.1894521e-05,-8.170852e-05,-0.030539969,-0.003176902,0.00063123147,-0.20116234,-0.05860711,-0.023261944,-0.00095420436,0.0,0.0,-0.16390824,-0.38483804,0.01589618,-0.003557119,0.0,-0.0023439266,3.3630393e-05,-0.016671833,-0.035246857,-2.64441e-05,0.0053630853,-0.0021188613,0.002696652,0.0017612072,0.0,0.012627052,0.0008086257,-0.0015734943,-0.0020471164,-0.051271494,-0.0013835803
775,-0.00046283548,0.0,-0.00043736555,0.0016347436,0.0011349958,-0.0024328914,0.0064613847,-0.0048078536,-0.04970325,-0.0035073415,0.0001492801,0.00017402662,0.0,0.0,0.0,-0.0029003767,-0.014533407,0.0004158025,0.0,0.00077767106,0.0027645868,0.00024205932,-0.00012462793,-0.13917169,0.0133321,-0.0016298512,-0.0007841112,-0.0007300108,-0.0065061925,0.00068117527,-0.0009422139,1.1894521e-05,0.0025634265,-0.030340472,-0.003176902,0.00063123147,-0.20116234,-0.05963499,-0.021919556,-0.00095420436,0.0,0.0,-0.16398787,-0.38433546,0.01589618,-0.003557119,0.0,-0.0023439266,3.3630393e-05,-0.016671833,-0.034108967,-2.64441e-05,0.0053630853,-0.0021188613,0.002696652,0.0017612072,0.0,0.012371326,0.0008086257,-0.0015734943,-0.0020471164,-0.05432419,-0.0013835803
776,-0.00036481774,0.0,-0.00043736555,0.0016347436,0.0011349958,-0.0024328914,0.007036155,-0.005005564,0.022152944,-0.00094848796,0.0001492801,-1.7086602e-05,0.0,0.0,0.0,-0.0029003767,0.005672957,-0.00010618098,0.0,0.00077767106,0.0027645868,0.00024205932,-0.00012462793,-0.20308435,0.015239116,-0.0010697764,-0.0007841112,-0.0007300108,-0.0065061925,0.00068117527,-0.0009422139,0.00016566459,0.0025634265,-0.03081808,-0.0056440495,0.00063123147,-0.20008932,-0.059198588,-0.021661349,-0.0018545807,0.0,0.0,-0.17035297,-0.38743672,0.01589618,-0.005869464,0.0,-0.0017187139,3.3630393e-05,-0.019195424,-0.051660992,-2.64441e-05,0.0053630853,0.0003826445,0.002696652,0.0017612072,0.0,0.012618499,0.0008086257,-0.0015734943,-0.0020471164,-0.05468761,-0.0035538897
777,-0.00036481774,0.0,-0.00043736555,0.0016347436,0.0011349958,-0.0024328914,0.007036155,-0.005005564,0.022152944,-0.00094848796,0.0001492801,0.00017402662,0.0,0.0,0.0,-0.0029003767,0.005672957,-0.00010618098,0.0,0.00077767106,0.0027645868,0.00024205932,-0.00012462793,-0.19857594,0.014990918,-0.0010697764,-0.0007841112,-0.0007300108,-0.00662882,0.00068117527,0.0004001735,0.00016566459,0.0025634265,-0.03081808,-0.0056440495,0.00063123147,-0.20008932,-0.059198588,-0.023261944,-0.0018545807,0.0,0.0,-0.16768882,-0.38527852,0.01589618,-0.005869464,0.0,-0.0017187139,3.3630393e-05,-0.018948646,-0.051660992,-2.64441e-05,0.0053630853,-0.0021188613,0.002696652,0.0017612072,0.0,0.013161715,0.0008086257,-0.0015734943,0.01790039,-0.053137552,-0.0035538897
778,-0.00036481774,0.0,-0.00043736555,0.0016347436,0.00045964296,-0.0024328914,0.007036155,-0.005005564,0.013807192,-0.00094848796,0.0001492801,-1.7086602e-05,0.0,0.0,0.0,-0.0029003767,0.0029231743,-0.00010618098,0.0,0.00077767106,0.0027645868,0.00024205932,-0.00012462793,-0.2044796,0.014990918,-0.0016298512,-0.0007841112,-0.0007300108,-0.00662882,0.00068117527,-0.0009422139,1.1894521e-05,-8.170852e-05,-0.030340472,-0.0056440495,0.00063123147,-0.20008932,-0.058635138,-0.021919556,-0.00095420436,0.0,0.0,-0.16853152,-0.3881431,0.01589618,-0.005869464,0.0,-0.0017187139,3.3630393e-05,-0.019071324,-0.03881968,-2.64441e-05,0.0053630853,-0.0021188613,0.002696652,0.0017612072,0.0,0.012679812,0.0008086257,-0.0015734943,-0.0020471164,-0.05111517,-0.0035538897
779,-0.00036481774,0.0,-0.00043736555,0.0016347436,0.00045964296,-0.0024328914,0.007036155,-0.005005564,0.0063417433,-0.00094848796,-0.00040794368,0.00017402662,0.0,0.0,0.0,-0.0029003767,0.0029231743,-0.00010618098,0.0,0.00077767106,0.0027645868,0.00024205932,-0.00012462793,-0.20269094,0.014990918,-0.0016298512,-0.0007841112,-0.0007300108,-0.00662882,0.00068117527,-0.0009422139,0.00016566459,0.0025634265,-0.030340472,-0.004128857,0.00063123147,-0.20099357,-0.058635138,-0.021919556,-0.00095420436,0.0,0.0,-0.16891888,-0.38789973,0.01589618,-0.0048646173,0.0,-0.0017187139,3.3630393e-05,-0.019071324,-0.035246857,-2.64441e-05,0.0053630853,-0.0021188613,0.002696652,0.0017612072,0.0,0.012584254,0.0008086257,-0.0015734943,-0.0020471164,-0.054503545,-0.0018705805
780,-0.00036481774,0.0,-0.00043736555,0.0016347436,0.0011349958,-0.0024328914,0.007036155,-0.005005564,0.0054926747,-0.00094848796,0.0001492801,0.00017402662,0.0,0.0,0.0,-0.0029003767,0.0021334775,-0.00010618098,0.0,0.00077767106,0.0027645868,0.00024205932,-0.00012462793,-0.20353664,0.014990918,-0.0010697764,-0.0007841112,-0.0007300108,-0.00662882,0.00068117527,-0.0009422139,0.00016566459,0.0025634265,-0.03081808,-0.003176902,0.00063123147,-0.20099357,-0.059449464,-0.021919556,-0.00095420436,0.0,0.0,-0.1688545,-0.38649914,0.01589618,-0.00453331,0.0,-0.0017187139,3.3630393e-05,-0.018021427,-0.035246857,-2.64441e-05,0.0053630853,-0.0021188613,0.002696652,0.0017612072,0.0,0.012584254,0.0008086257,0.0034124423,-0.0020471164,-0.05468761,-0.0018705805
781,-0.00036481774,0.0,-0.00043736555,0.0019383557,0.00045964296,-0.0024328914,0.012463262,-0.005005564,0.022152944,-0.00094848796,0.0001492801,0.00017402662,0.0,0.0,0.0,-0.0029003767,0.005672957,-0.00010618098,0.0,0.00077767106,0.0027645868,0.00024205932,-0.00012462793,-0.20285052,0.015239116,-0.0010697764,-0.0007841112,-0.0007300108,-0.00662882,0.00068117527,0.0004001735,0.00016566459,0.0025634265,-0.036479685,-0.0056440495,0.00063123147,-0.20008932,-0.058356233,-0.023261944,-0.0018545807,0.0,0.0,-0.16748722,-0.3868177,0.01589618,-0.005869464,0.0,-0.0017187139,3.3630393e-05,-0.01933285,-0.052696716,-2.64441e-05,0.0053630853,-0.0021188613,0.002696652,0.0017612072,0.0,0.012484018,0.0008086257,-0.0015734943,-0.0018466422,-0.054843936,-0.0035538897
782,-0.00036481774,0.0,-0.00043736555,0.0019383557,0.00045964296,-0.0024328914,0.006569382,-0.005005564,-0.029087413,-0.0018997398,0.0001492801,-1.7086602e-05,0.0,0.0,0.0,-0.0029003767,0.0014361494,-0.00010618098,0.0,0.00077767106,0.0027645868,-7.3305036e-06,-0.00012462793,-0.16767175,0.013657021,-0.0016298512,-0.0007841112,-0.0007300108,-0.0065061925,0.00068117527,0.0004001735,1.1894521e-05,-8.170852e-05,-0.030539969,-0.003176902,0.00063123147,-0.20116234,-0.058792636,-0.023003737,-0.00095420436,0.0,0.0,-0.17268564,-0.38869792,0.01589618,-0.0029840842,0.0,-0.0023439266,3.3630393e-05,-0.016547138,-0.034108967,-2.64441e-05,0.0053630853,0.0003826445,0.002696652,0.0017612072,0.0,0.012518261,0.0008086257,-0.0015734943,-0.0018466422,-0.051271494,-0.0018705805
783,-0.00036481774,0.0,-0.00043736555,0.0016347436,0.0011349958,-0.0024328914,0.012463262,-0.0048078536,0.022152944,-0.00094848796,0.0001492801,0.00017402662,0.0,0.0,0.0,-0.0029003767,0.005672957,-0.00010618098,0.0,0.00077767106,0.0027645868,0.00024205932,-0.00012462793,-0.20285052,0.015239116,-0.0010697764,-0.0007841112,-0.0007300108,-0.0065061925,0.00068117527,0.0004001735,0.00016566459,0.0025634265,-0.03628019,-0.0056440495,0.00063123147,-0.20008932,-0.059198588,-0.023003737,-0.0018545807,0.0,0.0,-0.17013076,-0.386879,0.01589618,-0.005869464,0.0,-0.0017187139,3.3630393e-05,-0.01933285,-0.052696716,-2.64441e-05,0.0053630853,0.0003826445,0.002696652,0.0017612072,0.0,0.012424085,0.0008086257,-0.0015734943,-0.0020471164,-0.05468761,-0.0035538897
784,-0.00036481774,0.0,-0.00043736555,0.0019383557,0.00045964296,-0.0024328914,0.007036155,-0.005005564,0.022152944,-0.00094848796,0.0001492801,-1.7086602e-05,0.0,0.0,0.0,-0.0029003767,0.005672957,-0.00010618098,0.0,0.00077767106,0.0027645868,0.00024205932,-0.00012462793,-0.20308435,0.014990918,-0.0016298512,-0.0007841112,-0.0007300108,-0.00662882,0.00068117527,0.0004001735,0.00016566459,0.0025634265,-0.030539969,-0.0056440495,0.00063123147,-0.20008932,-0.058356233,-0.023261944,-0.0018545807,0.0,0.0,-0.16755517,-0.3873529,0.01589618,-0.005869464,0.0,-0.0017187139,3.3630393e-05,-0.019071324,-0.051660992,-2.64441e-05,0.0053630853,-0.0021188613,0.002696652,0.0017612072,0.0,0.012832686,0.00050287833,-0.0015734943,-0.0020471164,-0.05465987,-0.0035538897
785,-0.00036481774,0.0,-0.00043736555,0.0019383557,0.00045964296,-0.0024328914,0.012463262,-0.005005564,0.022152944,-0.00094848796,0.0001492801,0.00017402662,0.0,0.0,0.0,-0.0029003767,0.005672957,-0.00010618098,0.0,0.00077767106,0.0027645868,0.00024205932,-0.00012462793,-0.20285052,0.014990918,-0.0010697764,-0.0007841112,-0.0007300108,-0.00662882,0.00068117527,0.0004001735,0.00016566459,0.0025634265,-0.036479685,-0.0056440495,0.00063123147,-0.20008932,-0.058356233,-0.023261944,-0.0018545807,0.0,0.0,-0.167387,-0.3866936,0.01589618,-0.005869464,0.0,-0.0017187139,3.3630393e-05,-0.01920875,-0.052696716,-2.64441e-05,0.0053630853,-0.0021188613,0.002696652,0.0017612072,0.0,0.012584254,0.0008086257,-0.0015734943,-0.0020471164,-0.054843936,-0.0035538897
786,-0.00036481774,0.0,-0.00043736555,0.0016347436,0.0011349958,-0.0024328914,0.007036155,-0.005005564,0.021298606,-0.00094848796,0.0001492801,0.00017402662,0.0,0.0,0.0,-0.0029003767,0.005672957,-0.00010618098,0.0,0.00077767106,0.0027645868,0.00024205932,-0.00012462793,-0.20173308,0.014038551,0.0061644185,-0.0007841112,-0.0007300108,-0.0065061925,0.00068117527,-0.010809294,0.00016566459,0.0025634265,-0.03081808,-0.0056440495,0.00063123147,-0.19758742,-0.05812417,-0.021919556,-0.0018545807,0.0,0.0,-0.16768882,-0.38412952,0.01589618,-0.0055381567,0.0,-0.0017187139,3.3630393e-05,-0.01407479,-0.049442884,-2.64441e-05,0.0053630853,-0.0021188613,0.002696652,0.0017612072,0.0,0.012522941,0.0008086257,0.0034124423,-0.0020471164,-0.05416607,-0.0035538897
787,-0.00036481774,0.0,-0.00043736555,0.0016347436,0.0011349958,-0.0024328914,0.007036155,-0.005005564,0.022152944,-0.00094848796,0.0001492801,0.00017402662,0.0,0.0,0.0,-0.0029003767,0.005672957,-0.00010618098,0.0,0.00077767106,0.0027645868,-7.3305036e-06,-0.00012462793,-0.20308435,0.014990918,-0.0016298512,-0.0007841112,-0.0007300108,-0.0065061925,0.00068117527,0.0004001735,0.00016566459,0.0025634265,-0.030340472,-0.0056440495,0.00063123147,-0.20008932,-0.059198588,-0.023261944,-0.0018545807,0.0,0.0,-0.16768882,-0.38728952,0.01589618,-0.005869464,0.0,-0.0017187139,3.3630393e-05,-0.018946629,-0.051660992,-2.64441e-05,0.0053630853,-0.0021188613,0.002696652,0.0017612072,0.0,0.012522941,0.0008086257,-0.0015734943,-0.0020471164,-0.054503545,-0.0035538897
788,-0.00036481774,0.0,-0.00043736555,0.0016347436,0.00045964296,-0.0024328914,0.007036155,-0.005005564,0.022152944,-0.00094848796,0.0001492801,0.00017402662,0.0,0.0,0.0,-0.0029003767,0.005672957,-0.00010618098,0.0,0.00077767106,0.0027645868,0.00024205932,-0.00012462793,-0.20308435,0.014990918,-0.0010697764,-0.0007841112,-0.0007300108,-0.0065061925,0.00068117527,-0.0009422139,0.00016566459,0.0025634265,-0.03081808,-0.0056440495,0.00063123147,-0.20008932,-0.058384262,-0.021661349,-0.0018545807,0.0,0.0,-0.1705875,-0.38731262,0.01589618,-0.005869464,0.0,-0.0017187139,3.3630393e-05,-0.019071324,-0.051660992,-2.64441e-05,0.0053630853,0.0003826445,0.002696652,0.0017612072,0.0,0.012522941,0.0008086257,-0.0015734943,-0.0020471164,-0.05468761,-0.0035538897
789,-0.00036481774,0.0,-0.00043736555,0.0016347436,0.0011349958,-0.0024328914,0.007036155,-0.0048078536,0.0054926747,-0.00094848796,0.0001492801,0.00017402662,0.0,0.0,0.0,-0.0029003767,0.0021334775,-0.00010618098,0.0,0.00077767106,0.0027645868,0.00024205932,-0.00012462793,-0.20353664,0.014038551,-0.0010697764,-0.0007841112,-0.0007300108,-0.0065061925,0.00068117527,-0.0009422139,0.00016566459,0.0025634265,-0.03081808,-0.003176902,0.00063123147,-0.20099357,-0.05963499,-0.021919556,-0.00095420436,0.0,0.0,-0.16895336,-0.38785946,0.01589618,-0.0048646173,0.0,-0.0017187139,3.3630393e-05,-0.018021427,-0.034108967,-2.64441e-05,0.0053630853,-0.0021188613,0.002696652,0.0017612072,0.0,0.012424085,0.0008086257,-0.0015734943,-0.0020471164,-0.05468761,-0.0018705805
790,-0.00071154186,0.0,-0.00043736555,0.0016347436,0.0011349958,-0.0024328914,0.0057197697,-0.0038096267,-0.049928766,-0.0035073415,0.0001492801,0.0011245208,0.0,0.0,0.0,-0.0029003767,-0.014533407,0.0004158025,0.0,0.00077767106,0.0027645868,0.00024205932,-0.00012462793,-0.1342617,0.011316608,-0.0016298512,-0.0007841112,-0.0012661478,-0.0058186366,0.00068117527,-0.0010217775,1.1894521e-05,0.0025634265,-0.030340472,-0.003176902,0.00063123147,-0.16184989,-0.040844884,-0.021919556,-0.00095420436,0.0,0.0,-0.14039111,-0.31844226,0.01589618,-0.003557119,0.0,-0.0023439266,3.3630393e-05,-0.016671833,-0.03346582,-0.000169137,0.0053630853,-0.0021188613,0.002696652,0.0017612072,0.0,-0.140567,0.0020500766,-0.0015734943,-0.0021424298,-0.05432419,-0.0013835803
791,-0.00036481774,0.0,-0.00043736555,0.0016347436,0.0011349958,-0.0024328914,0.006780225,-0.0048078536,-0.01987021,-0.0015233477,0.0001492801,0.00017402662,0.0,0.0,0.0,-0.0029003767,0.0014361494,-0.00010618098,0.0,0.00077767106,0.0027645868,-7.3305036e-06,-0.00012462793,-0.17194554,0.013647911,-0.0016298512,-0.0007841112,-0.0010661529,-0.0065061925,0.00068117527,0.0004001735,0.00016566459,0.0025634265,-0.030340472,-0.003176902,0.00063123147,-0.20116234,-0.05963499,-0.023261944,-0.00095420436,0.0,0.0,-0.16673006,-0.38810843,0.01589618,-0.0029840842,0.0,-0.0023439266,3.3630393e-05,-0.017631479,-0.034108967,-2.64441e-05,0.0053630853,-0.0021188613,0.002696652,0.0017612072,0.0,0.003906358,0.0020500766,-0.0015734943,-0.0020471164,-0.054503545,-0.0018705805
792,-0.00071154186,0.0,-0.00043736555,0.0016347436,0.0011349958,-0.0024328914,0.0034569525,-0.0038096267,-0.049928766,-0.0035073415,0.0001492801,-0.00011040977,0.0,0.0,0.0,-0.0029003767,-0.014533407,0.0004158025,0.0,0.00077767106,0.0027645868,0.00024205932,-0.00012462793,-0.13204558,0.011316608,-0.0016298512,-0.0007841112,-0.0012661478,-0.0058186366,0.00068117527,-0.0010217775,-0.0023617852,0.0025634265,-0.030340472,-0.003176902,0.00063123147,-0.16191225,-0.040844884,-0.021919556,-0.00095420436,0.0,0.0,-0.13820791,-0.31844226,0.01589618,-0.003557119,0.0,-0.0023439266,3.3630393e-05,-0.015484992,-0.03346582,-0.000169137,0.0053630853,-0.0021188613,0.002696652,0.0017612072,0.0,-0.14158885,0.0020500766,-0.0015734943,-0.0021424298,-0.05295471,-0.0013835803
793,-0.00036481774,0.0,-0.00043736555,0.0016347436,0.0011349958,-0.0024328914,0.012463262,-0.005005564,0.022152944,-0.00094848796,0.0001492801,0.00017402662,0.0,0.0,0.0,-0.0029003767,0.005672957,-0.00010618098,0.0,0.00077767106,0.0027645868,0.00024205932,-0.00012462793,-0.19794053,0.015140538,-0.0010697764,-0.0007841112,-0.0010661529,-0.0065061925,0.00068117527,0.000202795,0.00016566459,0.0025634265,-0.03628019,-0.0056440495,0.00063123147,-0.2000388,-0.059198588,-0.023261944,-0.0018545807,0.0,0.0,-0.16737244,-0.3868308,0.01589618,-0.005869464,0.0,-0.0017187139,3.3630393e-05,-0.01923416,-0.052696716,-2.64441e-05,0.0053630853,-0.0021188613,0.002696652,0.0017612072,0.0,0.007947443,0.0008086257,-0.0015734943,-0.0018466422,-0.05468761,-0.0035538897
794,-0.00027142867,0.0,-0.00043736555,0.0026094094,0.0011349958,-0.0017410136,0.018740702,-0.0038096267,-0.06579517,-0.0015233477,0.0001492801,0.0011245208,0.0,0.0,0.0,-0.0029003767,-0.008391095,0.0003653857,0.0,0.00077767106,0.0027645868,-7.3305036e-06,-0.00012462793,-0.16036724,0.019810943,-0.0010697764,-0.0007841112,-0.0011724008,-0.0058186366,0.00068117527,0.00012323141,0.00016566459,0.0025634265,-0.033982124,-0.002025891,0.00063123147,-0.15075076,-0.032820303,-0.021868581,-0.00095420436,0.0,0.0,-0.14195952,-0.30164105,0.01589618,-0.0034097773,0.0,-0.002203166,3.3630393e-05,-0.017794317,0.19038126,-0.000169137,0.0053630853,0.0005715623,0.002696652,0.0017612072,0.0,-0.14051424,0.0020500766,-0.0015734943,-0.0021424298,-0.052196383,-0.0018705805
795,-0.00046283548,0.0,-0.00043736555,0.0016347436,0.0011349958,-0.0024328914,-0.0073989886,-0.005005564,-0.049895685,-0.0035073415,0.0001492801,0.00017402662,0.0,0.0,0.0,-0.0029003767,-0.014533407,0.0004158025,0.0,0.00077767106,0.0027645868,-7.3305036e-06,0.0010361107,-0.13204558,0.013233522,-0.0016298512,-0.0007841112,-0.0010661529,-0.0065061925,0.00068117527,0.0004001735,-0.002094862,0.0025634265,-0.028930515,-0.003176902,0.00063123147,-0.19859968,-0.05598296,-0.023410609,-0.00095420436,0.0,0.0,-0.16104025,-0.38457307,0.01589618,-0.003557119,0.0,-0.0023439266,3.3630393e-05,-0.016074127,-0.034234878,-2.64441e-05,0.0053630853,-0.0021188613,0.002696652,0.0017612072,0.0,0.007863445,0.0008086257,-0.0015734943,-0.0020471164,-0.05295471,-0.00014842558
796,-0.00036481774,0.0,-0.00043736555,0.0016347436,0.00045964296,-0.0024328914,0.007036155,-0.005005564,0.0054926747,-0.00094848796,0.0001492801,-1.7086602e-05,0.0,0.0,0.0,-0.0029003767,0.0021334775,-0.00010618098,0.0,0.00077767106,0.0027645868,-7.3305036e-06,-0.00012462793,-0.20353664,0.014990918,-0.0016298512,-0.0007841112,-0.0007300108,-0.00662882,0.00068117527,0.00030380907,1.1894521e-05,-8.170852e-05,-0.030340472,-0.003176902,0.00063123147,-0.20099357,-0.058635138,-0.023261944,-0.00095420436,0.0,0.0,-0.16889793,-0.38831633,0.01589618,-0.0048646173,0.0,-0.0017187139,3.3630393e-05,-0.017848551,-0.035246857,-2.64441e-05,0.0053630853,-0.0021188613,0.002696652,0.0017612072,0.0,0.012679812,0.0008086257,-0.0015734943,-0.0020471164,-0.05111517,-0.0018705805
797,-0.00036481774,0.0,-0.00043736555,0.0016347436,0.0011349958,-0.0024328914,0.006700216,-0.005005564,-0.014092538,-0.0011947682,0.0001492801,0.00017402662,0.0,0.0,0.0,-0.0029003767,0.0021334775,-0.00010618098,0.0,0.00077767106,0.0027645868,0.00024205932,-0.00012462793,-0.1821414,0.013746489,-0.0016298512,-0.0007841112,-0.0007300108,-0.0065061925,0.00068117527,-0.010809294,1.1894521e-05,0.0025634265,-0.030340472,-0.003176902,0.00063123147,-0.19866043,-0.058375046,-0.021919556,-0.00095420436,0.0,0.0,-0.16951501,-0.3868149,0.01589618,-0.0048646173,0.0,-0.0023439266,3.3630393e-05,-0.012569136,-0.034108967,-2.64441e-05,0.0053630853,-0.0021188613,0.002696652,0.0017612072,0.0,0.012522941,0.0008086257,-0.0015734943,-0.0020471164,-0.05432419,-0.0018705805
798,-0.00036481774,0.0,-0.00043736555,0.0016347436,0.0011349958,-0.0024328914,0.012463262,-0.005005564,0.022152944,-0.00094848796,0.0001492801,0.00017402662,0.0,0.0,0.0,-0.0029003767,0.005672957,-0.00010618098,0.0,0.00077767106,0.0027645868,0.00024205932,-0.00012462793,-0.20285052,0.015239116,-0.0010697764,-0.0007841112,-0.0007300108,-0.00662882,0.00068117527,0.0004001735,0.00016566459,0.0025634265,-0.03628019,-0.0056440495,0.00063123147,-0.20008932,-0.059198588,-0.023261944,-0.0018545807,0.0,0.0,-0.1672722,-0.3868177,0.01589618,-0.005869464,0.0,-0.0017187139,3.3630393e-05,-0.01933285,-0.052696716,-2.64441e-05,0.0053630853,-0.0021188613,0.002696652,0.0017612072,0.0,0.012584254,0.0008086257,-0.0015734943,-0.0020471164,-0.05468761,-0.0035538897
799,-0.00036481774,0.0,-0.00043736555,0.0016347436,0.00045964296,-0.0024328914,0.007036155,-0.005005564,0.022152944,-0.00094848796,0.0001492801,-1.7086602e-05,0.0,0.0,0.0,-0.0029003767,0.005672957,-0.00010618098,0.0,0.00077767106,0.0027645868,-7.3305036e-06,-0.00012462793,-0.20308435,0.014990918,-0.0016298512,-0.0007841112,-0.0007300108,-0.00662882,0.00068117527,0.0004001735,1.1894521e-05,0.0025634265,-0.030340472,-0.0056440495,0.00063123147,-0.20008932,-0.058384262,-0.023261944,-0.0018545807,0.0,0.0,-0.16783246,-0.3872538,0.01589618,-0.005869464,0.0,-0.0017187139,3.3630393e-05,-0.018946629,-0.051660992,-2.64441e-05,0.0053630853,-0.0021188613,0.002696652,0.0017612072,0.0,0.012579575,0.0008086257,-0.0015734943,-0.0018466422,-0.05432419,-0.0035538897
950,-0.00036481774,0.0,-0.00043736555,0.0013879723,0.00045964296,-0.0024328914,0.007036155,2.5617685e-05,0.021933625,-0.00094848796,0.0001492801,-1.7086602e-05,0.0,0.0,0.0,5.8168927e-05,0.005672957,-0.00010618098,0.0,-0.0012366981,0.0027645868,-7.3305036e-06,-0.00012462793,-0.19962743,0.014892341,-0.0010697764,-0.0007841112,-0.0010661529,-0.00662882,0.00068117527,0.000202795,0.00016566459,-8.170852e-05,-0.028860975,-0.0056440495,0.00063123147,-0.20052364,-0.058356233,-0.022881385,-0.0018545807,0.0,0.0,-0.17089577,-0.39828965,-0.003172952,-0.005869464,0.0,-5.9574144e-05,3.3630393e-05,-0.018572748,-0.05097496,-2.64441e-05,0.0053630853,0.0003826445,-0.0007186803,0.0017612072,0.0,0.00842038,-0.001676883,-0.0015734943,-0.0020471164,-0.044649303,-0.0035538897
951,-0.00036481774,0.0,-0.00043736555,0.0013879723,0.00045964296,-0.0024328914,0.007036155,-0.0048472737,0.021893475,-0.00094848796,0.0001492801,-1.7086602e-05,0.0,0.0,0.0,-0.0029003767,0.005672957,-0.00010618098,0.0,-0.0012366981,0.0027645868,0.00024205932,-0.00012462793,-0.19962743,0.014892341,-0.0010697764,-0.0007841112,-0.0010661529,-0.00662882,0.00068117527,0.0004001735,0.00016566459,-8.170852e-05,-0.028860975,-0.0056440495,0.00063123147,-0.20057414,-0.058356233,-0.022881385,-0.0018545807,0.0,0.0,-0.16477402,-0.3911,-0.003172952,-0.005869464,0.0,-5.9574144e-05,3.3630393e-05,-0.018796133,-0.05097496,-2.64441e-05,0.0053630853,0.0003826445,-0.0007186803,0.0017612072,0.0,0.0029720566,-0.0018412904,-0.0015734943,-0.0020471164,-0.044649303,-0.0035538897
952,-0.00036481774,0.0,-0.00043736555,0.0019383557,0.00045964296,-0.0024328914,0.007036155,-0.0048472737,0.021893475,-0.00094848796,0.0001492801,0.00017402662,0.0,0.0,0.0,-0.0029003767,0.005672957,-0.00010618098,0.0,-0.0012366981,0.0027645868,0.00024205932,-0.00012462793,-0.19962743,0.015140538,-0.0016298512,-0.0007841112,-0.0010661529,-0.00662882,0.00068117527,0.0004001735,0.00016566459,0.0025634265,-0.028223142,-0.0056440495,0.00063123147,-0.20057414,-0.058356233,-0.022881385,-0.0018545807,0.0,0.0,-0.16501482,-0.39091593,-0.003172952,-0.005869464,0.0,-5.9574144e-05,-0.000102375736,-0.019195424,-0.05097496,-2.64441e-05,0.0053630853,0.0003826445,-0.0007186803,0.0017612072,0.0,0.0028764997,-0.0018412904,-0.0015734943,-0.0020471164,-0.047674257,-0.0035538897
953,-0.00036481774,0.0,-0.00043736555,0.0013879723,0.00045964296,-0.0024328914,0.006825312,2.5617685e-05,0.021933625,-0.00094848796,0.0001492801,0.00017402662,0.0,0.0,0.0,5.8168927e-05,0.005672957,-0.00010618098,0.0,-0.0012366981,0.0027645868,0.00024205932,-0.00012462793,-0.19962743,0.014892341,-0.0010697764,-0.0007841112,-0.0010661529,-0.00662882,0.00068117527,0.00030380907,0.00016566459,-8.170852e-05,-0.028860975,-0.0056440495,0.00063123147,-0.20057414,-0.058356233,-0.022881385,-0.0018545807,0.0,0.0,-0.17103398,-0.39841434,-0.003172952,-0.005869464,0.0,-5.9574144e-05,3.3630393e-05,-0.018494453,-0.05097496,-2.64441e-05,0.0053630853,0.0003826445,-0.0007186803,0.0017612072,0.0,0.008324822,-0.001676883,-0.0015734943,-0.0020471164,-0.044649303,-0.0035538897
954,-0.00036481774,0.0,-0.00043736555,0.0013879723,0.00045964296,-0.0024328914,0.007036155,-0.005005564,0.021933625,-0.00094848796,0.0001492801,0.00017402662,0.0,0.0,0.0,-0.0029003767,0.005672957,-0.00010618098,0.0,-0.0012366981,0.0027645868,0.00024205932,-0.00012462793,-0.20453742,0.014990918,-0.0010697764,-0.0007841112,-0.0007300108,-0.00662882,0.00068117527,0.0004001735,0.00016566459,-8.170852e-05,-0.02867398,-0.0056440495,0.00063123147,-0.20060284,-0.058356233,-0.022881385,-0.0018545807,0.0,0.0,-0.17052247,-0.3911,-0.003172952,-0.005869464,0.0,-5.9574144e-05,3.3630393e-05,-0.018796133,-0.05097496,-2.64441e-05,0.0053630853,0.0003826445,-0.0007186803,0.0017612072,0.0,0.012800084,-0.001676883,-0.0015734943,-0.0020471164,-0.044649303,-0.0035538897
955,-0.00036481774,0.0,-0.00043736555,0.0013879723,0.00045964296,-0.0024328914,0.007036155,2.5617685e-05,0.021933625,-0.00094848796,0.0001492801,-1.7086602e-05,0.0,0.0,0.0,5.8168927e-05,0.005672957,-0.00010618098,0.0,-0.0012366981,0.0027645868,0.00024205932,-0.00012462793,-0.20199864,0.014990918,0.0040183514,-0.0007841112,-0.0007300108,-0.00662882,0.00068117527,0.0004001735,0.00016566459,-8.170852e-05,-0.028700747,-0.0056440495,0.00063123147,-0.20072384,-0.058356233,-0.022881385,-0.0018545807,0.0,0.0,-0.17089577,-0.39848676,-0.003172952,-0.005869464,0.0,-5.9574144e-05,-0.000102375736,-0.018733142,-0.051786903,-2.64441e-05,0.0053630853,0.0003826445,-0.0007186803,0.0017612072,0.0,0.012895642,-0.001676883,-0.0015734943,-0.0020471164,-0.044649303,-0.0035538897
956,-0.00036481774,0.0,-0.00043736555,0.0013879723,0.00045964296,-0.0024328914,0.006825312,-0.0048472737,0.021933625,-0.00094848796,0.0001492801,-1.7086602e-05,0.0,0.0,0.0,-0.0029003767,0.005672957,-0.00010618098,0.0,-0.0012366981,0.0027645868,0.00024205932,-0.00012462793,-0.20357578,0.014990918,-0.0010697764,-0.0007841112,-0.0007300108,-0.00662882,0.00068117527,0.0004001735,0.00016566459,-8.170852e-05,-0.028700747,-0.0056440495,0.00063123147,-0.20072384,-0.058356233,-0.022881385,-0.0018545807,0.0,0.0,-0.17046954,-0.39112422,-0.003172952,-0.005869464,0.0,-5.9574144e-05,-0.000102375736,-0.018542634,-0.051786903,-2.64441e-05,0.0053630853,0.0003826445,-0.0007186803,0.0017612072,0.0,0.012895642,-0.001676883,-0.0015734943,-0.0020471164,-0.044649303,-0.0035538897
957,-0.00036481774,0.0,-0.00043736555,0.0019383557,0.00045964296,-0.0024328914,0.007036155,2.5617685e-05,0.021933625,-0.00094848796,0.0001492801,0.00017402662,0.0,0.0,0.0,5.8168927e-05,0.005672957,-0.00010618098,0.0,-0.0012366981,0.0027645868,0.00024205932,-0.00012462793,-0.20453742,0.015239116,-0.0010697764,-0.0007841112,-0.0007300108,-0.00662882,0.00068117527,0.0004001735,0.00016566459,0.0025634265,-0.028700747,-0.0056440495,0.00063123147,-0.20057414,-0.058356233,-0.022881385,-0.0018545807,0.0,0.0,-0.17123683,-0.3981769,-0.003172952,-0.005869464,0.0,-5.9574144e-05,-0.000102375736,-0.019195424,-0.05097496,-2.64441e-05,0.0053630853,0.0003826445,-0.0007186803,0.0017612072,0.0,0.012699848,-0.001676883,-0.0015734943,-0.0018466422,-0.04785832,-0.0035538897
958,-0.00036481774,0.0,-0.00043736555,0.0013879723,0.00045964296,-0.0024328914,0.007036155,2.5617685e-05,0.021933625,-0.00094848796,0.0001492801,0.00017402662,0.0,0.0,0.0,5.8168927e-05,0.005672957,-0.00010618098,0.0,-0.0012366981,0.0027645868,0.00012323525,-0.00012462793,-0.20453742,0.014038551,-0.0010697764,-0.0007841112,-0.0007300108,-0.00662882,0.00068117527,0.000202795,0.00016566459,-8.170852e-05,-0.028855458,-0.0056440495,0.0007401777,-0.20052364,-0.05854176,-0.022881385,-0.0018545807,0.0,0.0,-0.17109156,-0.39826825,-0.003172952,-0.005869464,0.0,-5.9574144e-05,-0.000102375736,-0.018572748,-0.049837068,-2.64441e-05,0.0053630853,0.0003826445,-0.0007186803,0.0017612072,0.0,0.012699848,-0.001676883,-0.0015734943,-0.0018466422,-0.044779718,-0.0035538897
959,-0.00036481774,0.0,-0.00043736555,0.0019383557,0.00045964296,-0.0024328914,0.006800158,0.0004976122,0.021933625,-0.00094848796,0.0001492801,0.00017402662,0.0,0.0,0.0,5.8168927e-05,0.005672957,-0.00010618098,0.0,-0.0012366981,0.0027645868,0.00024205932,-0.00012462793,-0.19962743,0.015140538,-0.0016298512,-0.0007841112,-0.0010661529,-0.00662882,0.00068117527,0.00030380907,0.00016566459,0.0025634265,-0.028223142,-0.0056440495,0.00063123147,-0.20057414,-0.058356233,-0.022881385,-0.0018545807,0.0,0.0,-0.17147282,-0.39823028,-0.003172952,-0.005869464,0.0,-5.9574144e-05,-0.000102375736,-0.019147241,-0.05097496,-2.64441e-05,0.0053630853,0.0003826445,-0.0007186803,0.0017612072,0.0,0.008224586,-0.001676883,-0.0015734943,-0.0018466422,-0.047674257,-0.0035538897
960,-0.00036481774,0.0,-0.00043736555,0.0016347436,0.00045964296,-0.0024328914,0.006800158,0.0004976122,0.021933625,-0.00094848796,0.0001492801,-1.7086602e-05,0.0,0.0,0.0,5.8168927e-05,0.005672957,-0.00010618098,0.0,-0.0012366981,0.0027645868,0.00024205932,-0.00012462793,-0.20453742,0.014990918,-0.0010697764,-0.0007841112,-0.0007300108,-0.00662882,0.00068117527,0.0004001735,0.00016566459,0.0025634265,-0.028501246,-0.0056440495,0.00063123147,-0.20057414,-0.058384262,-0.022881385,-0.0018545807,0.0,0.0,-0.1713012,-0.3980528,-0.003172952,-0.005869464,0.0,-5.9574144e-05,-0.000102375736,-0.019071324,-0.05097496,-2.64441e-05,0.0053630853,0.0003826445,-0.0007186803,0.0017612072,0.0,0.012895642,-0.001676883,-0.0015734943,-0.0020471164,-0.047701996,-0.0035538897
961,-0.00036481774,0.0,-0.00043736555,0.0013879723,0.00045964296,-0.0024328914,0.007036155,2.5617685e-05,0.021933625,-0.00094848796,0.0001492801,0.00017402662,0.0,0.0,0.0,5.8168927e-05,0.005672957,-0.00010618098,0.0,-0.0012366981,0.0027645868,0.00012323525,-0.00012462793,-0.20453742,0.014990918,-0.0010697764,-0.0007841112,-0.0007300108,-0.00662882,0.00068117527,0.000202795,0.00016566459,-8.170852e-05,-0.028855458,-0.0056440495,0.0007401777,-0.20052364,-0.058356233,-0.022881385,-0.0018545807,0.0,0.0,-0.17109156,-0.39826825,-0.003172952,-0.005869464,0.0,-5.9574144e-05,-0.000102375736,-0.018572748,-0.05097496,-2.64441e-05,0.0053630853,0.0003826445,-0.0007186803,0.0017612072,0.0,0.012699848,-0.001676883,-0.0015734943,-0.0018466422,-0.044779718,-0.0035538897
962,-0.00036481774,0.0,-0.00043736555,0.0019383557,0.00045964296,-0.0024328914,-0.07444671,-0.00025944278,0.020732218,-0.00094848796,0.0001492801,0.00017402662,0.0,0.0,0.0,5.8168927e-05,0.005352405,-0.00010618098,0.0,-0.0012366981,0.0027645868,0.00024205932,-0.00012462793,-0.19239493,0.014038551,-0.0010697764,-0.0007841112,-0.0007300108,-0.00662882,0.00068117527,-0.0009422139,0.00016566459,-8.170852e-05,-0.027290795,-0.0056440495,0.00063123147,-0.19085872,-0.044649184,-0.021538997,-0.0018545807,0.0,0.0,-0.14788583,-0.37641165,-0.003172952,-0.005869464,0.0,-5.9574144e-05,-0.000102375736,-0.019518541,-0.050649013,-2.64441e-05,0.0053630853,0.0003826445,-0.0007186803,0.0017612072,0.0,0.011927792,-0.001676883,-0.0015734943,-0.0018466422,-0.043279823,-0.002318735
963,-0.00036481774,0.0,-0.00043736555,0.0013879723,0.00045964296,-0.0024328914,0.007036155,2.5617685e-05,0.021933625,-0.00094848796,0.0001492801,-1.7086602e-05,0.0,0.0,0.0,5.8168927e-05,0.005672957,-0.00010618098,0.0,-0.0012366981,0.0027645868,0.00024205932,-0.00012462793,-0.20357578,0.014990918,-0.0010697764,-0.0007841112,-0.0007300108,-0.00662882,-0.001499688,0.0004001735,0.00016566459,-8.170852e-05,-0.028860975,-0.0056440495,0.00063123147,-0.20072384,-0.055945396,-0.022881385,-0.0018545807,0.0,0.0,-0.17089577,-0.39869252,-0.003172952,-0.005869464,0.0,-5.9574144e-05,3.3630393e-05,-0.018796133,-0.051786903,-2.64441e-05,0.0053630853,0.0003826445,-0.0007186803,0.0017612072,0.0,0.012895642,-0.001676883,-0.0015734943,-0.0020471164,-0.044649303,-0.0035538897
964,-0.00036481774,0.0,-0.00043736555,0.0013879723,0.00045964296,-0.0024328914,-0.07444671,-0.00025944278,0.020732218,-0.00094848796,0.0001492801,-1.7086602e-05,0.0,0.0,0.0,5.8168927e-05,0.005352405,-0.00010618098,0.0,-0.0012366981,0.0027645868,0.00024205932,-0.00012462793,-0.19239493,0.014038551,-0.0010697764,-0.0007841112,-0.0007300108,-0.00662882,0.00068117527,0.0004001735,0.00016566459,-8.170852e-05,-0.027290795,-0.0056440495,0.0007401777,-0.19085872,-0.044649184,-0.022881385,-0.0018545807,0.0,0.0,-0.14754477,-0.37626025,-0.003172952,-0.005869464,0.0,-5.9574144e-05,-0.000102375736,-0.019243347,-0.050649013,-2.64441e-05,0.0053630853,0.0003826445,-0.0007186803,0.0017612072,0.0,0.012123584,-0.001676883,-0.0015734943,-0.0020471164,-0.043410238,-0.002318735
965,-0.00036481774,0.0,-0.00043736555,0.0013879723,0.00045964296,-0.0024328914,0.006825312,2.5617685e-05,0.021933625,-0.00094848796,0.0001492801,0.00017402662,0.0,0.0,0.0,5.8168927e-05,0.005672957,-0.00010618098,0.0,-0.0012366981,0.0027645868,0.00024205932,-0.00012462793,-0.20453742,0.014990918,-0.0010697764,-0.0007841112,-0.0007300108,-0.00662882,0.00068117527,0.000202795,0.00016566459,-8.170852e-05,-0.028700747,-0.0056440495,0.00063123147,-0.20052364,-0.058356233,-0.022881385,-0.0018545807,0.0,0.0,-0.17103398,-0.39843857,-0.003172952,-0.005869464,0.0,-5.9574144e-05,-0.000102375736,-0.018443946,-0.05097496,-2.64441e-05,0.0053630853,0.0003826445,-0.0007186803,0.0017612072,0.0,0.012800084,-0.001676883,-0.0015734943,-0.0020471164,-0.044649303,-0.0035538897
966,-0.00036481774,0.0,-0.00043736555,0.0019383557,0.00045964296,-0.0024328914,0.007036155,2.5617685e-05,0.021933625,-0.00094848796,0.0001492801,-1.7086602e-05,0.0,0.0,0.0,5.8168927e-05,0.005672957,-0.00010618098,0.0,-0.0012366981,0.0027645868,0.00024205932,-0.00012462793,-0.19962743,0.014892341,-0.0016298512,-0.0007841112,-0.0010661529,-0.00662882,0.00068117527,0.0004001735,0.00016566459,0.0025634265,-0.02838337,-0.0056440495,0.00063123147,-0.20057414,-0.058356233,-0.022881385,-0.0018545807,0.0,0.0,-0.17104103,-0.39813018,-0.003172952,-0.005869464,0.0,-5.9574144e-05,3.3630393e-05,-0.019071324,-0.05097496,-2.64441e-05,0.0053630853,0.0003826445,-0.0007186803,0.0017612072,0.0,0.00842038,-0.001676883,-0.0015734943,-0.0020471164,-0.047674257,-0.0035538897
967,-0.00052063615,0.0,-0.00043736555,0.0019383557,0.00045964296,-0.0024328914,0.0066060824,-0.0048472737,0.021893475,-0.00094848796,0.0001492801,0.0011245208,0.0,0.0,0.0,-0.0029003767,0.005672957,-0.00010618098,0.0,-0.0012366981,0.0027645868,0.00024205932,-0.00012462793,-0.19962743,0.013504128,-0.0016298512,-0.0007841112,-0.0010661529,-0.00662882,0.00068117527,0.0004001735,0.00016566459,0.0025634265,-0.02838337,-0.0056440495,0.00063123147,-0.17254719,-0.04552473,-0.022881385,-0.0018545807,0.0,0.0,-0.15459402,-0.34623218,-0.003172952,-0.005869464,0.0,-5.9574144e-05,3.3630393e-05,-0.019071324,-0.05097496,-2.64441e-05,0.0053630853,0.0003826445,-0.0007186803,0.0017612072,0.0,-0.091819234,-0.0018412904,-0.0015734943,-0.0021424298,-0.047674257,-0.0035538897
968,-0.00036481774,0.0,-0.00043736555,0.0019383557,0.00045964296,-0.0024328914,-0.02686128,-0.0052906247,0.021701045,-0.00094848796,0.0001492801,0.00017402662,0.0,0.0,0.0,-0.0029003767,0.0055953404,-0.00010618098,0.0,-0.0012366981,0.0027645868,-7.3305036e-06,-0.00012462793,-0.19866052,0.013939973,-0.0010697764,-0.0007841112,-0.0010661529,-0.00662882,0.00068117527,0.0004001735,0.00016566459,-8.170852e-05,-0.027264029,-0.0056440495,0.00063123147,-0.19073772,-0.05474982,-0.022881385,-0.0018545807,0.0,0.0,-0.1567422,-0.38316724,-0.003172952,-0.005869464,0.0,-5.9574144e-05,3.3630393e-05,-0.018919703,-0.049837068,-2.64441e-05,0.0053630853,0.0003826445,-0.0007186803,0.0017612072,0.0,0.0024529381,-0.0018412904,-0.0015734943,-0.0020471164,-0.043279823,-0.002318735
969,-0.00036481774,0.0,-0.00043736555,0.0019383557,0.00045964296,-0.0024328914,0.007036155,-0.0048472737,0.021893475,-0.00094848796,0.0001492801,0.00017402662,0.0,0.0,0.0,-0.0029003767,0.005672957,-0.00010618098,0.0,-0.0012366981,0.0027645868,0.00012323525,-0.00012462793,-0.19962743,0.014892341,-0.0010697764,-0.0007841112,-0.0010661529,-0.00662882,0.00068117527,0.000202795,0.00016566459,-8.170852e-05,-0.029015686,-0.0056440495,0.0007401777,-0.20052364,-0.058356233,-0.022881385,-0.0018545807,0.0,0.0,-0.16511507,-0.39101142,-0.003172952,-0.005869464,0.0,-5.9574144e-05,3.3630393e-05,-0.018847939,-0.05097496,-2.64441e-05,0.0053630853,0.0003826445,-0.0007186803,0.0017612072,0.0,0.0027762628,-0.0018412904,-0.0015734943,-0.0018466422,-0.044779718,-0.0035538897
970,-0.00036481774,0.0,-0.00043736555,0.0013879723,0.00045964296,-0.0024328914,0.007036155,2.5617685e-05,0.021933625,-0.00094848796,0.0001492801,0.00017402662,0.0,0.0,0.0,5.8168927e-05,0.005672957,-0.00010618098,0.0,-0.0012366981,0.0027645868,0.00024205932,-0.00012462793,-0.19962743,0.015140538,-0.0010697764,-0.0007841112,-0.0010661529,-0.00662882,0.00068117527,0.0004001735,0.00016566459,-8.170852e-05,-0.028860975,-0.0056440495,0.00063123147,-0.20057414,-0.058356233,-0.022881385,-0.0018545807,0.0,0.0,-0.17109156,-0.39858663,-0.003172952,-0.005869464,0.0,-5.9574144e-05,3.3630393e-05,-0.01892023,-0.05097496,-2.64441e-05,0.0053630853,0.0003826445,-0.0007186803,0.0017612072,0.0,0.008224586,-0.001676883,-0.0015734943,-0.0018466422,-0.044649303,-0.0035538897
971,-0.00036481774,0.0,-0.00043736555,0.0013879723,0.00045964296,-0.0024328914,-0.07444671,-0.00025944278,0.020732218,-0.00094848796,0.0001492801,0.00017402662,0.0,0.0,0.0,5.8168927e-05,0.005352405,-0.00010618098,0.0,-0.0012366981,0.0027645868,-7.3305036e-06,-0.00012462793,-0.19335657,0.014038551,-0.0010697764,-0.0007841112,-0.0007300108,-0.00662882,0.00068117527,0.0004001735,0.00016566459,-8.170852e-05,-0.027290795,-0.0056440495,0.00063123147,-0.19070902,-0.044649184,-0.022881385,-0.0018545807,0.0,0.0,-0.14764033,-0.37615702,-0.003172952,-0.005869464,0.0,-5.9574144e-05,-0.000102375736,-0.019118652,-0.049837068,-2.64441e-05,0.0053630853,0.0003826445,-0.0007186803,0.0017612072,0.0,0.012028026,-0.001676883,-0.0015734943,-0.0020471164,-0.043279823,-0.002318735
972,-0.00036481774,0.0,-0.00043736555,0.0013879723,0.00045964296,-0.0024328914,0.007036155,2.5617685e-05,0.021933625,-0.00094848796,0.0001492801,0.00017402662,0.0,0.0,0.0,5.8168927e-05,0.005672957,-0.00010618098,0.0,-0.0012366981,0.0027645868,0.00012323525,-0.00012462793,-0.20453742,0.014990918,-0.0010697764,-0.0007841112,-0.0007300108,-0.00662882,0.00068117527,0.000202795,0.00016566459,-8.170852e-05,-0.028855458,-0.0056440495,-0.0006745928,-0.20052364,-0.058356233,-0.022881385,-0.0018545807,0.0,0.0,-0.17099133,-0.39857307,-0.003172952,-0.005869464,0.0,-5.9574144e-05,-0.000102375736,-0.018572748,-0.05097496,-2.64441e-05,0.0053630853,0.0003826445,-0.0007186803,0.0017612072,0.0,0.012800084,-0.001676883,-0.0015734943,-0.0020471164,-0.043060105,-0.0035538897
973,-0.00036481774,0.0,-0.00043736555,0.0013879723,0.00045964296,-0.0024328914,0.006825312,-0.005005564,0.021933625,-0.00094848796,0.0001492801,0.00017402662,0.0,0.0,0.0,-0.0029003767,0.005672957,-0.00010618098,0.0,-0.0012366981,0.0027645868,0.00024205932,-0.00012462793,-0.20453742,0.014990918,-0.0010697764,-0.0007841112,-0.0007300108,-0.00662882,0.00068117527,0.0004001735,0.00016566459,-8.170852e-05,-0.02867398,-0.0056440495,0.00063123147,-0.20060284,-0.058356233,-0.022881385,-0.0018545807,0.0,0.0,-0.17066534,-0.3911,-0.003172952,-0.005869464,0.0,-5.9574144e-05,3.3630393e-05,-0.018542634,-0.05097496,-2.64441e-05,0.0053630853,0.0003826445,-0.0007186803,0.0017612072,0.0,0.012699848,-0.001676883,-0.0015734943,-0.0018466422,-0.044649303,-0.0035538897
974,-0.00036481774,0.0,-0.00043736555,0.0019383557,0.00045964296,-0.0024328914,0.006589315,0.0004976122,0.021893475,-0.00094848796,0.0001492801,0.00017402662,0.0,0.0,0.0,5.8168927e-05,0.005672957,-0.00010618098,0.0,-0.0012366981,0.0027645868,0.00024205932,-0.00012462793,-0.19962743,0.014892341,-0.0016298512,-0.0007841112,-0.0010661529,-0.00662882,0.00068117527,0.000202795,1.1894521e-05,0.0025634265,-0.028223142,-0.0056440495,0.00063123147,-0.20052364,-0.058356233,-0.022881385,-0.0018545807,0.0,0.0,-0.16586258,-0.3981318,-0.003172952,-0.005869464,0.0,-5.9574144e-05,-0.000102375736,-0.018719139,-0.05097496,-2.64441e-05,0.0053630853,0.0003826445,-0.0007186803,0.0017612072,0.0,0.0027762628,-0.0018412904,-0.0015734943,-0.0018466422,-0.0474949,-0.0035538897
975,-0.00036481774,0.0,-0.00043736555,0.0019383557,0.00045964296,-0.0024328914,0.006825312,2.5617685e-05,0.021893475,-0.00094848796,0.0001492801,0.00017402662,0.0,0.0,0.0,5.8168927e-05,0.005672957,-0.00010618098,0.0,-0.0012366981,0.0027645868,0.00024205932,-0.00012462793,-0.19962743,0.013939973,-0.0010697764,-0.0007841112,-0.0010661529,-0.00662882,0.00068117527,0.0004001735,0.00016566459,-8.170852e-05,-0.028860975,-0.0056440495,0.00063123147,-0.20057414,-0.05854176,-0.022881385,-0.0018545807,0.0,0.0,-0.16552636,-0.39859247,-0.003172952,-0.005869464,0.0,-5.9574144e-05,3.3630393e-05,-0.018817829,-0.049837068,-2.64441e-05,0.0053630853,0.0003826445,-0.0007186803,0.0017612072,0.0,0.0028764997,-0.0018412904,-0.0015734943,-0.0020471164,-0.044649303,-0.0035538897
976,-0.00036481774,0.0,-0.00043736555,0.0013879723,0.00045964296,-0.0024328914,0.006589315,0.0004976122,0.021933625,-0.00094848796,0.0001492801,0.00017402662,0.0,0.0,0.0,5.8168927e-05,0.005672957,-0.00010618098,0.0,-0.0012366981,0.0027645868,0.00024205932,-0.00012462793,-0.20453742,0.014990918,-0.0010697764,-0.0007841112,-0.0007300108,-0.00662882,0.00068117527,0.0004001735,0.00016566459,-8.170852e-05,-0.028700747,-0.0056440495,0.00063123147,-0.20057414,-0.058356233,-0.022881385,-0.0018545807,0.0,0.0,-0.17126997,-0.39848676,-0.003172952,-0.005869464,0.0,-5.9574144e-05,-0.000102375736,-0.018542634,-0.05097496,-2.64441e-05,0.0053630853,0.0003826445,-0.0007186803,0.0017612072,0.0,0.012800084,-0.001676883,-0.0015734943,-0.0020471164,-0.044649303,-0.0035538897
977,-0.00036481774,0.0,-0.00043736555,0.0013879723,0.00045964296,-0.0024328914,0.006825312,-0.0048472737,0.021893475,-0.00094848796,0.0001492801,0.00017402662,0.0,0.0,0.0,-0.0029003767,0.005672957,-0.00010618098,0.0,-0.0012366981,0.0027645868,-7.3305036e-06,-0.00012462793,-0.19962743,0.013939973,-0.0010697764,-0.0007841112,-0.0010661529,-0.00662882,0.00068117527,0.000202795,0.00016566459,-8.170852e-05,-0.028860975,-0.0056440495,0.0007401777,-0.20052364,-0.05854176,-0.022881385,-0.0018545807,0.0,0.0,-0.16501246,-0.39090562,-0.003172952,-0.005869464,0.0,-5.9574144e-05,3.3630393e-05,-0.018319251,-0.049837068,-2.64441e-05,0.0053630853,0.0003826445,-0.0007186803,0.0017612072,0.0,0.0027762628,-0.0018412904,-0.0015734943,-0.0018466422,-0.044779718,-0.0035538897
978,-0.00036481774,0.0,-0.00043736555,0.0013879723,0.00045964296,-0.0024328914,0.007036155,-0.0048472737,0.021933625,-0.00094848796,0.0001492801,0.00017402662,0.0,0.0,0.0,-0.0029003767,0.005672957,-0.00010618098,0.0,-0.0012366981,0.0027645868,0.00012323525,-0.00012462793,-0.19962743,0.013939973,-0.0010697764,-0.0007841112,-0.0010661529,-0.00662882,0.00068117527,0.000202795,0.00016566459,-8.170852e-05,-0.029015686,-0.0056440495,0.0007401777,-0.20052364,-0.05854176,-0.022881385,-0.0018545807,0.0,0.0,-0.17062269,-0.39088148,-0.003172952,-0.005869464,0.0,-5.9574144e-05,3.3630393e-05,-0.018572748,-0.049837068,-2.64441e-05,0.0053630853,0.0003826445,-0.0007186803,0.0017612072,0.0,0.008224586,-0.001676883,-0.0015734943,-0.0018466422,-0.044779718,-0.0035538897
979,-0.00036481774,0.0,-0.00043736555,0.0013879723,0.00045964296,-0.0024328914,0.007036155,-0.0048472737,0.021893475,-0.00094848796,0.0001492801,0.00017402662,0.0,0.0,0.0,-0.0029003767,0.005672957,-0.00010618098,0.0,-0.0012366981,0.0027645868,0.00024205932,-0.00012462793,-0.19962743,0.014892341,-0.0016298512,-0.0007841112,-0.0010661529,-0.00662882,0.00068117527,0.000202795,1.1894521e-05,0.0025634265,-0.02838337,-0.0056440495,0.00063123147,-0.20052364,-0.058356233,-0.022881385,-0.0018545807,0.0,0.0,-0.16496979,-0.39061508,-0.003172952,-0.005869464,0.0,-5.9574144e-05,3.3630393e-05,-0.018697442,-0.05097496,-2.64441e-05,0.0053630853,0.0003826445,-0.0007186803,0.0017612072,0.0,0.0027762628,-0.0018412904,-0.0015734943,-0.0018466422,-0.0474949,-0.0035538897
980,-0.00036481774,0.0,-0.00043736555,0.0013879723,0.00045964296,-0.0024328914,0.007036155,-0.005005564,0.021933625,-0.00094848796,0.0001492801,0.00017402662,0.0,0.0,0.0,-0.0029003767,0.005672957,-0.00010618098,0.0,-0.0012366981,0.0027645868,-7.3305036e-06,-0.00012462793,-0.20357578,0.014038551,-0.0010697764,-0.0007841112,-0.0007300108,-0.00662882,0.00068117527,0.0004001735,0.00016566459,-8.170852e-05,-0.02867398,-0.0056440495,0.0007401777,-0.20075254,-0.05854176,-0.022881385,-0.0018545807,0.0,0.0,-0.17052247,-0.3909538,-0.003172952,-0.005869464,0.0,-5.9574144e-05,3.3630393e-05,-0.018671438,-0.050649013,-2.64441e-05,0.0053630853,0.0003826445,-0.0007186803,0.0017612072,0.0,0.012800084,-0.001676883,-0.0015734943,-0.0020471164,-0.044779718,-0.0035538897
981,-0.00036481774,0.0,-0.00043736555,0.0019383557,0.00045964296,-0.0024328914,0.006825312,-0.005005564,0.021933625,-0.00094848796,0.0001492801,0.00017402662,0.0,0.0,0.0,-0.0029003767,0.005672957,-0.00010618098,0.0,-0.0012366981,0.0027645868,-7.3305036e-06,-0.00012462793,-0.20357578,0.014038551,-0.0016298512,-0.0007841112,-0.0007300108,-0.00662882,0.00068117527,0.0004001735,1.1894521e-05,-8.170852e-05,-0.028196376,-0.0056440495,0.00063123147,-0.20075254,-0.05854176,-0.022881385,-0.0018545807,0.0,0.0,-0.17071037,-0.3912324,-0.003172952,-0.005869464,0.0,-5.9574144e-05,3.3630393e-05,-0.018693134,-0.050649013,-2.64441e-05,0.0053630853,0.0003826445,-0.0007186803,0.0017612072,0.0,0.012800084,-0.001676883,-0.0015734943,-0.0020471164,-0.044285882,-0.0035538897
982,-0.00036481774,0.0,-0.00043736555,0.0013879723,0.00045964296,-0.0024328914,0.007036155,-0.0048472737,0.021933625,-0.00094848796,0.0001492801,0.00017402662,0.0,0.0,0.0,-0.0029003767,0.005672957,-0.00010618098,0.0,-0.0012366981,0.0027645868,0.00012323525,-0.00012462793,-0.20453742,0.014038551,-0.0010697764,-0.0007841112,-0.0007300108,-0.0065061925,0.00068117527,0.000202795,0.00016566459,-8.170852e-05,-0.031424064,-0.0056440495,-0.0006745928,-0.20052364,-0.05854176,-0.022881385,-0.0018545807,0.0,0.0,-0.17062269,-0.391019,-0.003172952,-0.005869464,0.0,-5.9574144e-05,3.3630393e-05,-0.018572748,-0.049837068,-2.64441e-05,0.0053630853,0.0003826445,-0.0007186803,0.0017612072,0.0,0.0126385335,0.00050287833,-0.0015734943,-0.0018466422,-0.043060105,-0.0035538897
983,-0.00036481774,0.0,-0.00043736555,0.0013879723,0.00045964296,-0.0024328914,0.006800158,0.0004976122,0.021933625,-0.00094848796,0.0001492801,0.00017402662,0.0,0.0,0.0,5.8168927e-05,0.005672957,-0.00010618098,0.0,-0.0012366981,0.0027645868,-7.3305036e-06,-0.00012462793,-0.20357578,0.014990918,-0.0010697764,-0.0007841112,-0.0007300108,-0.00662882,0.00068117527,0.000202795,0.00016566459,-8.170852e-05,-0.028860975,-0.0056440495,0.0007401777,-0.20067334,-0.058356233,-0.022881385,-0.0018545807,0.0,0.0,-0.17122732,-0.39826816,-0.003172952,-0.005869464,0.0,-5.9574144e-05,3.3630393e-05,-0.018572748,-0.051786903,-2.64441e-05,0.0053630853,0.0003826445,-0.0007186803,0.0017612072,0.0,0.012800084,-0.001676883,-0.0015734943,-0.0020471164,-0.044779718,-0.0035538897
984,-0.00036481774,0.0,-0.00043736555,0.0013879723,0.00045964296,-0.0024328914,0.007036155,-0.0048472737,0.021933625,-0.00094848796,0.0001492801,0.00017402662,0.0,0.0,0.0,-0.0029003767,0.005672957,-0.00010618098,0.0,-0.0012366981,0.0027645868,-7.3305036e-06,-0.00012462793,-0.20453742,0.014038551,-0.0010697764,-0.0007841112,-0.0007300108,-0.00662882,0.00068117527,0.00030380907,0.00016566459,-8.170852e-05,-0.028860975,-0.0056440495,-0.0006745928,-0.20057414,-0.05854176,-0.022881385,-0.0018545807,0.0,0.0,-0.17062269,-0.39121044,-0.003172952,-0.005869464,0.0,-5.9574144e-05,3.3630393e-05,-0.018623255,-0.049837068,-2.64441e-05,0.0053630853,0.0003826445,-0.0007186803,0.0017612072,0.0,0.012699848,-0.001676883,-0.0015734943,-0.0018466422,-0.043060105,-0.0035538897
985,-0.00036481774,0.0,-0.00043736555,0.0013879723,0.00045964296,-0.0024328914,0.006825312,2.5617685e-05,0.021933625,-0.00094848796,0.0001492801,0.00017402662,0.0,0.0,0.0,5.8168927e-05,0.005672957,-0.00010618098,0.0,-0.0012366981,0.0027645868,-7.3305036e-06,-0.00012462793,-0.19962743,0.013939973,-0.0010697764,-0.0007841112,-0.0010661529,-0.0065061925,0.00068117527,0.000202795,0.00016566459,-8.170852e-05,-0.031269353,-0.0056440495,0.00063123147,-0.20052364,-0.05854176,-0.022881385,-0.0018545807,0.0,0.0,-0.17113422,-0.39812234,-0.003172952,-0.005869464,0.0,-5.9574144e-05,3.3630393e-05,-0.018319251,-0.049837068,-2.64441e-05,0.0053630853,0.0003826445,-0.0007186803,0.0017612072,0.0,0.0081632715,0.00050287833,-0.0015734943,-0.0018466422,-0.044649303,-0.0035538897
986,-0.00036481774,0.0,-0.00043736555,0.0016347436,0.00045964296,-0.0024328914,0.007036155,2.5617685e-05,0.021933625,-0.00094848796,0.0001492801,0.00017402662,0.0,0.0,0.0,5.8168927e-05,0.005672957,-0.00010618098,0.0,-0.0012366981,0.0027645868,0.00024205932,0.0010361107,-0.20357578,0.014990918,-0.0010697764,-0.0007841112,-0.0007300108,-0.00662882,0.00068117527,0.0004001735,1.1894521e-05,-8.170852e-05,-0.028661478,-0.0056440495,0.00063123147,-0.20072384,-0.058524176,-0.02303005,-0.0018545807,0.0,0.0,-0.17116077,-0.39890984,-0.003172952,-0.005869464,0.0,-5.9574144e-05,3.3630393e-05,-0.019651692,-0.051786903,-2.64441e-05,0.0053630853,0.0003826445,-0.0007186803,0.0017612072,0.0,0.012800084,-0.001676883,-0.0015734943,-0.0020471164,-0.04431362,-0.0035538897
987,-0.00036481774,0.0,-0.00043736555,0.0019383557,0.00045964296,-0.0024328914,0.006825312,-0.0048472737,0.021933625,-0.00094848796,0.0001492801,-1.7086602e-05,0.0,0.0,0.0,-0.0029003767,0.005672957,-0.00010618098,0.0,-0.0012366981,0.0027645868,-7.3305036e-06,-0.00012462793,-0.19866578,0.013939973,-0.0010697764,-0.0007841112,-0.0010661529,-0.00662882,0.00068117527,0.0004001735,0.00016566459,0.0025634265,-0.028700747,-0.0056440495,0.00063123147,-0.20072384,-0.05854176,-0.022881385,-0.0018545807,0.0,0.0,-0.17071505,-0.39056557,-0.003172952,-0.005869464,0.0,-5.9574144e-05,-0.000102375736,-0.018693134,-0.050649013,-2.64441e-05,0.0053630853,0.0003826445,-0.0007186803,0.0017612072,0.0,0.008320143,-0.001676883,-0.0015734943,-0.0018466422,-0.04785832,-0.0035538897
988,-0.00036481774,0.0,-0.00043736555,0.0019383557,0.00045964296,-0.0024328914,0.006825312,-0.0048472737,0.021933625,-0.00094848796,0.0001492801,-1.7086602e-05,0.0,0.0,0.0,-0.0029003767,0.005672957,-0.00010618098,0.0,-0.0012366981,0.0027645868,0.00024205932,-0.00012462793,-0.19962743,0.013939973,-0.0016298512,-0.0007841112,-0.0010661529,-0.00662882,0.00068117527,0.0004001735,0.00016566459,0.0025634265,-0.02838337,-0.0056440495,0.00063123147,-0.20057414,-0.05854176,-0.022881385,-0.0018545807,0.0,0.0,-0.17061482,-0.39076763,-0.003172952,-0.005869464,0.0,-5.9574144e-05,3.3630393e-05,-0.018817829,-0.049837068,-2.64441e-05,0.0053630853,0.0003826445,-0.0007186803,0.0017612072,0.0,0.00842038,-0.001676883,-0.0015734943,-0.0020471164,-0.047674257,-0.0035538897
989,-0.00036481774,0.0,-0.00043736555,0.0013879723,0.00045964296,-0.0024328914,0.006800158,0.0004976122,0.021933625,-0.00094848796,0.0001492801,-1.7086602e-05,0.0,0.0,0.0,5.8168927e-05,0.005672957,-0.00010618098,0.0,-0.0012366981,0.0027645868,-7.3305036e-06,-0.00012462793,-0.19962743,0.014892341,-0.0010697764,-0.0007841112,-0.0010661529,-0.00662882,0.00068117527,0.000202795,0.00016566459,-8.170852e-05,-0.028700747,-0.0056440495,0.00063123147,-0.20052364,-0.058356233,-0.022881385,-0.0018545807,0.0,0.0,-0.17113176,-0.39831388,-0.003172952,-0.005869464,0.0,-5.9574144e-05,-0.000102375736,-0.018572748,-0.05097496,-2.64441e-05,0.0053630853,0.0003826445,-0.0007186803,0.0017612072,0.0,0.00842038,-0.001676883,-0.0015734943,-0.0020471164,-0.044649303,-0.0035538897
990,-0.00036481774,0.0,-0.00043736555,0.0013879723,0.00045964296,-0.0024328914,0.007036155,-0.0048472737,0.021933625,-0.00094848796,0.0001492801,0.00017402662,0.0,0.0,0.0,5.8168927e-05,0.005672957,-0.00010618098,0.0,-0.0012366981,0.0027645868,0.00024205932,-0.00012462793,-0.20453742,0.014990918,-0.0016298512,-0.0007841112,-0.0007300108,-0.00662882,0.00068117527,0.0004001735,0.00016566459,0.0025634265,-0.028223142,-0.0056440495,0.00063123147,-0.20057414,-0.058356233,-0.022881385,-0.0018545807,0.0,0.0,-0.17099133,-0.39315155,-0.003172952,-0.005869464,0.0,-5.9574144e-05,-0.000102375736,-0.018796133,-0.05097496,-2.64441e-05,0.0053630853,0.0003826445,-0.0007186803,0.0017612072,0.0,0.012800084,-0.001676883,-0.0015734943,-0.0020471164,-0.047674257,-0.0035538897
991,-0.00036481774,0.0,0.0022524595,0.0013879723,0.00045964296,-0.0024328914,0.006825312,2.5617685e-05,0.021933625,-0.00094848796,0.0001492801,0.00017402662,0.0,0.0,0.0,5.8168927e-05,0.005672957,-0.00010618098,0.0,-0.0012366981,0.0027645868,0.00024205932,-0.00012462793,-0.20291074,0.014990918,-0.0010697764,-0.0007841112,-0.0007300108,-0.00662882,0.00068117527,0.0004001735,0.00016566459,-8.170852e-05,-0.028700747,-0.0056440495,0.00063123147,-0.20072384,-0.058356233,-0.022881385,-0.0018545807,0.0,0.0,-0.17103398,-0.39848676,-0.003172952,-0.005869464,0.0,-5.9574144e-05,-0.000102375736,-0.018542634,-0.051786903,-2.64441e-05,0.0053630853,0.0003826445,-0.0007186803,0.0017612072,0.0,0.009445225,-0.001676883,-0.0015734943,-0.0020471164,-0.044649303,-0.0035538897
992,-0.00036481774,0.0,-0.00043736555,0.0013879723,0.00045964296,-0.0024328914,0.006800158,0.0004976122,0.021933625,-0.00094848796,0.0001492801,-1.7086602e-05,0.0,0.0,0.0,5.8168927e-05,0.005672957,-0.00010618098,0.0,-0.0012366981,0.0027645868,0.00024205932,-0.00012462793,-0.20357578,0.014038551,-0.0010697764,-0.0007841112,-0.0007300108,-0.00662882,0.00068117527,0.0004001735,0.00016566459,-8.170852e-05,-0.028700747,-0.0056440495,0.00063123147,-0.20072384,-0.05854176,-0.022881385,-0.0018545807,0.0,0.0,-0.17113176,-0.39848676,-0.003172952,-0.005869464,0.0,-5.9574144e-05,-0.000102375736,-0.018796133,-0.050649013,-2.64441e-05,0.0053630853,0.0003826445,-0.0007186803,0.0017612072,0.0,0.012895642,-0.001676883,-0.0015734943,-0.0020471164,-0.044649303,-0.0035538897
993,-0.00036481774,0.0,0.0022524595,0.0013879723,0.00045964296,-0.0024328914,0.006800158,0.0004976122,0.021933625,-0.00094848796,0.0001492801,0.00017402662,0.0,0.0,0.0,5.8168927e-05,0.005672957,-0.00010618098,0.0,-0.0012366981,0.0027645868,-7.3305036e-06,-0.00012462793,-0.20291074,0.014990918,-0.0010697764,-0.0007841112,-0.0007300108,-0.00662882,0.00068117527,0.000202795,0.00016566459,-8.170852e-05,-0.028700747,-0.0056440495,0.00063123147,-0.20067334,-0.058356233,-0.022881385,-0.0018545807,0.0,0.0,-0.17122732,-0.39831388,-0.003172952,-0.005869464,0.0,-5.9574144e-05,-0.000102375736,-0.018572748,-0.051786903,-2.64441e-05,0.0053630853,0.0003826445,-0.0007186803,0.0017612072,0.0,0.009445225,-0.001676883,-0.0015734943,-0.0020471164,-0.044649303,-0.0035538897
994,-0.00036481774,0.0,-0.00043736555,0.0019383557,0.00045964296,-0.0024328914,0.006825312,2.5617685e-05,0.021933625,-0.00094848796,0.0001492801,0.00017402662,0.0,0.0,0.0,5.8168927e-05,0.005672957,-0.00010618098,0.0,-0.0012366981,0.0027645868,0.00012323525,-0.00012462793,-0.20357578,0.014038551,-0.0010697764,-0.0007841112,-0.0007300108,-0.00662882,0.00068117527,0.000202795,0.00016566459,-8.170852e-05,-0.028855458,-0.0056440495,-0.0006745928,-0.20067334,-0.05854176,-0.022881385,-0.0018545807,0.0,0.0,-0.17117925,-0.398703,-0.003172952,-0.005869464,0.0,-5.9574144e-05,-0.000102375736,-0.018594444,-0.050649013,-2.64441e-05,0.0053630853,0.0003826445,-0.0007186803,0.0017612072,0.0,0.012800084,-0.001676883,-0.0015734943,-0.0020471164,-0.043060105,-0.0035538897
995,-0.00036481774,0.0,-0.00043736555,0.0019383557,0.00045964296,-0.0024328914,-0.07293713,0.001958119,0.020732218,-0.00094848796,0.0001492801,0.00017402662,0.0,0.0,0.0,5.8168927e-05,0.005352405,-0.00010618098,0.0,-0.0012366981,0.0027645868,-7.3305036e-06,-0.00012462793,-0.19335657,0.014038551,-0.0016298512,-0.0007841112,-0.0007300108,-0.00662882,0.00068117527,0.0004001735,0.00016566459,-8.170852e-05,-0.029381795,-0.0056440495,0.0007401777,-0.19070902,-0.044649184,-0.022881385,-0.0018545807,0.0,0.0,-0.15161295,-0.37611425,-0.003172952,-0.005869464,0.0,-5.9574144e-05,3.3630393e-05,-0.019393846,-0.049837068,-2.64441e-05,0.0053630853,0.0003826445,-0.0007186803,0.0017612072,0.0,0.011927792,0.00050287833,-0.0015734943,-0.0018466422,-0.04322617,-0.002318735
996,-0.00036481774,0.0,-0.00043736555,0.0013879723,0.00045964296,-0.0024328914,0.007036155,2.5617685e-05,0.021933625,-0.00094848796,0.0001492801,0.00017402662,0.0,0.0,0.0,5.8168927e-05,0.005672957,-0.00010618098,0.0,-0.0012366981,0.0027645868,0.00024205932,-0.00012462793,-0.20453742,0.014990918,-0.0010697764,-0.0007841112,-0.0007300108,-0.00662882,0.00068117527,0.0004001735,0.00016566459,-8.170852e-05,-0.028700747,-0.0056440495,0.00063123147,-0.20057414,-0.058356233,-0.022881385,-0.0018545807,0.0,0.0,-0.17099133,-0.39848676,-0.003172952,-0.005869464,0.0,-5.9574144e-05,-0.000102375736,-0.018796133,-0.05097496,-2.64441e-05,0.0053630853,0.0003826445,-0.0007186803,0.0017612072,0.0,0.012800084,-0.001676883,-0.0015734943,-0.0020471164,-0.044649303,-0.0035538897
997,-0.00036481774,0.0,-0.00043736555,0.0013879723,0.00045964296,-0.0024328914,-0.07444671,-0.00025944278,0.020732218,-0.00094848796,0.0001492801,0.00017402662,0.0,0.0,0.0,5.8168927e-05,0.005352405,-0.00010618098,0.0,-0.0012366981,0.0027645868,0.00024205932,-0.00012462793,-0.19335657,0.014038551,-0.0010697764,-0.0007841112,-0.0007300108,-0.00662882,0.00068117527,0.0004001735,0.00016566459,-8.170852e-05,-0.027290795,-0.0056440495,0.00063123147,-0.19070902,-0.044649184,-0.022881385,-0.0018545807,0.0,0.0,-0.14764033,-0.3762817,-0.003172952,-0.005869464,0.0,-5.9574144e-05,-0.000102375736,-0.019243347,-0.049837068,-2.64441e-05,0.0053630853,0.0003826445,-0.0007186803,0.0017612072,0.0,0.012028026,-0.001676883,-0.0015734943,-0.0020471164,-0.043279823,-0.002318735
998,-0.00036481774,0.0,-0.00043736555,0.0013879723,0.00045964296,-0.0024328914,0.012463262,-0.005005564,0.021933625,-0.00094848796,0.0001492801,0.00017402662,0.0,0.0,0.0,-0.0029003767,0.005672957,-0.00010618098,0.0,-0.0012366981,0.0027645868,0.00024205932,-0.00012462793,-0.20334195,0.015239116,-0.0010697764,-0.0007841112,-0.0007300108,-0.00662882,0.00068117527,0.0004001735,0.00016566459,-8.170852e-05,-0.034136094,-0.0056440495,0.00063123147,-0.20075254,-0.058356233,-0.022881385,-0.0018545807,0.0,0.0,-0.17020608,-0.39066637,-0.003172952,-0.005869464,0.0,-5.9574144e-05,3.3630393e-05,-0.019057656,-0.052822627,-2.64441e-05,0.0053630853,0.0003826445,-0.0007186803,0.0017612072,0.0,0.012699848,-0.001676883,-0.0015734943,-0.0018466422,-0.044649303,-0.0035538897
999,-0.00036481774,0.0,-0.00043736555,0.0019383557,0.00045964296,-0.0024328914,0.007036155,-0.0048472737,0.021933625,-0.00094848796,0.0001492801,0.00017402662,0.0,0.0,0.0,-0.0029003767,0.005672957,-0.00010618098,0.0,-0.0012366981,0.0027645868,0.00024205932,-0.00012462793,-0.19962743,0.014892341,-0.0016298512,-0.0007841112,-0.0010661529,-0.00662882,0.00068117527,0.0004001735,0.00016566459,0.0025634265,-0.028223142,-0.0056440495,0.00063123147,-0.20057414,-0.058356233,-0.022881385,-0.0018545807,0.0,0.0,-0.17076795,-0.39079183,-0.003172952,-0.005869464,0.0,-5.9574144e-05,-0.000102375736,-0.019071324,-0.05097496,-2.64441e-05,0.0053630853,0.0003826445,-0.0007186803,0.0017612072,0.0,0.008224586,-0.001676883,-0.0015734943,-0.0018466422,-0.047674257,-0.0035538897
1000,-0.00071154186,0.0,-0.00043736555,0.0016347436,0.00045964296,-0.0024328914,0.005539909,-0.0038096267,-0.04816885,-0.0035073415,0.0001492801,0.0011245208,0.0,0.0,0.0,-0.0029003767,-0.014533407,0.0004158025,0.0,0.00077767106,0.0027645868,-7.3305036e-06,0.0010361107,-0.12604083,0.012268975,-0.0016298512,-0.0007841112,-0.0012661478,-0.0058186366,0.00068117527,0.00032060992,-0.002094862,0.0025634265,-0.03162698,-0.003176902,0.00063123147,-0.16191225,-0.039984945,-0.023152402,-0.00095420436,0.0,0.0,-0.14554098,-0.3186451,0.01589618,-0.003557119,0.0,-0.0023439266,3.3630393e-05,-0.016327623,-0.03460371,-0.000169137,0.0053630853,0.0003826445,0.0025693276,0.0017612072,0.0,-0.14791133,0.0020500766,-0.00040820174,-0.0008451531,-0.054173358,-0.0013835803
1001,-0.00071154186,0.0,-0.00043736555,0.0016347436,0.00045964296,-0.0024328914,0.005539909,-0.0038096267,-0.04816885,-0.0035073415,0.0001492801,0.0011245208,0.0,0.0,0.0,-0.0029003767,-0.014533407,0.0004158025,0.0,0.00077767106,0.0027645868,0.00012323525,0.0010361107,-0.12604083,0.012268975,-0.0016298512,-0.0007841112,-0.0012661478,-0.0058186366,0.00068117527,0.00012323141,-0.002094862,0.0025634265,-0.031781692,-0.003176902,0.00063123147,-0.16186175,-0.039984945,-0.023152402,-0.00095420436,0.0,0.0,-0.14554098,-0.31854925,0.01589618,-0.003557119,0.0,-0.0023439266,3.3630393e-05,-0.016228935,-0.03460371,-0.000169137,0.0053630853,0.0003826445,0.002696652,0.0017612072,0.0,-0.14791133,0.0020500766,-0.00040820174,-0.0008451531,-0.05432419,-0.0013835803
1002,-0.00071154186,0.0,-0.00043736555,0.0016347436,0.00045964296,-0.0024328914,-0.052671015,-0.0040946873,-0.073232226,-0.0035073415,0.0001492801,0.0011245208,0.0,0.0,0.0,-0.0029003767,-0.01724506,7.780861e-05,0.0,0.00077767106,0.0027645868,0.00012323525,0.0010361107,-0.10683651,-0.1897524,-0.0016298512,-0.0007841112,-0.0012661478,-0.0058186366,0.00068117527,0.00032060992,-0.002094862,0.0025634265,-0.030371742,-0.003176902,0.00063123147,-0.106295094,-0.03138413,-0.017570267,-0.00095420436,0.0,0.0,-0.095188975,-0.21861093,0.01589618,-0.003557119,0.0,-0.0023439266,3.3630393e-05,-0.016625164,-0.03346582,-0.000169137,0.0053630853,0.0003826445,0.002696652,0.0017612072,0.0,-0.10347884,0.0020500766,-0.00040820174,-0.0008451531,-0.05295471,-0.00014842558
1003,-0.00071154186,0.0,-0.00043736555,0.0019383557,0.00045964296,-0.0024328914,-0.052671015,-0.0040946873,-0.05912511,-0.0035073415,0.0001492801,0.0011245208,0.0,0.0,0.0,-0.0029003767,-0.01724506,7.780861e-05,0.0,0.00077767106,0.0027645868,0.00012323525,-0.00012462793,-0.10683651,-0.1897524,-0.0010697764,-0.0007841112,-0.0012661478,-0.0058186366,0.00068117527,0.00032060992,-0.0024865274,0.0025634265,-0.031048844,-0.003176902,0.00063123147,-0.10757652,-0.03121619,-0.017421601,-0.00095420436,0.0,0.0,-0.09681415,-0.22067373,0.01589618,-0.003557119,0.0,-0.0023439266,3.3630393e-05,-0.01954699,-0.034307383,-0.000169137,0.0053630853,0.0003826445,0.0025693276,0.0017612072,0.0,-0.10748707,0.0020500766,-0.00040820174,-0.0008451531,-0.05314427,-0.00014842558
1004,-0.00071154186,0.0,-0.00043736555,0.0016347436,0.00045964296,-0.0024328914,-0.06101219,-0.0040946873,-0.037513446,-0.0035073415,0.0001492801,0.0011245208,0.0,0.0,0.0,-0.0029003767,-0.009838608,0.0004158025,0.0,0.00077767106,0.0027645868,0.00012323525,-0.00012462793,-0.11018655,-0.19356301,-0.0016298512,-0.0007841112,0.01867286,-0.0058186366,0.00068117527,0.00012323141,-0.002094862,0.0025634265,-0.030112049,-0.003176902,0.00063123147,-0.10922663,-0.031054858,-0.017421601,-0.00095420436,0.0,0.0,-0.10433425,-0.2287875,0.01589618,-0.003557119,0.0,-0.0023439266,3.3630393e-05,-0.019644132,-0.03346582,-0.000169137,0.0053630853,0.0003826445,0.002696652,0.0017612072,0.0,-0.10528235,0.0020500766,-0.00040820174,-0.0008451531,-0.055442404,-0.00014842558
1005,0.00307001,0.0,0.0011307407,-0.005506782,0.0035988744,-0.0005764565,0.017208656,0.0008547115,-0.12895237,-0.014807757,-0.0013338625,0.005784035,0.0,0.0,0.0,-0.003933706,-0.04161522,0.003513587,0.0,0.000813175,0.010697728,0.00017156439,-0.0002284393,0.13588493,0.032921936,-0.00057398435,0.00014364651,-0.0033326228,0.00242118,0.0025939085,1.1022079e-05,0.0001989474,-0.00010926255,0.023412904,-0.0016743708,-0.00023897382,0.17913537,0.038685106,-0.02509716,-0.00038815362,0.0,0.0,0.16057138,0.3196547,0.0073601436,0.0081426,0.0,-0.004688138,1.8426988e-05,-0.080465615,-0.012795039,-0.00073358836,-0.032116354,0.0023351966,0.0036097807,-0.008249152,0.0,-0.48739555,0.008995054,0.00015377722,-0.0011075733,0.01589171,-0.0013428227
1006,0.00307001,0.0,0.0011307407,-0.005506782,0.0035988744,-0.0005764565,0.017208656,0.0008547115,-0.12723133,-0.014807757,-0.0013338625,0.005784035,0.0,0.0,0.0,-0.003933706,-0.040885266,0.003513587,0.0,0.000813175,0.010697728,0.00017156439,-0.0002284393,0.13588493,0.033433165,-0.00057398435,0.00014364651,-0.0033326228,0.00242118,0.0025939085,1.1022079e-05,0.0002844036,-0.00010926255,0.023412904,-0.0016743708,-0.00023897382,0.1872317,0.04241351,-0.02509716,-0.00038815362,0.0,0.0,0.16057138,0.32625198,0.0073601436,-0.004558826,0.0,-0.004688138,1.8426988e-05,-0.07170425,-0.013228723,-0.00073358836,-0.032116354,0.0023351966,0.003540569,0.008281928,0.0,-0.48739555,0.008995054,6.4134074e-05,-0.0011075733,0.015883587,-0.0013428227
1007,0.00307001,0.0,0.0011307407,-0.005506782,0.0035988744,-0.0005764565,0.017320784,0.0008547115,-0.12723133,-0.014807757,0.00048810444,0.005784035,0.0,0.0,0.0,-0.003933706,-0.040885266,0.003513587,0.0,0.000813175,0.010697728,0.00017156439,-0.0002284393,0.13726677,0.033433165,-0.00057398435,0.00014364651,-0.0033326228,0.00242118,0.0025939085,1.1022079e-05,0.0002844036,-0.00010926255,0.023412904,-0.0016743708,-0.00023897382,0.1872317,0.04241351,-0.02509716,-0.00038815362,0.0,0.0,0.15731148,0.32621735,0.0073601436,-0.004558826,0.0,-0.004688138,1.8426988e-05,-0.07176031,-0.013228723,-0.00073358836,-0.032116354,0.0023351966,0.0036097807,0.008281928,0.0,-0.48739555,0.008995054,6.4134074e-05,-0.0011075733,0.015848981,-0.0013428227
1008,0.00307001,0.0,0.0011307407,-0.005506782,0.0035988744,-0.0005764565,0.017320784,0.0008547115,-0.12723133,-0.014807757,-0.0013338625,0.005784035,0.0,0.0,0.0,-0.003933706,-0.040885266,0.003513587,0.0,0.000813175,0.010697728,0.00017156439,-0.00027172227,0.13588493,0.034054868,-0.00057398435,0.00014364651,-0.0033326228,0.00242118,0.0025939085,1.1022079e-05,0.0002844036,-0.00010926255,0.028533971,-0.0016743708,-0.00023897382,0.17913537,0.04241351,-0.0023919235,-0.00038815362,0.0,0.0,0.16051532,0.3257917,0.0029716336,-0.004558826,0.0,-0.004688138,1.8426988e-05,-0.07894356,-0.013228723,-0.00073358836,-0.032116354,0.0023351966,0.003540569,-0.008249152,0.0,-0.48739555,0.008995054,6.4134074e-05,-0.0011075733,0.015883587,-0.0013428227
1009,0.00307001,0.0,0.0011307407,0.012304346,0.0035988744,-0.0005764565,0.017320784,0.0008547115,-0.12723133,-0.014807757,0.00048810444,0.005784035,0.0,0.0,0.0,-0.003933706,-0.040885266,0.003513587,0.0,0.000813175,0.010697728,-0.0015813233,-0.0002284393,0.13726677,0.033433165,-0.00057398435,0.00014364651,-0.0033326228,0.00242118,0.0025939085,1.1022079e-05,0.0001989474,-0.00010926255,0.023412904,-0.0016743708,-0.00023897382,0.19406135,0.04241351,-0.02509716,-0.00038815362,0.0,0.0,0.15731148,0.3413177,0.0073601436,-0.004558826,0.0,-0.004688138,1.8426988e-05,-0.04817203,-0.013228723,-0.00073358836,-0.0073805093,0.0023351966,0.0036097807,0.008281928,0.0,-0.48739555,0.008995054,6.4134074e-05,-0.0011075733,0.01589171,-0.0013428227
1010,-0.00041512825,0.0,-0.00043736555,0.0026488937,0.00045964296,-0.0005878034,0.0044404157,-0.0038096267,-0.04816885,-0.0035073415,0.0001492801,0.0011245208,0.0,0.0,0.0,-0.0029003767,-0.014533407,0.0004158025,0.0,0.0028339603,0.0027645868,-0.0016296525,-0.00012462793,-0.11992656,0.012268975,-0.0013676862,-0.0007841112,-0.0018472747,-0.0020749695,0.00068117527,0.00012323141,-0.0023617852,-0.0003888607,0.07418899,-0.003176902,-0.0014931285,-0.1501407,-0.034624394,-0.021330269,-0.00095420436,0.0,0.0,-0.12708625,-0.2793817,0.014943388,-0.003557119,0.0,-0.0023439266,3.3630393e-05,-0.014938666,-0.035326,-0.000169137,0.0073596933,0.0021184068,0.012199596,0.0017612072,0.0,-0.1489079,0.0032734259,-0.00040820174,-0.0015737796,0.06946843,-0.0013835803
1011,-0.00071154186,0.0,-0.00043736555,0.0016347436,0.00045964296,-0.0024328914,0.005329066,-0.0038096267,-0.04816885,-0.0035073415,0.0001492801,0.0011245208,0.0,0.0,0.0,-0.0029003767,-0.014533407,0.0004158025,0.0,0.00077767106,0.0027645868,-0.0016296525,-0.00012462793,-0.12604083,0.011316608,-0.0016298512,-0.0007841112,-0.0012661478,-0.0058186366,0.00068117527,0.00012323141,-0.002094862,0.0025634265,-0.031781692,-0.003176902,0.00063123147,-0.16186175,-0.040030558,-0.023003737,-0.00095420436,0.0,0.0,-0.14328979,-0.31650457,0.01589618,-0.003557119,0.0,-0.0023439266,3.3630393e-05,-0.0153950695,-0.03346582,-0.000169137,0.0053630853,0.0003826445,0.002696652,0.0017612072,0.0,-0.1489079,0.0020500766,-0.00040820174,-0.0021424298,-0.05432419,-0.0013835803
1012,-0.0003387618,0.0,0.0022524595,0.00808316,0.0005348107,-0.0005878034,0.009237741,0.0008005295,-0.046263073,-0.0055049313,7.8600875e-05,0.005784035,0.0,0.0,0.0,-0.003933706,-0.024263775,0.0004158025,0.0,0.0028339603,0.005150173,0.00022003135,-0.00012462793,-0.11852045,0.014873164,-0.0013676862,0.00027128475,-0.002723583,-0.002008541,0.00068117527,0.00012323141,-0.0023617852,-0.0003888607,0.07144246,-0.0036287187,-0.0019030209,-0.14992356,-0.03449521,-0.021330269,-0.00095420436,0.0,0.0,0.17260239,-0.28134495,0.012962809,-0.003557119,0.0,-0.0020063743,3.3630393e-05,-0.010901055,-0.030787047,-0.000169137,0.0073596933,0.0023351966,0.012199596,0.0017612072,0.0,-0.1997778,0.008995054,-0.00040820174,-0.0020300585,0.06611349,-0.0013835803
1013,-0.00041512825,0.0,0.0022524595,0.007899133,0.00045964296,-0.0005878034,0.0048970645,-0.0038096267,-0.047573637,-0.0055049313,0.0001492801,0.0011245208,0.0,0.0,0.0,-0.0029003767,-0.024930554,0.0004158025,0.0,0.0028339603,0.0027645868,0.00022003135,-0.00012462793,-0.12051073,0.01292428,-0.0013676862,0.00027128475,-0.002723583,-0.0020749695,0.00068117527,0.00012323141,1.1894521e-05,-0.0003888607,0.07418899,-0.0044494383,-0.0019030209,-0.14986119,-0.034624394,-0.021330269,-0.00095420436,0.0,0.0,-0.06033295,-0.28113458,0.014943388,-0.003557119,0.0,-0.0020063743,3.3630393e-05,-0.017654244,-0.03346538,-0.000169137,0.0073596933,0.0023351966,0.012199596,0.0017612072,0.0,-0.16334641,0.0032734259,-0.00040820174,-0.0015737796,0.06946843,-0.0013835803
1014,-0.00041512825,0.0,-0.00043736555,0.0026488937,0.00045964296,-0.0005878034,0.0044404157,-0.0038096267,-0.04816885,-0.0035073415,0.0001492801,0.0011245208,0.0,0.0,0.0,-0.0029003767,-0.014533407,0.0004158025,0.0,0.0028339603,0.0027645868,0.00012323525,-0.00012462793,-0.11992656,0.012268975,-0.0013676862,-0.0007841112,-0.0018472747,-0.0020749695,0.00068117527,0.00012323141,-0.0023617852,-0.0003888607,0.07418899,-0.003176902,-0.0014931285,-0.1501407,-0.034624394,-0.021330269,-0.00095420436,0.0,0.0,-0.12938009,-0.27964032,0.014943388,-0.003557119,0.0,-0.0023439266,3.3630393e-05,-0.014986414,-0.036167566,-0.000169137,0.0053630853,0.0021184068,0.012199596,0.0017612072,0.0,-0.14856403,0.0032734259,-0.00040820174,-0.00027650304,0.071512796,-0.0013835803
1015,-0.00041512825,0.0,-0.00043736555,0.0031992774,0.00045964296,-0.0005878034,0.0046512587,-0.0038096267,-0.04816885,-0.0035073415,0.0001492801,0.0011245208,0.0,0.0,0.0,-0.0029003767,-0.014533407,0.0004158025,0.0,0.0028339603,0.0027645868,-0.0016296525,-0.00012462793,-0.11992656,0.012268975,-0.0013676862,-0.0007841112,-0.0018472747,-0.0020749695,0.00068117527,0.00097600615,-0.002094862,0.012199657,0.07418899,-0.003176902,-0.0014931285,-0.1501407,-0.034624394,-0.023003737,-0.00095420436,0.0,0.0,-0.14024727,-0.27561533,0.014943388,-0.003557119,0.0,-0.0023439266,3.3630393e-05,-0.015648566,-0.03665185,-0.000169137,0.0053630853,0.0003826445,0.012199596,0.0017612072,0.0,-0.14789392,0.0032734259,-0.00040820174,-0.00027650304,0.07824715,-0.0013835803
1016,-0.00041512825,0.0,-0.00043736555,0.0031992774,0.00045964296,-0.0023874808,0.0040518367,-0.0038096267,-0.04816885,-0.0035073415,0.0001492801,0.0011245208,0.0,0.0,0.0,-0.0029003767,-0.014533407,0.0004158025,0.0,0.0028339603,0.0027645868,0.00012323525,-0.00012462793,-0.120315135,0.012268975,-0.0013676862,-0.0007841112,-0.0018472747,-0.0020749695,0.00068117527,0.00012323141,-0.002094862,0.012199657,0.07418899,-0.003176902,-0.0014931285,-0.1501407,-0.034624394,-0.023003737,-0.00095420436,0.0,0.0,-0.14028992,-0.27584535,0.014943388,-0.003557119,0.0,-0.0023439266,3.3630393e-05,-0.0153950695,-0.03665185,-0.000169137,0.0053630853,0.0003826445,0.012199596,0.0017612072,0.0,-0.14856403,0.0032734259,-0.00040820174,-0.00027650304,0.08082399,-0.0013835803
1017,-0.00071154186,0.0,-0.00043736555,0.0016347436,0.00045964296,-0.0024328914,0.0046855444,-0.0038096267,-0.05333175,-0.0035073415,0.0001492801,0.0011245208,0.0,0.0,0.0,-0.0029003767,-0.014533407,0.0004158025,0.0,0.00077767106,0.0027645868,0.00024205932,0.0010361107,-0.12880889,0.011316608,-0.0016298512,-0.0007841112,-0.0012661478,-0.0058186366,0.00068117527,0.00032060992,-0.002094862,0.0025634265,-0.03162698,-0.003176902,0.00063123147,-0.15650117,-0.043461762,-0.023152402,-0.00095420436,0.0,0.0,-0.14558363,-0.317252,0.01589618,-0.003557119,0.0,-0.0023439266,3.3630393e-05,-0.016198821,-0.034307383,0.0016951123,0.0053630853,0.0003826445,0.002696652,0.0017612072,0.0,-0.14534307,0.0020500766,-0.00040820174,-0.0008451531,-0.05295471,-0.0013835803
1018,-0.00041512825,0.0,-0.00043736555,0.0031992774,0.00045964296,-0.0005878034,0.0044404157,-0.0038096267,-0.04816885,-0.0035073415,0.0001492801,0.0011245208,0.0,0.0,0.0,-0.0029003767,-0.014533407,0.0004158025,0.0,0.0028339603,0.0027645868,-0.0016296525,-0.00012462793,-0.11992656,0.011316608,-0.0013676862,-0.0007841112,-0.0018472747,-0.0020749695,0.00068117527,0.00012323141,-0.002094862,0.012199657,0.07418899,-0.003176902,-0.0014931285,-0.1501407,-0.03480992,-0.023003737,-0.00095420436,0.0,0.0,-0.13799608,-0.27558672,0.014943388,-0.003557119,0.0,-0.0023439266,3.3630393e-05,-0.0153950695,-0.034672394,-0.000169137,0.0053630853,0.0003826445,0.012199596,0.0017612072,0.0,-0.1489079,0.0032734259,-0.00040820174,-0.0015737796,0.07824715,-0.0013835803
1019,-0.00041512825,0.0,-0.00043736555,0.0031992774,0.00045964296,-0.0005878034,0.0044404157,-0.0038096267,-0.04816885,-0.0035073415,0.0001492801,0.0011245208,0.0,0.0,0.0,-0.0029003767,-0.014533407,0.0004158025,0.0,0.0028339603,0.0027645868,-0.0016296525,-0.00012462793,-0.11992656,0.012268975,-0.0013676862,-0.0007841112,-0.0018472747,-0.0020749695,0.00068117527,0.00012323141,-0.002094862,0.012199657,0.07418899,-0.003176902,-0.0014931285,-0.1501407,-0.034624394,-0.023003737,-0.00095420436,0.0,0.0,-0.13799608,-0.27409247,0.014943388,-0.003557119,0.0,-0.0023439266,3.3630393e-05,-0.0153950695,-0.03665185,-0.000169137,0.0053630853,0.0003826445,0.012199596,0.0017612072,0.0,-0.14956059,0.0032734259,-0.00040820174,-0.0015737796,0.07824715,-0.0013835803
1020,-0.00041512825,0.0,0.0022524595,0.0026488937,0.00045964296,-0.0005878034,0.0044404157,-0.0038096267,-0.04816885,-0.0035073415,0.0001492801,0.0011245208,0.0,0.0,0.0,-0.0029003767,-0.014533407,0.0004158025,0.0,0.0028339603,0.0027645868,-0.0047178506,-0.00012462793,-0.11926152,0.012268975,-0.0013676862,0.00027128475,-0.0018472747,-0.0020749695,0.00068117527,0.00097600615,-0.002094862,-0.0003888607,0.07418899,-0.0044494383,-0.0014931285,-0.14992356,-0.034624394,-0.021330269,-0.00095420436,0.0,0.0,-0.127836,-0.27954376,0.014943388,-0.003557119,0.0,-0.0023439266,3.3630393e-05,-0.013528028,-0.036167566,-0.000169137,0.0073596933,0.0021184068,0.012199596,0.0017612072,0.0,-0.15124878,0.0032734259,-0.00040820174,-0.00027650304,0.06946843,-0.0013835803
1021,-0.0003387618,0.0,0.0022524595,0.00808316,0.0005348107,-0.0005878034,0.009237741,0.0008005295,-0.046263073,-0.0055049313,7.8600875e-05,0.005784035,0.0,0.0,0.0,-0.003933706,-0.024263775,0.0004158025,0.0,0.0028339603,0.005150173,-0.007846581,-0.00012462793,-0.11852045,0.014873164,-0.0013676862,0.00027128475,-0.002723583,-0.002008541,0.00068117527,0.00012323141,-0.002094862,-0.0003888607,0.07144246,-0.0036287187,-0.0019030209,-0.14992356,-0.03449521,-0.021330269,-0.00095420436,0.0,0.0,0.17458493,-0.2757818,0.012962809,-0.003557119,0.0,-0.0020063743,3.3630393e-05,-0.004894414,-0.030787047,-0.000169137,0.0045637824,0.0023351966,0.012199596,0.0017612072,0.0,-0.19421901,0.008995054,-0.00040820174,0.0045177615,0.06611349,-0.0013835803
1022,-0.00041512825,0.0,0.0022524595,0.007899133,0.00045964296,-0.0005878034,0.0048970645,-0.0038096267,-0.047573637,-0.0055049313,0.0001492801,0.0011245208,0.0,0.0,0.0,-0.0029003767,-0.024930554,0.0004158025,0.0,0.0028339603,0.0027645868,-0.0015328564,-0.00012462793,-0.11926152,0.011971912,-0.0013676862,0.00027128475,-0.002723583,-0.0020749695,0.00068117527,0.00012323141,-0.0023617852,-0.0003888607,0.07418899,-0.0044494383,-0.0019030209,-0.14992356,-0.03480992,-0.021330269,-0.00095420436,0.0,0.0,-0.06033295,-0.275438,0.014943388,-0.003557119,0.0,-0.0020063743,3.3630393e-05,-0.01761519,-0.032327488,-0.000169137,0.0045637824,0.0023351966,0.012199596,0.0017612072,0.0,-0.16334641,0.0032734259,-0.00040820174,-0.0015737796,0.06946843,-0.0013835803
1023,-0.00041512825,0.0,0.0022524595,0.0026488937,0.00045964296,-0.0005878034,0.0046512587,-0.0038096267,-0.04816885,-0.0035073415,0.0001492801,0.0011245208,0.0,0.0,0.0,-0.0029003767,-0.014533407,0.0004158025,0.0,0.0028339603,0.0027645868,-0.0016296525,-0.00012462793,-0.11926152,0.012268975,-0.0013676862,0.00027128475,-0.0018472747,-0.0020749695,0.00068117527,0.00012323141,-0.0023617852,-0.0003888607,0.07418899,-0.0044494383,-0.0014931285,-0.14992356,-0.034624394,-0.021330269,-0.00095420436,0.0,0.0,-0.12933743,-0.27788743,0.014943388,-0.003557119,0.0,-0.0023439266,3.3630393e-05,-0.015192166,-0.036167566,-0.000169137,0.0073596933,0.0021184068,0.012199596,0.0017612072,0.0,-0.15191887,0.0032734259,-0.00040820174,-0.00027650304,0.06946843,-0.0013835803
1024,-0.00041512825,0.0,0.0022524595,0.007899133,0.00045964296,-0.0005878034,0.0051079066,-0.0038096267,-0.047573637,-0.0055049313,0.0001492801,0.0011245208,0.0,0.0,0.0,-0.0029003767,-0.024930554,0.0004158025,0.0,0.0028339603,0.0027645868,-0.0015328564,-0.00012462793,-0.11926152,0.01292428,-0.0013676862,0.00027128475,-0.002723583,-0.0020749695,0.00068117527,0.00012323141,-0.0023617852,-0.0003888607,0.07418899,-0.0044494383,-0.0019030209,-0.14992356,-0.034624394,-0.021330269,-0.00095420436,0.0,0.0,-0.06258414,-0.2793817,0.014943388,-0.003557119,0.0,-0.0020063743,3.3630393e-05,-0.0167209,-0.03346538,-0.000169137,0.0073596933,0.0023351966,0.012199596,0.0017612072,0.0,-0.16234985,0.0032734259,-0.00040820174,-0.00027650304,0.06946843,-0.0013835803
1025,-0.00071154186,0.0,-0.00043736555,0.0016347436,0.00045964296,-0.0024328914,-0.056471758,-0.0040946873,-0.045586433,-0.0035073415,0.0001492801,-0.00011040977,0.0,0.0,0.0,-0.0029003767,-0.013114323,0.0004158025,0.0,0.00077767106,0.0027645868,-7.3305036e-06,0.0010361107,-0.12590992,0.011316608,-0.0016298512,-0.0007841112,-0.0012661478,-0.0058186366,0.00068117527,0.00032060992,-0.002094862,0.0025634265,-0.03021703,-0.003176902,0.00063123147,-0.15435967,-0.0329163,-0.023152402,-0.00095420436,0.0,0.0,-0.12445934,-0.30419758,0.01589618,-0.003557119,0.0,-0.0023439266,3.3630393e-05,-0.016774837,-0.03346582,-0.000169137,0.0053630853,0.0003826445,0.002696652,0.0017612072,0.0,-0.14109457,0.0020500766,-0.00040820174,-0.0021424298,-0.05295471,-0.00014842558
1026,-0.00071154186,0.0,-0.00043736555,0.0013879723,0.00045964296,-0.0024328914,-0.057643116,-0.0040946873,-0.04078992,-0.0035073415,0.0001492801,0.0011245208,0.0,0.0,0.0,-0.0029003767,-0.01724506,0.0002777302,0.0,0.00077767106,0.0027645868,-7.3305036e-06,0.0010361107,-0.10683651,-0.19166726,-0.0016298512,0.00027128475,-0.0012661478,-0.0058186366,0.00068117527,0.00032060992,-0.002094862,-8.170852e-05,-0.030416531,-0.0044494383,0.00063123147,-0.107421756,-0.031166743,-0.017570267,-0.00095420436,0.0,0.0,-0.0984132,-0.23170726,0.01589618,-0.003557119,0.0,-0.0023439266,3.3630393e-05,-0.020000253,-0.03346582,-0.000169137,0.0073596933,0.0003826445,0.002696652,0.0017612072,0.0,-0.10834978,0.0020500766,-0.00040820174,-0.0008451531,-0.05194637,-0.00014842558
1027,-0.0006135241,0.0,-0.00043736555,0.0016347436,0.00045964296,-0.0024328914,0.011330944,-0.0038096267,0.013234023,-0.00094848796,0.0001492801,0.0011245208,0.0,0.0,0.0,-0.0029003767,0.005672957,-0.00010618098,0.0,0.00077767106,0.0027645868,0.00012323525,-0.00012462793,-0.18814898,0.012975426,-0.0010697764,-0.0007841112,-0.0012661478,-0.0058186366,0.00068117527,0.00012323141,1.1894521e-05,0.0025634265,-0.03772141,-0.0056440495,0.00063123147,-0.16072637,-0.042885453,-0.023003737,-0.00095420436,0.0,0.0,-0.14727029,-0.320569,0.01589618,-0.005869464,0.0,-0.0017187139,3.3630393e-05,-0.018985365,-0.042615585,0.0016951123,0.0053630853,0.0003826445,0.002696652,0.0017612072,0.0,-0.14953566,0.0020500766,-0.00040820174,-0.0021424298,-0.054508254,-0.0035538897
1028,-0.00071154186,0.0,-0.00043736555,0.0019383557,0.00045964296,-0.0024328914,-0.02614454,-0.0040946873,-0.048361283,-0.0035073415,0.0001492801,0.0011245208,0.0,0.0,0.0,-0.0029003767,-0.0146110235,0.0004158025,0.0,0.00077767106,0.0027645868,-7.3305036e-06,0.0010361107,-0.12880889,0.011316608,-0.0016298512,-0.0007841112,-0.0012661478,-0.0058186366,0.00068117527,0.00032060992,-0.002094862,-8.170852e-05,-0.030416531,-0.003176902,0.00063123147,-0.15435967,-0.040414244,-0.023152402,-0.00095420436,0.0,0.0,-0.13495034,-0.31436175,0.01589618,-0.003557119,0.0,-0.0023439266,3.3630393e-05,-0.016300693,-0.03346582,0.0016951123,0.0053630853,0.0003826445,0.002696652,0.0017612072,0.0,-0.14018318,0.0020500766,-0.00040820174,-0.0021424298,-0.049902014,-0.00014842558
1029,-0.00071154186,0.0,-0.00043736555,0.0013879723,0.00045964296,-0.0024328914,-0.052671015,-0.0040946873,-0.06593466,-0.0035073415,0.0001492801,-0.00011040977,0.0,0.0,0.0,-0.0029003767,-0.020678768,7.780861e-05,0.0,0.00077767106,0.0027645868,-7.3305036e-06,0.0010361107,-0.117079765,-0.15658766,-0.0016298512,0.00027128475,-0.0012661478,-0.0058186366,0.00068117527,0.00032060992,-0.002094862,-8.170852e-05,-0.030416531,-0.0044494383,0.00063123147,-0.11389227,-0.031356104,-0.0158968,-0.00095420436,0.0,0.0,-0.08372113,-0.22983533,0.01589618,-0.003557119,0.0,-0.0023439266,3.3630393e-05,-0.019502033,-0.032981537,-0.000169137,0.0073596933,0.0021184068,0.002696652,0.0017612072,0.0,-0.10778263,0.0020500766,-0.00040820174,-0.0008451531,-0.05194637,-0.00014842558
1030,-0.00041512825,0.0,0.0022524595,0.0026488937,0.00045964296,-0.0005878034,0.0044404157,-0.0038096267,-0.04816885,-0.0035073415,0.0001492801,0.0011245208,0.0,0.0,0.0,-0.0029003767,-0.014533407,0.0004158025,0.0,0.0028339603,0.0027645868,0.00012323525,-0.00012462793,-0.11926152,0.012268975,-0.0013676862,0.00027128475,-0.0018472747,-0.0020749695,0.00068117527,0.00012323141,-0.002094862,-0.0003888607,0.07418899,-0.0044494383,-0.0014931285,-0.14992356,-0.034624394,-0.021330269,-0.00095420436,0.0,0.0,-0.12938009,-0.27977377,0.014943388,-0.003557119,0.0,-0.0023439266,3.3630393e-05,-0.015072128,-0.036167566,-0.000169137,0.0073596933,0.0021184068,0.012199596,0.0017612072,0.0,-0.15191887,0.0032734259,-0.00040820174,-0.00027650304,0.06946843,-0.0013835803
1031,-0.00071154186,0.0,-0.00043736555,0.0016347436,0.00045964296,-0.0024328914,0.005539909,-0.0038096267,-0.04816885,-0.0035073415,0.0001492801,0.0011245208,0.0,0.0,0.0,-0.0029003767,-0.014533407,0.0004158025,0.0,0.00077767106,0.0027645868,-7.3305036e-06,-0.00012462793,-0.12729004,0.011316608,-0.0016298512,-0.0007841112,-0.0012661478,-0.0058186366,0.00068117527,0.00032060992,1.1894521e-05,0.0025634265,-0.03162698,-0.003176902,0.00063123147,-0.16184989,-0.040030558,-0.023003737,-0.00095420436,0.0,0.0,-0.14554098,-0.3182198,0.01589618,-0.003557119,0.0,-0.0023439266,3.3630393e-05,-0.016800635,-0.03346582,-0.000169137,0.0053630853,0.0003826445,0.0025693276,0.0017612072,0.0,-0.14791133,0.0020500766,-0.00040820174,-0.0008451531,-0.054173358,-0.0013835803
1032,-0.00071154186,0.0,-0.00043736555,0.0016347436,0.00045964296,-0.0024328914,0.005539909,-0.0038096267,-0.04816885,-0.0035073415,0.0001492801,0.0011245208,0.0,0.0,0.0,-0.0029003767,-0.014533407,0.0004158025,0.0,0.00077767106,0.0027645868,-7.3305036e-06,-0.00012462793,-0.12604083,0.011316608,-0.0016298512,-0.0007841112,-0.0012661478,-0.0058186366,0.00068117527,0.00032060992,-0.0023617852,0.0025634265,-0.03162698,-0.003176902,0.00063123147,-0.16191225,-0.040030558,-0.023003737,-0.00095420436,0.0,0.0,-0.14554098,-0.31819633,0.01589618,-0.003557119,0.0,-0.0023439266,3.3630393e-05,-0.015613796,-0.03346582,-0.000169137,0.0053630853,0.0003826445,0.002696652,0.0017612072,0.0,-0.14791133,0.0020500766,-0.00040820174,-0.0008451531,-0.05432419,-0.0013835803
1033,-0.00041512825,0.0,0.0022524595,0.0026488937,0.00045964296,-0.0005878034,0.0044404157,-0.0038096267,-0.04816885,-0.0035073415,0.0001492801,0.0011245208,0.0,0.0,0.0,-0.0029003767,-0.014533407,0.0004158025,0.0,0.0028339603,0.0027645868,-0.0016296525,-0.00012462793,-0.11926152,0.012268975,-0.0013676862,0.00027128475,-0.0018472747,-0.0020749695,0.00068117527,0.00012323141,-0.0023617852,-0.0003888607,0.07418899,-0.0044494383,-0.0014931285,-0.14992356,-0.034624394,-0.021330269,-0.00095420436,0.0,0.0,-0.12938009,-0.2793817,0.014943388,-0.003557119,0.0,-0.0023439266,3.3630393e-05,-0.014938666,-0.035326,-0.000169137,0.0073596933,0.0021184068,0.012199596,0.0017612072,0.0,-0.15126619,0.0032734259,-0.00040820174,-0.00027650304,0.06946843,-0.0013835803
1034,-0.00071154186,0.0,-0.00043736555,0.0016347436,0.0011349958,-0.0024328914,0.0038912152,-0.0038096267,-0.07920436,-0.0035073415,0.0001492801,0.0011245208,0.0,0.0,0.0,-0.0029003767,-0.025942186,7.780861e-05,0.0,0.00077767106,0.0027645868,-7.3305036e-06,-0.00012462793,-0.12880889,0.01108474,-0.0016298512,-0.0007841112,-0.0012661478,-0.0058186366,0.00068117527,0.00032060992,-0.002094862,0.0025634265,-0.03162698,-0.003176902,0.00063123147,-0.15650117,-0.044325538,-0.023003737,-0.00095420436,0.0,0.0,-0.13340421,-0.29305068,0.01589618,-0.003557119,0.0,-0.0023439266,3.3630393e-05,-0.015493758,-0.03346582,0.0016951123,0.0053630853,0.0003826445,0.002696652,0.0017612072,0.0,-0.14317498,0.0020500766,-0.00040820174,-0.0008451531,-0.05295471,-0.0013835803
1035,-0.00041512825,0.0,-0.00043736555,0.0031992774,0.00045964296,-0.0023874808,-0.01862305,-0.0040946873,-0.08933626,-0.0035073415,0.0001492801,0.0011245208,0.0,0.0,0.0,-0.0029003767,-0.024018375,7.780861e-05,0.0,0.0028339603,0.0027645868,0.00012323525,-0.00012462793,-0.12308319,0.01108474,-0.0013676862,-0.0007841112,-0.0018472747,-0.0020749695,0.00068117527,0.00012323141,-0.002094862,0.012199657,0.07559895,-0.003176902,-0.0014931285,-0.13960607,-0.03381587,-0.021330269,-0.00095420436,0.0,0.0,-0.113791786,-0.24317643,0.014943388,-0.003557119,0.0,-0.0023439266,3.3630393e-05,-0.011923609,-0.03418811,-0.000169137,0.0053630853,0.0021184068,0.012199596,0.0017612072,0.0,-0.13857536,0.0032734259,-0.00040820174,-0.0015737796,0.08219347,-0.00014842558
1036,-0.00041512825,0.0,-0.00043736555,0.0031992774,0.00045964296,-0.0005878034,0.0046512587,-0.0038096267,-0.04816885,-0.0035073415,0.0001492801,0.0011245208,0.0,0.0,0.0,-0.0029003767,-0.014533407,0.0004158025,0.0,0.0028339603,0.0027645868,0.00012323525,-0.00012462793,-0.11992656,0.012268975,-0.0013676862,-0.0007841112,-0.0018472747,-0.0020749695,0.00068117527,0.00012323141,-0.002094862,0.012199657,0.07418899,-0.003176902,-0.0014931285,-0.1501407,-0.034624394,-0.023003737,-0.00095420436,0.0,0.0,-0.13795343,-0.2773396,0.014943388,-0.003557119,0.0,-0.0023439266,3.3630393e-05,-0.015648566,-0.035810284,-0.000169137,0.0053630853,0.0003826445,0.012199596,0.0017612072,0.0,-0.1489079,0.0032734259,-0.00040820174,-0.0015737796,0.07824715,-0.0013835803
1037,-0.00041512825,0.0,-0.00043736555,0.0031992774,0.00045964296,-0.0005878034,0.0046512587,-0.0038096267,-0.04816885,-0.0035073415,0.0001492801,0.0011245208,0.0,0.0,0.0,-0.0029003767,-0.014533407,0.0004158025,0.0,0.0028339603,0.0027645868,-0.0016296525,-0.00012462793,-0.11992656,0.012268975,-0.0013676862,-0.0007841112,-0.0018472747,-0.0020749695,0.00068117527,0.00097600615,-0.002094862,0.012199657,0.07418899,-0.003176902,-0.0014931285,-0.1501407,-0.034624394,-0.023003737,-0.00095420436,0.0,0.0,-0.13795343,-0.27561533,0.014943388,-0.003557119,0.0,-0.0023439266,3.3630393e-05,-0.015648566,-0.03665185,-0.000169137,0.0053630853,0.0003826445,0.012199596,0.0017612072,0.0,-0.14889048,0.0032734259,-0.00040820174,-0.0015737796,0.07824715,-0.0013835803
1038,-0.00041512825,0.0,-0.00043736555,0.0026488937,0.00045964296,-0.0023874808,-0.06228942,-0.0040946873,-0.044323,-0.0035073415,0.0001492801,0.0011245208,0.0,0.0,0.0,-0.0029003767,-0.013272318,0.0004158025,0.0,0.0028339603,0.0027645868,-7.3305036e-06,-0.00012462793,-0.11135405,-0.16039827,-0.0013676862,-0.0007841112,-0.0018472747,-0.0020749695,0.00068117527,0.00032060992,-0.002094862,-0.0003888607,0.07575366,-0.003176902,-0.0014931285,-0.10402658,-0.025834225,-0.015748134,-0.00095420436,0.0,0.0,-0.081816114,-0.2028851,0.014943388,-0.003557119,0.0,-0.0023439266,3.3630393e-05,-0.018969411,-0.03418811,-0.000169137,0.0053630853,0.0021184068,0.012199596,0.0017612072,0.0,-0.109346345,0.0032734259,-0.00040820174,-0.0015737796,0.075459115,-0.00014842558
1039,-0.00041512825,0.0,-0.00043736555,0.0031992774,0.00045964296,-0.0005878034,0.0044404157,-0.0038096267,-0.04816885,-0.0035073415,0.0001492801,0.0011245208,0.0,0.0,0.0,-0.0029003767,-0.014533407,0.0004158025,0.0,0.0028339603,0.0027645868,0.00012323525,-0.00012462793,-0.11992656,0.011316608,-0.0013676862,-0.0007841112,-0.0018472747,-0.0020749695,0.00068117527,0.00012323141,-0.002094862,0.012199657,0.07418899,-0.003176902,-0.0014931285,-0.1501407,-0.03480992,-0.023003737,-0.00095420436,0.0,0.0,-0.13799608,-0.27584535,0.014943388,-0.003557119,0.0,-0.0023439266,3.3630393e-05,-0.0153950695,-0.035513956,-0.000169137,0.0053630853,0.0003826445,0.012199596,0.0017612072,0.0,-0.14956059,0.0032734259,-0.00040820174,-0.0015737796,0.07824715,-0.0013835803
1040,-0.00041512825,0.0,0.0022524595,0.007899133,0.00045964296,-0.0005878034,0.0048970645,-0.0038096267,-0.047573637,-0.0055049313,0.0001492801,0.0011245208,0.0,0.0,0.0,-0.0029003767,-0.024930554,0.0004158025,0.0,0.0028339603,0.0027645868,-0.0015328564,-0.00012462793,-0.11926152,0.01292428,-0.0013676862,0.00027128475,-0.002723583,-0.0020749695,0.00068117527,0.00097600615,-0.0024865274,-0.0003888607,0.07418899,-0.0044494383,-0.0019030209,-0.14986119,-0.034624394,-0.021330269,-0.00095420436,0.0,0.0,-0.062626794,-0.28090456,0.014943388,-0.003557119,0.0,-0.0020063743,3.3630393e-05,-0.016405031,-0.03346538,-0.000169137,0.0073596933,0.0023351966,0.012199596,0.0017612072,0.0,-0.16167976,0.0032734259,-0.00040820174,-0.00027650304,0.06946843,-0.0013835803
1041,-0.00071154186,0.0,-0.00043736555,0.0016347436,0.00045964296,-0.0024328914,0.005539909,-0.0038096267,-0.04816885,-0.0035073415,0.0001492801,0.0011245208,0.0,0.0,0.0,-0.0029003767,-0.014533407,0.0004158025,0.0,0.00077767106,0.0027645868,-7.3305036e-06,0.0010361107,-0.12604083,0.011316608,-0.0010697764,-0.0007841112,-0.0012661478,-0.0058186366,0.00068117527,0.00032060992,-0.002094862,0.0025634265,-0.03210459,-0.003176902,0.00063123147,-0.16191225,-0.043461762,-0.023152402,-0.00095420436,0.0,0.0,-0.14554098,-0.31851998,0.01589618,-0.003557119,0.0,-0.0023439266,3.3630393e-05,-0.016327623,-0.03346582,0.0016951123,0.0053630853,0.0003826445,0.002696652,0.0017612072,0.0,-0.14648429,0.0020500766,-0.00040820174,-0.0008451531,-0.054508254,-0.0013835803
1042,-0.00041512825,0.0,-0.00043736555,0.0026488937,0.00045964296,-0.0005878034,0.0046512587,-0.0038096267,-0.04816885,-0.0035073415,0.0001492801,0.0011245208,0.0,0.0,0.0,-0.0029003767,-0.014533407,0.0004158025,0.0,0.0028339603,0.0027645868,0.00012323525,-0.00012462793,-0.11992656,0.012268975,-0.0013676862,0.00027128475,-0.0018472747,-0.0020749695,0.00068117527,0.00012323141,-0.0023617852,-0.0003888607,0.07418899,-0.0044494383,-0.0014931285,-0.14992356,-0.034624394,-0.021330269,-0.00095420436,0.0,0.0,-0.12933743,-0.27964032,0.014943388,-0.003557119,0.0,-0.0023439266,3.3630393e-05,-0.015192166,-0.036167566,-0.000169137,0.0073596933,0.0021184068,0.012199596,0.0017612072,0.0,-0.14856403,0.0032734259,-0.00040820174,-0.00027650304,0.06946843,-0.0013835803
1043,-0.00041512825,0.0,0.0022524595,0.007899133,0.00045964296,-0.0005878034,0.0048970645,-0.0038096267,-0.047573637,-0.0055049313,0.0001492801,0.0011245208,0.0,0.0,0.0,-0.0029003767,-0.024930554,0.0004158025,0.0,0.0028339603,0.0027645868,-0.0015328564,-0.00012462793,-0.11926152,0.01292428,-0.0013676862,0.00027128475,-0.002723583,-0.0020749695,0.00068117527,0.00012323141,-0.0024865274,-0.0003888607,0.07418899,-0.0044494383,-0.0019030209,-0.14986119,-0.034624394,-0.021330269,-0.00095420436,0.0,0.0,-0.062626794,-0.2793817,0.014943388,-0.003557119,0.0,-0.0020063743,3.3630393e-05,-0.016405031,-0.03346538,-0.000169137,0.0073596933,0.0023351966,0.012199596,0.0017612072,0.0,-0.16234985,0.0032734259,-0.00040820174,-0.00027650304,0.06946843,-0.0013835803
1044,-0.00071154186,0.0,-0.00043736555,0.0016347436,0.00045964296,-0.0024328914,-0.06101219,-0.0040946873,-0.037513446,-0.0035073415,0.0001492801,0.0011245208,0.0,0.0,0.0,-0.0029003767,-0.009838608,0.0004158025,0.0,0.00077767106,0.0027645868,0.00012323525,0.0010361107,-0.10683651,-0.19356301,-0.0016298512,0.00027128475,-0.0012661478,-0.0058186366,0.00068117527,0.00032060992,-0.002094862,-8.170852e-05,-0.030371742,-0.0044494383,0.00063123147,-0.10905999,-0.034486063,-0.017570267,-0.00095420436,0.0,0.0,-0.100313485,-0.23400012,0.01589618,-0.003557119,0.0,-0.0023439266,3.3630393e-05,-0.020323193,-0.03346582,0.0016951123,0.0053630853,0.0003826445,0.002696652,0.0017612072,0.0,-0.10692274,0.0020500766,-0.00040820174,-0.0008451531,-0.04974569,-0.00014842558
1045,-0.00071154186,0.0,-0.00043736555,0.0016347436,0.00045964296,-0.0024328914,0.005539909,-0.0038096267,-0.04816885,-0.0035073415,0.0001492801,0.0011245208,0.0,0.0,0.0,-0.0029003767,-0.014533407,0.0004158025,0.0,0.00077767106,0.0027645868,0.00024205932,0.0010361107,-0.12604083,0.012268975,-0.0016298512,-0.0007841112,-0.0012661478,-0.0058186366,0.00068117527,0.00032060992,-0.002094862,0.0025634265,-0.03162698,-0.003176902,0.00063123147,-0.16191225,-0.043276235,-0.023152402,-0.00095420436,0.0,0.0,-0.14554098,-0.317252,0.01589618,-0.003557119,0.0,-0.0023439266,3.3630393e-05,-0.016452318,-0.035445277,0.0016951123,0.0053630853,0.0003826445,0.002696652,0.0017612072,0.0,-0.14713697,0.0020500766,-0.00040820174,-0.0008451531,-0.05432419,-0.0013835803
1046,-0.00071154186,0.0,-0.00043736555,0.0016347436,0.00045964296,-0.0024328914,-0.057643116,-0.0040946873,-0.04759947,-0.0035073415,0.0001492801,0.0011245208,0.0,0.0,0.0,-0.0029003767,-0.020678768,0.0002777302,0.0,0.00077767106,0.0027645868,-0.0016296525,0.0010361107,-0.117079765,-0.15850252,-0.0016298512,-0.0007841112,-0.0012661478,-0.0058186366,0.00068117527,0.00012323141,-0.002094862,0.0025634265,-0.030371742,-0.003176902,0.00063123147,-0.1140589,-0.034486063,-0.017570267,-0.00095420436,0.0,0.0,-0.09858264,-0.2346597,0.01589618,-0.003557119,0.0,-0.0023439266,3.3630393e-05,-0.019726286,-0.034307383,0.0016951123,0.0053630853,0.0003826445,0.002696652,0.0017612072,0.0,-0.10757543,0.0020500766,-0.00040820174,-0.0008451531,-0.05295471,-0.00014842558
1047,-0.00071154186,0.0,-0.00043736555,0.0019383557,0.00045964296,-0.0024328914,0.005539909,-0.0038096267,-0.04816885,-0.0035073415,0.0001492801,0.0011245208,0.0,0.0,0.0,-0.0029003767,-0.014533407,0.0004158025,0.0,0.00077767106,0.0027645868,0.00012323525,0.0010361107,-0.12604083,0.011316608,-0.0010697764,-0.0007841112,-0.0012661478,-0.0058186366,0.00068117527,0.00012323141,-0.002094862,0.0025634265,-0.032458797,-0.003176902,0.00063123147,-0.16186175,-0.040142443,-0.023152402,-0.00095420436,0.0,0.0,-0.14322296,-0.3169534,0.01589618,-0.003557119,0.0,-0.0023439266,3.3630393e-05,-0.016228935,-0.034307383,-0.000169137,0.0053630853,0.0003826445,0.002696652,0.0017612072,0.0,-0.14956059,0.0020500766,-0.00040820174,-0.0021424298,-0.05466458,-0.0013835803
1048,-0.0006135241,0.0,-0.00043736555,0.0016347436,0.00045964296,-0.0024328914,0.005903837,-0.0038096267,0.0049195047,-0.00094848796,0.0001492801,0.0011245208,0.0,0.0,0.0,-0.0029003767,0.0021334775,-0.00010618098,0.0,0.00077767106,0.0027645868,0.00024205932,0.0010361107,-0.18619063,0.013223625,-0.0010697764,-0.0007841112,-0.0012661478,-0.0058186366,0.00068117527,0.00032060992,-0.002094862,0.0025634265,-0.03210459,-0.003176902,0.00063123147,-0.16174348,-0.043276235,-0.023152402,-0.00095420436,0.0,0.0,-0.14825527,-0.32092565,0.01589618,-0.0048646173,0.0,-0.0017187139,3.3630393e-05,-0.017672515,-0.035445277,0.0016951123,0.0053630853,0.0003826445,0.002696652,0.0017612072,0.0,-0.15018836,0.0020500766,-0.00040820174,-0.0021424298,-0.054508254,-0.0018705805
1049,-0.00071154186,0.0,-0.00043736555,0.0019383557,0.00045964296,-0.0024328914,-0.059373956,-0.0040946873,-0.048989233,-0.0035073415,0.0001492801,0.0011245208,0.0,0.0,0.0,-0.0029003767,-0.013114323,0.0004158025,0.0,0.00077767106,0.0027645868,0.00012323525,0.0010361107,-0.12590992,0.011316608,-0.0016298512,-0.0007841112,-0.0012661478,-0.0058186366,0.00068117527,0.00012323141,-0.002094862,-8.170852e-05,-0.03057124,-0.003176902,0.00063123147,-0.15267092,-0.03288827,-0.023152402,-0.00095420436,0.0,0.0,-0.1289122,-0.29852813,0.01589618,-0.003557119,0.0,-0.0023439266,3.3630393e-05,-0.016676147,-0.034307383,-0.000169137,0.0053630853,0.0003826445,0.002696652,0.0017612072,0.0,-0.13980244,0.0020500766,-0.00040820174,-0.0008451531,-0.049902014,-0.00014842558
1100,-0.0006135241,0.0,-0.00043736555,0.0016347436,0.00045964296,-0.0024328914,-0.02210845,-0.005386394,0.009417723,-0.00094848796,0.0001492801,0.0011245208,0.0,0.0,0.0,-0.0029003767,0.0028455579,-0.00010618098,0.0,0.00077767106,0.0027645868,-0.0016296525,0.0010361107,-0.19003655,0.012023058,-0.0010697764,-0.0007841112,-0.0012661478,-0.0058186366,0.00068117527,0.00012323141,0.00016566459,-8.170852e-05,-0.033406053,-0.004128857,0.00063123147,-0.1541735,-0.042278353,-0.023152402,-0.00095420436,0.0,0.0,-0.13665867,-0.3166784,0.0020655552,-0.005869464,0.0,-0.0017187139,3.3630393e-05,-0.019401377,-0.03788021,0.0016951123,0.0053630853,0.0003826445,-0.0007186803,0.0017612072,0.0,-0.14597833,0.0003384709,-0.00040820174,-0.0008451531,-0.048080783,-0.0006354258
1101,-0.0003171105,0.0,-0.00043736555,0.0028956644,0.00045964296,-0.0023874808,-0.06732263,-0.005386394,0.0033463885,-0.00094848796,0.0001492801,0.0011245208,0.0,0.0,0.0,-0.0029003767,0.0017455366,-0.00010618098,0.0,0.0028339603,0.0027645868,0.00012323525,-0.00012462793,-0.12497551,-0.20725591,-0.0013676862,-0.0007841112,-0.0018472747,-0.0029655478,0.00068117527,0.00032060992,-0.0023617852,-0.0003888607,0.07653847,-0.004128857,-0.0014931285,-0.099559285,-0.029153544,-0.017421601,-0.00095420436,0.0,0.0,-0.09409424,-0.20074928,0.010554878,-0.005869464,0.0,-0.0017187139,3.3630393e-05,-0.02175536,-0.034672394,0.0016951123,0.0053630853,0.0003826445,-0.0029831724,0.0017612072,0.0,-0.11067932,0.0032734259,-0.00040820174,-0.00027650304,0.072021715,-0.0006354258
1102,-0.00041512825,0.0,-0.00043736555,0.0028956644,0.00045964296,-0.0023874808,-0.06228942,-0.005386394,-0.037513446,-0.0035073415,0.0001492801,0.0011245208,0.0,0.0,0.0,-0.0029003767,-0.009838608,0.0004158025,0.0,0.0028339603,0.0027645868,-0.0016296525,0.0010361107,-0.101110786,-0.19356301,-0.0013676862,-0.0007841112,-0.0018472747,-0.0020749695,0.00068117527,0.00012323141,-0.0024865274,-0.0003888607,0.07653847,-0.003176902,-0.0014931285,-0.09961518,-0.029293457,-0.017570267,-0.00095420436,0.0,0.0,-0.09275712,-0.19585016,0.010554878,-0.003557119,0.0,-0.0023439266,3.3630393e-05,-0.020028673,-0.035513956,0.0016951123,0.0053630853,0.0003826445,-0.0029831724,0.0017612072,0.0,-0.108570576,0.0032734259,-0.00040820174,-0.00027650304,0.072021715,-0.00014842558
1103,-0.0003171105,0.0,-0.00043736555,0.0028956644,0.00045964296,-0.0023874808,-0.06392106,-0.005386394,-0.013975611,-0.0015233477,0.0001492801,0.0011245208,0.0,0.0,0.0,-0.0029003767,0.00025851146,-0.00010618098,0.0,0.0028339603,0.0027645868,-0.0016296525,0.00073519966,-0.119107544,-0.20150918,-0.0013676862,-0.0007841112,-0.0018472747,-0.0029655478,0.00068117527,0.00012323141,1.1894521e-05,-0.0003888607,0.07653847,-0.003176902,-0.0014931285,-0.09961518,-0.029293457,-0.017570267,-0.00095420436,0.0,0.0,-0.094903834,-0.19802576,0.010554878,-0.0029840842,0.0,-0.0023439266,3.3630393e-05,-0.021958273,-0.035513956,0.0016951123,0.0053630853,0.0003826445,-0.0029831724,0.0017612072,0.0,-0.11133202,0.0032734259,-0.00040820174,-0.00027650304,0.072021715,-0.0006354258
1104,-0.0006135241,0.0,-0.00043736555,0.0016347436,0.00045964296,-0.0024328914,0.005903837,-0.0051013334,0.021579778,-0.00094848796,0.0001492801,0.0011245208,0.0,0.0,0.0,-0.0029003767,0.005672957,-0.00010618098,0.0,0.00077767106,0.0027645868,0.00012323525,-0.00012462793,-0.1854104,0.012023058,0.0061644185,-0.0007841112,-0.0012661478,-0.0067092148,0.00068117527,0.00032060992,0.00016566459,0.0025634265,-0.034816008,-0.0056440495,0.00063123147,-0.16108766,-0.04307098,-0.023003737,-0.0018545807,0.0,0.0,-0.14413199,-0.31993717,0.0020655552,-0.005869464,0.0,-0.0017187139,3.3630393e-05,-0.018883638,-0.05072152,0.0016951123,0.0053630853,0.0003826445,-0.0007186803,0.0017612072,0.0,-0.15214656,0.0003384709,-0.00040820174,-0.0008451531,-0.05213774,-0.0035538897
1105,-0.0006135241,0.0,-0.00043736555,0.0016347436,0.00045964296,-0.0024328914,-0.066045396,-0.0052281036,0.009965368,-0.00094848796,0.0001492801,-0.00011040977,0.0,0.0,0.0,-0.0029003767,0.004495319,-0.00010618098,0.0,0.00077767106,0.0027645868,-7.3305036e-06,-0.00012462793,-0.1314876,-0.20725591,0.0061644185,-0.0007841112,-0.0012661478,-0.0067092148,0.00068117527,-0.0010217775,0.00016566459,-8.170852e-05,-0.033438336,-0.0056440495,0.00063123147,-0.10842383,-0.030803986,-0.016079213,-0.00095420436,0.0,0.0,-0.09154549,-0.23536403,0.0020655552,-0.005869464,0.0,-0.0017187139,3.3630393e-05,-0.022879206,-0.04128354,-0.000169137,0.0053630853,0.0003826445,-0.0007186803,0.0017612072,0.0,-0.11595687,0.0003384709,-0.00040820174,-0.0021424298,-0.047559243,-0.002318735
1106,-0.0003171105,0.0,-0.00043736555,0.0028956644,0.00045964296,-0.0023874808,-0.06732263,-0.005386394,0.002499919,-0.00094848796,0.0001492801,-0.00011040977,0.0,0.0,0.0,-0.0029003767,0.0017455366,-0.00010618098,0.0,0.0028339603,0.0027645868,-0.0016296525,-0.00012462793,-0.12622471,-0.20725591,-0.0008076114,-0.0007841112,-0.0018472747,-0.0029655478,0.00068117527,0.00032060992,0.00016566459,0.012199657,0.07606087,-0.004128857,-0.0014931285,-0.09949691,-0.02586225,-0.01729925,-0.00095420436,0.0,0.0,-0.08665261,-0.19347498,0.010554878,-0.0048646173,0.0,-0.0004982132,3.3630393e-05,-0.022942197,-0.035513956,-0.000169137,0.0053630853,0.0003826445,-0.0029831724,0.0017612072,0.0,-0.11595687,0.0015618203,-0.00040820174,-0.0015737796,0.07704981,-0.0006354258
1107,-0.0006135241,0.0,-0.00043736555,0.0016347436,0.00045964296,-0.0024328914,0.011330944,-0.004943043,0.021579778,-0.00094848796,0.0001492801,-0.00011040977,0.0,0.0,0.0,-0.0029003767,0.005672957,-0.00010618098,0.0,0.00077767106,0.0027645868,0.00012323525,-0.00012462793,-0.18517657,0.013223625,0.0061644185,-0.0007841112,-0.0012661478,-0.0067092148,0.00068117527,0.00012323141,0.00016566459,0.0025634265,-0.040465113,-0.0056440495,0.00063123147,-0.16100845,-0.03959416,-0.023003737,-0.0018545807,0.0,0.0,-0.14153218,-0.3194554,0.0020655552,-0.005869464,0.0,-0.0017187139,3.3630393e-05,-0.019046474,-0.052895132,-0.000169137,0.0053630853,0.0003826445,-0.0007186803,0.0017612072,0.0,-0.15452185,0.0003384709,-0.00040820174,-0.0008451531,-0.05213774,-0.0035538897
1108,-0.0006135241,0.0,-0.00043736555,0.0016347436,0.00045964296,-0.0024328914,0.005903837,-0.004943043,0.021579778,-0.00094848796,0.0001492801,-0.00011040977,0.0,0.0,0.0,-0.0029003767,0.005672957,-0.00010618098,0.0,0.00077767106,0.0027645868,-0.0047178506,-0.00012462793,-0.1879492,0.012023058,-0.0010697764,-0.0007841112,-0.0012661478,-0.0067092148,0.00068117527,0.00097600615,0.00016566459,0.0025634265,-0.035003003,-0.0056440495,0.00063123147,-0.16085874,-0.039779685,-0.022881385,-0.0018545807,0.0,0.0,-0.1404047,-0.32037136,0.0020655552,-0.005869464,0.0,-0.0004982132,3.3630393e-05,-0.017303841,-0.049909573,-0.000169137,0.0053630853,0.0003826445,-0.0007186803,0.0017612072,0.0,-0.15385176,0.0003384709,-0.00040820174,-0.0008451531,-0.054002132,-0.0035538897
1109,-0.0006135241,0.0,-0.00043736555,0.0016347436,0.00045964296,-0.0024328914,0.005903837,-0.0051013334,0.021579778,-0.00094848796,0.0001492801,0.0011245208,0.0,0.0,0.0,-0.0029003767,0.005672957,-0.00010618098,0.0,0.00077767106,0.0027645868,-0.0016296525,0.0010361107,-0.18698755,0.012975426,-0.0010697764,-0.0007841112,-0.0012661478,-0.0067092148,0.00068117527,0.00097600615,0.00016566459,0.0025634265,-0.034816008,-0.0056440495,0.00063123147,-0.16103715,-0.039734073,-0.023152402,-0.0018545807,0.0,0.0,-0.14413199,-0.32066315,0.0020655552,-0.005869464,0.0,-0.0017187139,3.3630393e-05,-0.019428307,-0.05185941,-0.000169137,0.0053630853,0.0003826445,-0.0007186803,0.0017612072,0.0,-0.15290351,0.0003384709,-0.00040820174,-0.0008451531,-0.05265928,-0.0035538897
1110,-0.0006135241,0.0,-0.00043736555,0.0016347436,0.0011349958,-0.0024328914,-0.062643826,-0.005386394,-0.021329356,-0.0018997398,0.0001492801,0.0011245208,0.0,0.0,0.0,-0.0029003767,0.00025851146,-0.00010618098,0.0,0.00077767106,0.0027645868,0.00012323525,-0.00012462793,-0.11820744,-0.19969505,-0.0016298512,-0.0007841112,-0.0012661478,-0.0058186366,0.00068117527,0.00032060992,-0.0024865274,0.0025634265,-0.03292845,-0.003176902,0.00063123147,-0.10952553,-0.035160474,-0.017421601,-0.00095420436,0.0,0.0,-0.10032582,-0.2380317,0.0020655552,-0.0029840842,0.0,-0.0023439266,3.3630393e-05,-0.01954699,-0.034307383,0.0016951123,0.0053630853,0.0003826445,-0.0007186803,0.0017612072,0.0,-0.110625386,0.0020500766,-0.00040820174,-0.0008451531,-0.05092638,-0.0006354258
1111,-0.0006135241,0.0,-0.00043736555,0.0016347436,0.00045964296,-0.0024328914,0.005903837,-0.0051013334,0.021579778,-0.00094848796,0.0001492801,-0.00011040977,0.0,0.0,0.0,-0.0029003767,0.005672957,-0.00010618098,0.0,0.00077767106,0.0027645868,-0.0016296525,0.0010361107,-0.18698755,0.013223625,-0.0010697764,-0.0007841112,-0.0012661478,-0.0067092148,0.00068117527,0.00097600615,0.00016566459,-8.170852e-05,-0.034816008,-0.0056440495,0.00063123147,-0.16103715,-0.043025367,-0.023152402,-0.0018545807,0.0,0.0,-0.14491339,-0.32135114,0.0020655552,-0.005869464,0.0,-0.0017187139,3.3630393e-05,-0.019552404,-0.05185941,0.0016951123,0.0053630853,0.0003826445,-0.0007186803,0.0017612072,0.0,-0.15117173,0.0020500766,-0.00040820174,-0.0008451531,-0.049450263,-0.0035538897
1112,-0.0003171105,0.0,-0.00043736555,0.0028956644,0.00045964296,-0.0023874808,-0.06392106,-0.005386394,-0.013975611,-0.0015233477,0.0001492801,0.0011245208,0.0,0.0,0.0,-0.0029003767,0.00025851146,-0.00010618098,0.0,0.0028339603,0.0027645868,-0.0047178506,-0.00012462793,-0.119107544,-0.20150918,-0.0013676862,-0.0007841112,-0.0018472747,-0.0020749695,0.00068117527,0.00012323141,1.1894521e-05,-0.0003888607,0.07653847,-0.003176902,-0.0014931285,-0.09961518,-0.029153544,-0.017421601,-0.00095420436,0.0,0.0,-0.09106589,-0.20097591,0.010554878,-0.0029840842,0.0,-0.0023439266,3.3630393e-05,-0.01998426,-0.034672394,0.0016951123,0.0053630853,0.0003826445,-0.0029831724,0.0017612072,0.0,-0.11096925,0.0032734259,-0.00040820174,-0.0015737796,0.072021715,-0.0006354258
1113,-0.00041512825,0.0,-0.00043736555,0.0028956644,0.00045964296,-0.0023874808,-0.06228942,-0.005386394,-0.037513446,-0.0035073415,0.0001492801,0.0011245208,0.0,0.0,0.0,-0.0029003767,-0.009838608,0.0004158025,0.0,0.0028339603,0.0027645868,-0.0016296525,-0.00012462793,-0.102359995,-0.19356301,-0.0013676862,-0.0007841112,-0.0018472747,-0.0020749695,0.00068117527,0.00012323141,1.1894521e-05,-0.0003888607,0.07653847,-0.003176902,-0.0014931285,-0.09961518,-0.029153544,-0.017421601,-0.00095420436,0.0,0.0,-0.09046327,-0.19555837,0.010554878,-0.003557119,0.0,-0.0023439266,3.3630393e-05,-0.020697512,-0.035513956,0.0016951123,0.0053630853,0.0003826445,-0.0029831724,0.0017612072,0.0,-0.109567136,0.0032734259,-0.00040820174,-0.0015737796,0.072021715,-0.00014842558
1114,-0.00041512825,0.0,-0.00043736555,0.0028956644,0.00045964296,-0.0023874808,-0.06228942,-0.005386394,-0.037513446,-0.0035073415,0.0001492801,-0.00011040977,0.0,0.0,0.0,-0.0029003767,-0.009838608,0.0004158025,0.0,0.0028339603,0.0027645868,-0.0016296525,0.0010361107,-0.102359995,-0.19356301,-0.0013676862,-0.0007841112,-0.0018472747,-0.0029655478,0.00068117527,0.00032060992,1.1894521e-05,-0.0003888607,0.07653847,-0.003176902,-0.0014931285,-0.09966568,-0.029293457,-0.017570267,-0.00095420436,0.0,0.0,-0.08828008,-0.19430111,0.010554878,-0.003557119,0.0,-0.0023439266,3.3630393e-05,-0.021376573,-0.035513956,0.0016951123,0.0053630853,0.0003826445,-0.0029831724,0.0017612072,0.0,-0.111222036,0.0032734259,-0.00040820174,-0.0015737796,0.072021715,-0.00014842558
1115,-0.0006135241,0.0,-0.00043736555,0.0016347436,0.00045964296,-0.0024328914,-0.062643826,-0.005386394,-0.03322104,-0.0023805688,0.0001492801,0.0011245208,0.0,0.0,0.0,-0.0029003767,0.0009576023,-0.000383359,0.0,0.00077767106,0.0027645868,-7.3305036e-06,0.0010361107,-0.14103353,-0.16007337,-0.0016298512,-0.0007841112,-0.0012661478,-0.0058186366,0.00068117527,0.00032060992,1.1894521e-05,-8.170852e-05,-0.032773737,-0.003176902,0.00063123147,-0.11599605,-0.031194773,-0.017570267,-0.00095420436,0.0,0.0,-0.09817095,-0.24157526,0.0020655552,-0.0029840842,0.0,-0.0023439266,3.3630393e-05,-0.020878356,-0.034307383,-0.000169137,0.0053630853,0.0003826445,-0.0007186803,0.0017612072,0.0,-0.110994175,0.0020500766,-0.00040820174,-0.0021424298,-0.047717363,-0.00014842558
1116,-0.0006135241,0.0,-0.00043736555,0.0016347436,0.00045964296,-0.0024328914,0.005903837,-0.0051013334,0.021579778,-0.00094848796,0.0001492801,0.0011245208,0.0,0.0,0.0,-0.0029003767,0.005672957,-0.00010618098,0.0,0.00077767106,0.0027645868,-7.3305036e-06,0.00073519966,-0.1854104,0.012023058,0.0061644185,-0.0007841112,-0.0012661478,-0.0067092148,0.00068117527,0.00032060992,0.00016566459,0.0025634265,-0.034661297,-0.0056440495,0.00063123147,-0.16108766,-0.043210894,-0.023152402,-0.0018545807,0.0,0.0,-0.14480273,-0.32010263,0.0020655552,-0.005869464,0.0,-0.0017187139,3.3630393e-05,-0.019313553,-0.05072152,0.0016951123,0.0053630853,0.0003826445,-0.0007186803,0.0017612072,0.0,-0.15189014,0.0020500766,-0.00040820174,-0.0021424298,-0.05213774,-0.0035538897
1117,-0.00041512825,0.0,-0.00043736555,0.0028956644,0.00045964296,-0.0023874808,-0.06228942,-0.005386394,-0.037513446,-0.0035073415,0.0001492801,0.0011245208,0.0,0.0,0.0,-0.0029003767,-0.009838608,0.0004158025,0.0,0.0028339603,0.0027645868,-0.0016296525,-0.00012462793,-0.102359995,-0.19356301,-0.0013676862,-0.0007841112,-0.0018472747,-0.0020749695,0.00068117527,0.00022424548,1.1894521e-05,-0.0003888607,0.07653847,-0.003176902,-0.0014931285,-0.09966568,-0.029153544,-0.017421601,-0.00095420436,0.0,0.0,-0.09275712,-0.19555837,0.010554878,-0.003557119,0.0,-0.0023439266,3.3630393e-05,-0.02074802,-0.035513956,0.0016951123,0.0053630853,0.0003826445,-0.0029831724,0.0017612072,0.0,-0.108570576,0.0032734259,-0.00040820174,-0.00027650304,0.072021715,-0.00014842558
1118,-0.0003171105,0.0,-0.00043736555,0.0028956644,0.00045964296,-0.0023874808,-0.06392106,-0.005386394,-0.028735662,-0.0023805688,0.0001492801,0.0011245208,0.0,0.0,0.0,-0.0029003767,0.00025851146,-0.000383359,0.0,0.0028339603,0.0027645868,-0.0016296525,-0.00012462793,-0.112150595,-0.19969505,-0.0013676862,-0.0007841112,-0.0018472747,-0.0020749695,0.00068117527,0.00012323141,1.1894521e-05,-0.0003888607,0.07653847,-0.003176902,-0.0014931285,-0.09961518,-0.029153544,-0.017421601,-0.00095420436,0.0,0.0,-0.09290143,-0.19543949,0.010554878,-0.0029840842,0.0,-0.0023439266,3.3630393e-05,-0.020697512,-0.035513956,0.0016951123,0.0053630853,0.0003826445,-0.0029831724,0.0017612072,0.0,-0.109567136,0.0032734259,-0.00040820174,-0.0015737796,0.072021715,-0.00014842558
1119,-0.0006135241,0.0,-0.00043736555,0.0016347436,0.0011349958,-0.0024328914,0.0056929938,-0.0051013334,0.021579778,-0.00094848796,0.0001492801,-0.00011040977,0.0,0.0,0.0,-0.0029003767,0.005672957,-0.00010618098,0.0,0.00077767106,0.0027645868,-7.3305036e-06,-0.00012462793,-0.1854104,0.012023058,0.0061644185,-0.0007841112,-0.0012661478,-0.0067092148,0.00068117527,0.00032060992,0.00016566459,0.0025634265,-0.034661297,-0.0056440495,0.00063123147,-0.16108766,-0.043885306,-0.023003737,-0.0018545807,0.0,0.0,-0.14252321,-0.3199613,0.0020655552,-0.005869464,0.0,-0.0017187139,3.3630393e-05,-0.018630143,-0.05072152,0.0016951123,0.0053630853,0.0003826445,-0.0007186803,0.0017612072,0.0,-0.1528384,0.0020500766,-0.00040820174,-0.0021424298,-0.05213774,-0.0035538897
1120,-0.0003171105,0.0,-0.00043736555,0.0028956644,0.00045964296,-0.0023874808,-0.02364161,-0.005386394,-0.01662413,-0.0015233477,0.0001492801,0.0011245208,0.0,0.0,0.0,-0.0029003767,0.000501447,-0.00010618098,0.0,0.0028339603,0.0027645868,0.00012323525,0.0010361107,-0.12200652,-0.20150918,-0.0008076114,-0.0007841112,-0.0018472747,-0.0020749695,0.00068117527,0.00032060992,1.1894521e-05,-0.0003888607,0.07606087,-0.003176902,-0.0024697937,-0.09966568,-0.032072924,-0.017570267,-0.00095420436,0.0,0.0,-0.10465117,-0.21573995,0.010554878,-0.0029840842,0.0,-0.0023439266,3.3630393e-05,-0.021733273,-0.034307383,-0.000169137,0.0053630853,0.0003826445,-0.0029831724,0.0017612072,0.0,-0.11634898,0.0032734259,-0.00040820174,-0.0015737796,0.07183765,-0.0006354258
1121,-0.0003171105,0.0,-0.00043736555,0.0031992774,0.00045964296,-0.0023874808,-0.06732263,-0.005386394,0.0016508502,-0.00094848796,0.0001492801,-0.00011040977,0.0,0.0,0.0,-0.0029003767,0.0009558393,-0.00010618098,0.0,0.0028339603,0.0027645868,-0.0016296525,-0.00012462793,-0.12639607,-0.20725591,-0.0008076114,0.00027128475,-0.0018472747,-0.0029655478,0.00068117527,0.00012323141,0.00016566459,-0.0003888607,0.0760216,-0.0044494383,-0.0014931285,-0.09922927,-0.029125517,-0.017421601,-0.00095420436,0.0,0.0,-0.086820155,-0.19900364,0.010554878,-0.0048646173,0.0,-0.0017187139,-0.000102375736,-0.021793608,-0.034672394,0.0016951123,0.0053630853,0.0003826445,-0.0029831724,0.0017612072,0.0,-0.11387714,0.0015618203,-0.00040820174,-0.0015737796,0.07150197,-0.0006354258
1122,-0.0006135241,0.0,-0.00043736555,0.0016347436,0.00045964296,-0.0024328914,0.011330944,-0.0051013334,0.021579778,-0.00094848796,0.0001492801,0.0011245208,0.0,0.0,0.0,-0.0029003767,0.005672957,-0.00010618098,0.0,0.00077767106,0.0027645868,0.00012323525,0.0010361107,-0.18675372,0.012975426,-0.0010697764,-0.0007841112,-0.0012661478,-0.0058186366,0.00068117527,0.00097600615,1.1894521e-05,0.0025634265,-0.040278118,-0.0056440495,0.00063123147,-0.16103715,-0.043025367,-0.023152402,-0.0018545807,0.0,0.0,-0.14667997,-0.3249754,0.0020655552,-0.005869464,0.0,-0.0017187139,3.3630393e-05,-0.019565733,-0.05205357,0.0016951123,0.0053630853,0.0003826445,-0.0007186803,0.0017612072,0.0,-0.14886414,0.0020500766,-0.00040820174,-0.0008451531,-0.052479926,-0.0035538897
1123,-0.0003171105,0.0,-0.00043736555,0.0031992774,0.00045964296,-0.0023874808,-0.06392106,-0.005386394,-0.013975611,-0.0015233477,0.0001492801,0.0011245208,0.0,0.0,0.0,-0.0029003767,0.00025851146,-0.00010618098,0.0,0.0028339603,0.0027645868,-0.0047178506,-0.00012462793,-0.119107544,-0.20150918,-0.0008076114,0.00027128475,-0.0018472747,-0.0029655478,0.00068117527,0.00012323141,0.00016566459,-0.0003888607,0.0760216,-0.0044494383,-0.0014931285,-0.09939804,-0.029125517,-0.017421601,-0.00095420436,0.0,0.0,-0.093335554,-0.19778147,0.010554878,-0.0029840842,0.0,-0.0023439266,-0.000102375736,-0.01998426,-0.035513956,0.0016951123,0.0053630853,0.0003826445,-0.0029831724,0.0017612072,0.0,-0.11133202,0.0032734259,-0.00040820174,-0.00027650304,0.07150197,-0.0006354258
1124,-0.0003171105,0.0,-0.00043736555,0.0031992774,0.00045964296,-0.0023874808,-0.06392106,-0.005386394,-0.013975611,-0.0015233477,0.0001492801,-0.00011040977,0.0,0.0,0.0,-0.0029003767,0.00025851146,-0.00010618098,0.0,0.0028339603,0.0027645868,-0.0016296525,-0.00012462793,-0.119107544,-0.20150918,-0.0013676862,-0.0007841112,-0.0018472747,-0.0029655478,0.00068117527,0.00032060992,0.00016566459,-0.0003888607,0.07649921,-0.003176902,-0.0014931285,-0.09966568,-0.025834225,-0.017421601,-0.00095420436,0.0,0.0,-0.087438025,-0.19793126,0.010554878,-0.0029840842,0.0,-0.0023439266,-0.000102375736,-0.021627046,-0.035513956,-0.000169137,0.0053630853,0.0003826445,-0.0029831724,0.0017612072,0.0,-0.11595687,0.0015618203,-0.00040820174,-0.0015737796,0.07168604,-0.0006354258
1125,-0.0003171105,0.0,-0.00043736555,0.0028956644,0.00045964296,-0.0023874808,0.025836993,-0.0051013334,0.021579778,-0.00094848796,0.0001492801,0.0011245208,0.0,0.0,0.0,-0.0029003767,0.005672957,-0.00010618098,0.0,0.0028339603,0.0027645868,-7.3305036e-06,-0.00012462793,-0.17945085,0.012975426,0.005007194,-0.0007841112,-0.0018472747,-0.0029655478,0.00068117527,0.00012323141,0.00016566459,-0.0003888607,0.07483882,-0.0056440495,0.0033276365,-0.1511773,-0.03440155,-0.023003737,-0.0018545807,0.0,0.0,-0.13611437,-0.27982023,0.010288555,-0.005869464,0.0,-0.0017187139,3.3630393e-05,-0.018922374,-0.052895132,-0.000169137,0.0053630853,0.0003826445,-0.0029831724,0.0017612072,0.0,-0.1535736,0.0003384709,-0.00040820174,-0.00027650304,0.07229337,-0.0035538897
1126,-0.0003171105,0.0,-0.00043736555,0.0028956644,0.00045964296,-0.0023874808,-0.06392106,-0.005386394,-0.013975611,-0.0015233477,0.0001492801,0.0011245208,0.0,0.0,0.0,-0.0029003767,0.00025851146,-0.00010618098,0.0,0.0028339603,0.0027645868,0.00012323525,-0.00012462793,-0.119107544,-0.20150918,-0.0013676862,-0.0007841112,-0.0018472747,-0.0029655478,0.00068117527,0.00032060992,1.1894521e-05,-0.0003888607,0.07653847,-0.003176902,-0.0014931285,-0.09966568,-0.02586225,-0.01729925,-0.00095420436,0.0,0.0,-0.08964539,-0.19968551,0.010554878,-0.0029840842,0.0,-0.0011234261,3.3630393e-05,-0.021627046,-0.035513956,-0.000169137,0.0053630853,0.0003826445,-0.0029831724,0.0017612072,0.0,-0.115008615,0.0015618203,-0.00040820174,-0.0015737796,0.07067887,-0.0006354258
1127,-0.0006135241,0.0,-0.00043736555,0.0016347436,0.00045964296,-0.0024328914,0.0056929938,-0.004943043,0.021579778,-0.00094848796,0.0001492801,0.0011245208,0.0,0.0,0.0,-0.0029003767,0.005672957,-0.00010618098,0.0,0.00077767106,0.0027645868,0.00012323525,-0.00012462793,-0.1854104,0.012023058,0.0061644185,-0.0007841112,-0.0012661478,-0.0067092148,0.00068117527,0.00012323141,0.00016566459,-8.170852e-05,-0.035003003,-0.0056440495,0.00063123147,-0.16100845,-0.039779685,-0.023003737,-0.0018545807,0.0,0.0,-0.14417464,-0.32045287,0.0020655552,-0.005869464,0.0,-0.0017187139,3.3630393e-05,-0.018531453,-0.05072152,-0.000169137,0.0053630853,0.0003826445,-0.0007186803,0.0017612072,0.0,-0.1535736,0.0003384709,-0.00040820174,-0.0008451531,-0.048928723,-0.0035538897
1128,-0.0006135241,0.0,-0.00043736555,0.0016347436,0.00045964296,-0.0024328914,0.0056929938,-0.0051013334,0.015543954,-0.00094848796,0.0001492801,0.0011245208,0.0,0.0,0.0,-0.0029003767,0.005672957,-0.00010618098,0.0,0.00077767106,0.0027645868,0.00012323525,0.0010361107,-0.18782467,0.012023058,-0.0010697764,-0.0007841112,-0.0012661478,-0.0067092148,0.00068117527,0.00012323141,0.00016566459,-8.170852e-05,-0.034816008,-0.0056440495,0.00063123147,-0.16103715,-0.0399196,-0.023152402,-0.0018545807,0.0,0.0,-0.14247812,-0.32295132,0.0020655552,-0.005869464,0.0,-0.0017187139,3.3630393e-05,-0.019174809,-0.04240966,-0.000169137,0.0053630853,0.0003826445,-0.0007186803,0.0017612072,0.0,-0.15391746,0.0003384709,-0.00040820174,-0.0021424298,-0.049450263,-0.0035538897
1129,-0.00041512825,0.0,-0.00043736555,0.0031992774,0.00045964296,-0.0023874808,-0.06228942,-0.005386394,-0.037513446,-0.0035073415,0.0001492801,0.0011245208,0.0,0.0,0.0,-0.0029003767,-0.009838608,0.0004158025,0.0,0.0028339603,0.0027645868,0.00012323525,0.0010361107,-0.101110786,-0.19356301,-0.0013676862,-0.0007841112,-0.0018472747,-0.0020749695,0.00068117527,0.00032060992,-0.002094862,-0.0003888607,0.07633898,-0.003176902,-0.0014931285,-0.099728055,-0.025974136,-0.017447915,-0.00095420436,0.0,0.0,-0.08976834,-0.19927892,0.010554878,-0.003557119,0.0,-0.0011234261,3.3630393e-05,-0.020323193,-0.034672394,-0.000169137,0.0053630853,0.0003826445,-0.0029831724,0.0017612072,0.0,-0.11059789,0.0015618203,-0.00040820174,-0.00027650304,0.07052255,-0.00014842558
1130,-0.0003171105,0.0,-0.00043736555,0.0028956644,0.00045964296,-0.0023874808,0.0044157645,-0.0051013334,0.0066150445,-0.00094848796,0.0001492801,0.0011245208,0.0,0.0,0.0,-0.0029003767,0.0029231743,-0.00010618098,0.0,0.0028339603,0.0027645868,-0.0016296525,0.0010361107,-0.18154277,0.012023058,-0.0008076114,-0.0007841112,-0.0018472747,-0.0020749695,0.00068117527,0.00012323141,1.1894521e-05,-0.0003888607,0.07465091,-0.004128857,-0.0014931285,-0.15208155,-0.038269155,-0.023152402,-0.00095420436,0.0,0.0,-0.14054981,-0.28440252,0.010554878,-0.005869464,0.0,-0.0017187139,3.3630393e-05,-0.019174809,-0.035513956,0.0016951123,0.0053630853,0.0003826445,-0.0029831724,0.0017612072,0.0,-0.1511835,0.0032734259,-0.00040820174,-0.0015737796,0.070468165,-0.0018705805
1131,-0.0006135241,0.0,-0.00043736555,0.0016347436,0.00045964296,-0.0024328914,0.011330944,-0.0051013334,0.021579778,-0.00094848796,0.0001492801,0.0011245208,0.0,0.0,0.0,-0.0029003767,0.005672957,-0.00010618098,0.0,0.00077767106,0.0027645868,-7.3305036e-06,0.0010361107,-0.18517657,0.012975426,0.0061644185,-0.0007841112,-0.0012661478,-0.0067092148,0.00068117527,0.00012323141,0.00016566459,0.0025634265,-0.040123407,-0.0056440495,0.00063123147,-0.16103715,-0.043025367,-0.023152402,-0.0018545807,0.0,0.0,-0.14438611,-0.3196472,0.0020655552,-0.005869464,0.0,-0.0017187139,3.3630393e-05,-0.019502742,-0.052895132,0.0016951123,0.0053630853,0.0003826445,-0.0007186803,0.0017612072,0.0,-0.15189014,0.0020500766,-0.00040820174,-0.0021424298,-0.05213774,-0.0035538897
1132,-0.0006135241,0.0,-0.00043736555,0.0016347436,0.00045964296,-0.0024328914,0.005903837,-0.0051013334,0.021579778,-0.00094848796,0.0001492801,0.0011245208,0.0,0.0,0.0,-0.0029003767,0.005672957,-0.00010618098,0.0,0.00077767106,0.0027645868,-7.3305036e-06,-0.00012462793,-0.18698755,0.012023058,-0.0010697764,-0.0007841112,-0.0012661478,-0.0058186366,0.00068117527,0.00032060992,0.00016566459,0.0025634265,-0.034661297,-0.0056440495,0.00063123147,-0.16108766,-0.04307098,-0.023003737,-0.0018545807,0.0,0.0,-0.14480273,-0.32227093,0.0020655552,-0.005869464,0.0,-0.0017187139,3.3630393e-05,-0.018946629,-0.05072152,0.0016951123,0.0053630853,0.0003826445,-0.0007186803,0.0017612072,0.0,-0.1511835,0.0020500766,-0.00040820174,-0.0021424298,-0.05265928,-0.0035538897
1133,-0.0006135241,0.0,-0.00043736555,0.0016347436,0.00045964296,-0.0024328914,-0.062643826,-0.005386394,-0.028735662,-0.0023805688,0.0001492801,0.0011245208,0.0,0.0,0.0,-0.0029003767,0.00025851146,-0.000383359,0.0,0.00077767106,0.0027645868,0.00012323525,-0.00012462793,-0.117876306,-0.19969505,-0.0016298512,-0.0007841112,-0.0012661478,-0.0058186366,0.00068117527,0.00032060992,1.1894521e-05,-8.170852e-05,-0.03292845,-0.003176902,0.00063123147,-0.10952553,-0.034346152,-0.017421601,-0.00095420436,0.0,0.0,-0.10046479,-0.23455344,0.0020655552,-0.0029840842,0.0,-0.0023439266,3.3630393e-05,-0.020796202,-0.034307383,0.0016951123,0.0053630853,0.0003826445,-0.0007186803,0.0017612072,0.0,-0.108570576,0.0020500766,-0.00040820174,-0.0008451531,-0.047717363,-0.00014842558
1134,-0.0006135241,0.0,-0.00043736555,0.0016347436,0.00045964296,-0.0024328914,0.0054370635,-0.0051013334,-0.02040323,-0.0015233477,0.0001492801,0.0011245208,0.0,0.0,0.0,-0.0029003767,0.0014361494,-0.00010618098,0.0,0.00077767106,0.0027645868,0.00012323525,-0.00012462793,-0.16410878,0.011730996,-0.0010697764,-0.0007841112,0.01867286,-0.0058186366,0.00068117527,0.00097600615,1.1894521e-05,0.0025634265,-0.034556318,-0.003176902,0.00063123147,-0.16211016,-0.043321848,-0.023003737,-0.00095420436,0.0,0.0,-0.15294354,-0.32025725,0.0020655552,-0.0029840842,0.0,-0.0023439266,3.3630393e-05,-0.017279292,-0.034307383,0.0016951123,0.0053630853,0.0003826445,-0.0007186803,0.0017612072,0.0,-0.14644942,0.0020500766,-0.00040820174,-0.0008451531,-0.05496762,-0.0018705805
1135,-0.0003171105,0.0,-0.00043736555,0.0031992774,0.00045964296,-0.0023874808,-0.06392106,-0.005386394,-0.021329356,-0.0018997398,0.0001492801,0.0011245208,0.0,0.0,0.0,-0.0029003767,0.00025851146,-0.00010618098,0.0,0.0028339603,0.0027645868,-0.0047178506,-0.00012462793,-0.11373094,-0.19969505,-0.0013676862,-0.0007841112,-0.0018472747,-0.0020749695,0.00068117527,0.00012323141,1.1894521e-05,-0.0003888607,0.07633898,-0.003176902,-0.0014931285,-0.09961518,-0.029125517,-0.017421601,-0.00095420436,0.0,0.0,-0.09133315,-0.19948165,0.010554878,-0.0029840842,0.0,-0.0023439266,3.3630393e-05,-0.019153412,-0.035513956,0.0016951123,0.0053630853,0.0003826445,-0.0029831724,0.0017612072,0.0,-0.11162195,0.0032734259,-0.00040820174,-0.0015737796,0.071865395,-0.0006354258
1136,-0.0003171105,0.0,-0.00043736555,0.0028956644,0.00045964296,-0.0023874808,-0.06392106,-0.005386394,-0.021329356,-0.0018997398,0.0001492801,0.0011245208,0.0,0.0,0.0,-0.0029003767,0.00025851146,-0.00010618098,0.0,0.0028339603,0.0027645868,-0.0016296525,-0.00012462793,-0.11373094,-0.19969505,-0.0013676862,-0.0007841112,-0.0018472747,-0.0029655478,0.00068117527,0.00012323141,0.00016566459,-0.0003888607,0.07653847,-0.003176902,-0.0014931285,-0.09961518,-0.029153544,-0.017421601,-0.00095420436,0.0,0.0,-0.09519528,-0.19785884,0.010554878,-0.0029840842,0.0,-0.0023439266,3.3630393e-05,-0.020697512,-0.035513956,0.0016951123,0.0053630853,0.0003826445,-0.0029831724,0.0017612072,0.0,-0.11133202,0.0032734259,-0.00040820174,-0.00027650304,0.07184236,-0.0006354258
1137,-0.0003171105,0.0,-0.00043736555,0.0028956644,0.00045964296,-0.0023874808,-0.06732263,-0.005386394,0.0016508502,-0.00094848796,0.0001492801,-0.00011040977,0.0,0.0,0.0,-0.0029003767,0.0009558393,-0.00010618098,0.0,0.0028339603,0.0027645868,-0.0016296525,-0.00012462793,-0.12188768,-0.20725591,-0.0013676862,-0.0007841112,-0.0018472747,-0.0029655478,0.00068117527,0.00032060992,1.1894521e-05,-0.0003888607,0.07653847,-0.003176902,-0.0014931285,-0.09909042,-0.029153544,-0.017421601,-0.00095420436,0.0,0.0,-0.089808926,-0.19718684,0.010554878,-0.0048646173,0.0,-0.0017187139,3.3630393e-05,-0.02176962,-0.035513956,0.0016951123,0.0053630853,0.0003826445,-0.0029831724,0.0017612072,0.0,-0.11269939,0.0032734259,-0.00040820174,0.01613136,0.06698521,-0.0006354258
1138,-0.0006135241,0.0,-0.00043736555,0.0016347436,0.0011349958,-0.0024328914,-0.062643826,-0.005386394,-0.028735662,-0.0023805688,0.0001492801,0.0011245208,0.0,0.0,0.0,-0.0029003767,0.00025851146,-0.000383359,0.0,0.00077767106,0.0027645868,-7.3305036e-06,-0.00012462793,-0.1166271,-0.19969505,-0.0016298512,-0.0007841112,-0.0012661478,-0.0058186366,0.00068117527,0.00032060992,-0.002094862,0.0025634265,-0.032773737,-0.003176902,0.00063123147,-0.10958791,-0.035160474,-0.017421601,-0.00095420436,0.0,0.0,-0.09736123,-0.23414715,0.0020655552,-0.0029840842,0.0,-0.0023439266,3.3630393e-05,-0.019742822,-0.034307383,0.0016951123,0.0053630853,0.0003826445,-0.0007186803,0.0017612072,0.0,-0.109823555,0.0003384709,-0.00040820174,-0.0008451531,-0.05092638,-0.00014842558
1139,-0.0003171105,0.0,-0.00043736555,0.0028956644,0.00045964296,-0.0023874808,0.025836993,-0.0051013334,0.021579778,-0.00094848796,0.0001492801,0.0011245208,0.0,0.0,0.0,-0.0029003767,0.005672957,-0.00010618098,0.0,0.0028339603,0.0027645868,-7.3305036e-06,0.0010361107,-0.18280089,0.012975426,0.005007194,-0.0007841112,0.00014800939,-0.0020749695,0.00068117527,0.00012323141,1.1894521e-05,-0.0003888607,0.07483882,-0.0056440495,0.0033276365,-0.1511773,-0.03783276,-0.023152402,-0.0018545807,0.0,0.0,-0.1367851,-0.28173485,0.010288555,-0.005869464,0.0,-0.0017187139,3.3630393e-05,-0.019502742,-0.052895132,0.0016951123,0.0053630853,0.0003826445,-0.0029831724,0.0017612072,0.0,-0.14982875,0.0020500766,-0.00040820174,-0.0015737796,0.07247272,-0.0035538897
1140,-0.0006135241,0.0,-0.00043736555,0.0016347436,0.00045964296,-0.0024328914,0.011330944,-0.0051013334,0.021579778,-0.00094848796,0.0001492801,-0.00011040977,0.0,0.0,0.0,-0.0029003767,0.005672957,-0.00010618098,0.0,0.00077767106,0.0027645868,0.00012323525,0.0010361107,-0.18675372,0.013223625,-0.0010697764,-0.0007841112,-0.0012661478,-0.0067092148,0.00068117527,0.00097600615,0.00016566459,-8.170852e-05,-0.040278118,-0.0056440495,0.00063123147,-0.16103715,-0.043025367,-0.023152402,-0.0018545807,0.0,0.0,-0.14220291,-0.3225463,0.0020655552,-0.005869464,0.0,-0.0017187139,3.3630393e-05,-0.019689834,-0.052895132,0.0016951123,0.0053630853,0.0003826445,-0.0007186803,0.0017612072,0.0,-0.1521683,0.0020500766,-0.00040820174,-0.0021424298,-0.049450263,-0.0035538897
1141,-0.0003171105,0.0,-0.00043736555,0.0028956644,0.00045964296,-0.0023874808,-0.06392106,-0.005386394,-0.013975611,-0.0015233477,0.0001492801,0.0011245208,0.0,0.0,0.0,-0.0029003767,0.00025851146,-0.00010618098,0.0,0.0028339603,0.0027645868,-0.0016296525,-0.00012462793,-0.119107544,-0.20150918,-0.0013676862,-0.0007841112,-0.0018472747,-0.0029655478,0.00068117527,0.00032060992,1.1894521e-05,-0.0003888607,0.07653847,-0.003176902,-0.0014931285,-0.09966568,-0.02586225,-0.017421601,-0.00095420436,0.0,0.0,-0.08964539,-0.19793263,0.010554878,-0.0029840842,0.0,-0.0023439266,3.3630393e-05,-0.021627046,-0.035513956,-0.000169137,0.0053630853,0.0003826445,-0.0029831724,0.0017612072,0.0,-0.115008615,0.0015618203,-0.00040820174,-0.0015737796,0.072021715,-0.0006354258
1142,-0.0003171105,0.0,-0.00043736555,0.0028956644,0.00045964296,-0.0023874808,-0.06392106,-0.005386394,-0.013975611,-0.0015233477,0.0001492801,0.0011245208,0.0,0.0,0.0,-0.0029003767,0.00025851146,-0.00010618098,0.0,0.0028339603,0.0027645868,-0.0016296525,-0.00012462793,-0.117858335,-0.20150918,-0.0013676862,-0.0007841112,-0.0018472747,-0.0020749695,0.00068117527,0.00012323141,-0.002094862,-0.0003888607,0.07653847,-0.003176902,-0.0014931285,-0.099677555,-0.02586225,-0.017421601,-0.00095420436,0.0,0.0,-0.094903834,-0.1996151,0.010554878,-0.0029840842,0.0,-0.0023439266,3.3630393e-05,-0.020474976,-0.035513956,-0.000169137,0.0053630853,0.0003826445,-0.0029831724,0.0017612072,0.0,-0.112052426,0.0032734259,-0.00040820174,-0.00027650304,0.072021715,-0.0006354258
1143,-0.0006135241,0.0,-0.00043736555,0.0016347436,0.00045964296,-0.0024328914,0.0056929938,-0.0051013334,0.020995352,-0.00094848796,0.0001492801,0.0011245208,0.0,0.0,0.0,-0.0029003767,0.005514962,-0.00010618098,0.0,0.00077767106,0.0027645868,-0.0047178506,-0.00012462793,-0.17263187,-0.16166602,0.0061644185,-0.0007841112,-0.0012661478,-0.0058186366,0.00068117527,0.00097600615,0.00016566459,-8.170852e-05,-0.034816008,-0.0056440495,0.00063123147,-0.12242513,-0.04134945,-0.017421601,-0.0018545807,0.0,0.0,-0.11697222,-0.26245552,0.0020655552,-0.005869464,0.0,-0.0017187139,3.3630393e-05,-0.020037487,-0.05072152,0.0016951123,0.0053630853,0.0003826445,-0.0007186803,0.0017612072,0.0,-0.11871686,0.0020500766,-0.00040820174,-0.0008451531,-0.048928723,-0.0035538897
1144,-0.0003171105,0.0,-0.00043736555,0.0028956644,0.00045964296,-0.0023874808,-0.06732263,-0.005386394,0.0016508502,-0.00094848796,0.0001492801,0.0011245208,0.0,0.0,0.0,-0.0029003767,0.0009558393,-0.00010618098,0.0,0.0028339603,0.0027645868,-0.0016296525,-0.00012462793,-0.12639607,-0.20725591,-0.0013676862,-0.0007841112,-0.0018472747,-0.0029655478,0.00068117527,0.00032060992,1.1894521e-05,-0.0003888607,0.07653847,-0.003176902,-0.0014931285,-0.09949691,-0.02586225,-0.017421601,-0.00095420436,0.0,0.0,-0.09199212,-0.1976605,0.010554878,-0.0048646173,0.0,-0.0017187139,3.3630393e-05,-0.021892298,-0.035513956,-0.000169137,0.0053630853,0.0003826445,-0.0029831724,0.0017612072,0.0,-0.11375563,0.0032734259,-0.00040820174,-0.0015737796,0.072021715,-0.0006354258
1145,-0.0006135241,0.0,-0.00043736555,0.0019383557,0.00045964296,-0.0024328914,-0.062643826,-0.005386394,-0.028735662,-0.0023805688,0.0001492801,0.0011245208,0.0,0.0,0.0,-0.0029003767,0.00025851146,-0.000383359,0.0,0.00077767106,0.0027645868,-0.0016296525,-0.00012462793,-0.117876306,-0.19969505,-0.0010697764,-0.0007841112,-0.0012661478,-0.0067092148,0.00068117527,0.00032060992,0.00016566459,-8.170852e-05,-0.033605553,-0.003176902,0.00063123147,-0.10952553,-0.031026833,-0.017421601,-0.00095420436,0.0,0.0,-0.09747601,-0.2325704,0.0020655552,-0.0029840842,0.0,-0.0023439266,3.3630393e-05,-0.020796202,-0.03346582,-0.000169137,0.0053630853,0.0003826445,-0.0007186803,0.0017612072,0.0,-0.11130453,0.0003384709,-0.00040820174,-0.0008451531,-0.048237108,-0.00014842558
1146,-0.0003171105,0.0,-0.00043736555,0.0028956644,0.00045964296,-0.0023874808,-0.06392106,-0.005386394,-0.013064524,-0.0015233477,0.0001492801,0.0011245208,0.0,0.0,0.0,-0.0029003767,0.0009558393,-0.00010618098,0.0,0.0028339603,0.0027645868,0.00012323525,-0.00012462793,-0.12120837,-0.20150918,-0.0013676862,-0.0007841112,0.024905648,-0.0020749695,0.00068117527,0.00022424548,-0.0024865274,-0.0003888607,0.07679817,-0.003176902,-0.0014931285,-0.09966568,-0.02586225,-0.017421601,-0.00095420436,0.0,0.0,-0.09596,-0.19583932,0.010554878,-0.0048646173,0.0,-0.0023439266,3.3630393e-05,-0.020329654,-0.034672394,-0.000169137,0.0053630853,0.0003826445,-0.0029831724,0.0017612072,0.0,-0.109585285,0.0015618203,-0.00040820174,-0.00027650304,0.07634794,-0.0006354258
1147,-0.0006135241,0.0,-0.00043736555,0.0016347436,0.00045964296,-0.0024328914,-0.06425444,-0.005386394,-0.009979533,-0.0011947682,0.0001492801,0.0011245208,0.0,0.0,0.0,-0.0029003767,0.0009558393,-0.00010618098,0.0,0.00077767106,0.0027645868,0.00012323525,-0.00012462793,-0.12505905,-0.20150918,0.0061644185,-0.0007841112,-0.0012661478,-0.0067092148,0.00068117527,0.00032060992,0.00016566459,-8.170852e-05,-0.033406053,-0.003176902,0.00063123147,-0.10952553,-0.031054858,-0.017421601,-0.00095420436,0.0,0.0,-0.09491491,-0.23738097,0.0020655552,-0.0048646173,0.0,-0.0023439266,3.3630393e-05,-0.021564055,-0.03346582,-0.000169137,0.0053630853,0.0003826445,-0.0007186803,0.0017612072,0.0,-0.114355914,0.0003384709,-0.00040820174,-0.0021424298,-0.047559243,-0.0006354258
1148,-0.0006135241,0.0,-0.00043736555,0.0016347436,0.00045964296,-0.0024328914,0.006843168,-0.0051013334,0.021579778,-0.00094848796,0.0001492801,0.0011245208,0.0,0.0,0.0,-0.0029003767,0.005672957,-0.00010618098,0.0,0.00077767106,0.0027645868,-7.3305036e-06,0.0010361107,-0.18517657,0.012023058,0.0061644185,-0.0007841112,-0.0012661478,-0.0067092148,0.00068117527,0.00032060992,0.00016566459,0.0025634265,-0.034661297,-0.0056440495,0.00063123147,-0.16108766,-0.0399196,-0.023152402,-0.0018545807,0.0,0.0,-0.14413199,-0.32025313,0.0020655552,-0.005869464,0.0,-0.0017187139,3.3630393e-05,-0.019601433,-0.051757243,-0.000169137,0.0053630853,0.0003826445,-0.0007186803,0.0017612072,0.0,-0.1535736,0.0003384709,-0.00040820174,-0.0008451531,-0.05213774,-0.0035538897
1149,-0.0006135241,0.0,-0.00043736555,0.0016347436,0.00045964296,-0.0024328914,0.005903837,-0.0051013334,0.021579778,-0.00094848796,0.0001492801,0.0011245208,0.0,0.0,0.0,-0.0029003767,0.005672957,-0.00010618098,0.0,0.00077767106,0.0027645868,0.00012323525,0.0010361107,-0.1854104,0.012023058,0.0061644185,-0.0007841112,-0.0012661478,-0.0067092148,0.00068117527,0.00012323141,0.00016566459,0.0025634265,-0.034816008,-0.0056440495,0.00063123147,-0.16103715,-0.0399196,-0.023152402,-0.0018545807,0.0,0.0,-0.14413199,-0.32018077,0.0020655552,-0.005869464,0.0,-0.0017187139,3.3630393e-05,-0.019365316,-0.05072152,-0.000169137,0.0053630853,0.0003826445,-0.0007186803,0.0017612072,0.0,-0.1535736,0.0003384709,-0.00040820174,-0.0008451531,-0.05213774,-0.0035538897
1150,0.0050096945,0.0,0.00508062,-0.0078102536,-0.0014581572,0.005641249,0.026726432,0.0016731084,0.034741018,0.008150764,-0.0013338625,-3.711055e-05,0.0,0.0,0.0,0.00031905598,0.00884168,0.0050504073,0.0,-0.0077481605,-0.005806243,-0.0004922155,-0.00027172227,0.21204479,0.04866675,0.003506448,0.0004254509,0.00025132534,0.020134209,-0.002030258,0.0014352177,0.0014818693,-0.00010926255,0.14618269,0.0098388735,0.00010818662,0.2035839,0.052928574,0.038721807,-0.00047404435,0.0,0.0,0.17196997,0.45131972,-0.0035767227,0.019480899,0.0,0.0008935593,-0.001197784,0.1098441,-0.013202603,-5.143743e-05,-0.0059643155,0.00078493473,-0.0018755121,-0.0016317632,0.0,0.05326631,0.00057696406,-0.0037800334,-0.0005072715,0.10114193,0.004141545
1151,0.0050096945,0.0,0.00508062,-0.0078102536,-0.0014581572,0.005641249,0.026838558,0.0016731084,0.034741018,0.008150764,-0.0013338625,-3.711055e-05,0.0,0.0,0.0,0.00031905598,0.00884168,0.0050504073,0.0,-0.0077481605,-0.005806243,-0.0004922155,-0.00027172227,0.21204479,0.04866675,0.003506448,0.0004254509,0.00025132534,0.020134209,-0.002030258,0.0014352177,0.0014818693,-0.00010926255,0.14549613,0.0098388735,0.00010818662,0.2035839,0.052928574,0.038721807,-0.00047404435,0.0,0.0,0.1719139,0.4540673,-0.0035767227,0.018904226,0.0,0.0008935593,-0.001197784,0.109788045,-0.013202603,-5.143743e-05,-0.0059643155,0.00078493473,-0.0018755121,-0.0016317632,0.0,0.05326631,-0.0020607328,-0.002626686,-0.0005072715,0.10114193,0.004141545
1152,0.0050096945,0.0,0.00508062,-0.0078102536,-0.0014581572,0.005641249,0.026726432,0.0016731084,0.034741018,0.008150764,-0.0013338625,-3.711055e-05,0.0,0.0,0.0,0.00031905598,0.00884168,0.0050504073,0.0,-0.0077481605,-0.005806243,-0.0004922155,-0.00027172227,0.21183506,0.04866675,0.003506448,0.0004254509,-0.00059893256,0.020134209,0.0009221661,0.0014352177,0.0014818693,-0.00010926255,0.14618269,0.0098388735,0.00010818662,0.2035839,0.053930115,0.038721807,-0.00047404435,0.0,0.0,0.17196997,0.44736576,-0.0035767227,0.019480899,0.0,0.0008935593,-0.001197784,0.1098441,-0.013202603,-5.143743e-05,-0.0059643155,0.00078493473,-0.0018755121,-0.0016317632,0.0,0.054326292,0.00057696406,-0.0037800334,-0.0005072715,0.10114193,0.004141545
1153,0.0050096945,0.0,0.00508062,-0.0078102536,-0.0014581572,0.005641249,0.026726432,0.0016731084,0.034741018,0.008150764,-0.0013338625,-3.711055e-05,0.0,0.0,0.0,0.00031905598,0.00884168,0.0050504073,0.0,-0.0077481605,-0.005806243,-0.0004922155,-0.00027172227,0.21183506,0.04866675,0.003506448,0.0004254509,-0.00059893256,0.020134209,0.0009221661,0.0014352177,0.0014818693,-0.00010926255,0.14618269,0.0098388735,0.00010818662,0.2035839,0.053930115,0.038721807,-0.00047404435,0.0,0.0,0.17196997,0.44736576,-0.0035767227,0.019480899,0.0,0.0008935593,-0.001197784,0.1098441,-0.013202603,-5.143743e-05,-0.0059643155,0.00078493473,-0.0018755121,-0.0016317632,0.0,0.054326292,0.00057696406,-0.0037800334,-0.0005072715,0.10114193,0.004141545
1154,0.0050096945,0.0,0.00508062,-0.0078102536,-0.0014581572,0.005641249,0.026726432,0.0016731084,0.034741018,0.008150764,-0.0013338625,-3.711055e-05,0.0,0.0,0.0,0.00031905598,0.00884168,0.0050504073,0.0,-0.0077481605,-0.005806243,-0.0004922155,-0.00027172227,0.21183506,0.04866675,0.003506448,0.0004254509,-0.00059893256,0.020134209,-0.002030258,0.0014352177,0.0014818693,-0.00010926255,0.14618269,0.0098388735,0.00010818662,0.2035839,0.052928574,0.038721807,-0.00047404435,0.0,0.0,0.17196997,0.45131972,-0.0035767227,0.019480899,0.0,0.0008935593,-0.001197784,0.1098441,-0.013202603,-5.143743e-05,-0.0059643155,0.00078493473,-0.0018755121,-0.0016317632,0.0,0.054326292,0.00057696406,-0.0037800334,-0.0005072715,0.10114193,0.004141545
1155,0.0051458045,0.0,0.00508062,-0.025607692,-0.006727787,-0.00077331695,0.026726432,0.0013547573,0.04636257,0.008150764,-0.0013338625,-3.711055e-05,0.0,0.0,0.0,7.6855475e-05,0.011031659,0.00019268572,0.0,-0.006297049,-0.019604433,-0.00060159824,-0.00027172227,0.20016128,0.04866675,0.003506448,0.0004254509,-0.00059893256,-0.0013891275,0.0025939085,0.0013403193,0.0014818693,-0.00010926255,0.15828101,0.0098388735,0.00010818662,0.18878597,0.059751447,-0.014251459,-0.00047404435,0.0,0.0,0.16587096,0.29771465,-0.0036266383,0.016795997,0.0,0.0014643803,-0.001197784,0.1095541,-0.014360575,-5.143743e-05,-0.0059643155,0.0023351966,-0.0018755121,-0.0016317632,0.0,0.05363019,0.0016871544,-0.008964553,0.005312374,0.11743229,0.004141545
1156,0.0050096945,0.0,0.00508062,-0.025607692,-0.006727787,-0.00077331695,0.013338798,0.0013547573,0.04636257,0.008150764,-0.0013338625,-3.711055e-05,0.0,0.0,0.0,7.6855475e-05,0.011031659,0.00019268572,0.0,-0.006297049,-0.019604433,-0.00060159824,-0.00027172227,0.19861285,0.04866675,0.003506448,0.0004254509,0.00025132534,-0.001116907,0.0025939085,0.0013403193,0.0014818693,-0.00010926255,0.15828101,0.0098388735,0.00010818662,0.18930677,0.059751447,-0.014251459,-0.00047404435,0.0,0.0,0.16587096,0.29828593,-0.0036266383,0.016795997,0.0,0.0014643803,-0.001197784,0.109529644,-0.014360575,-5.143743e-05,-0.0059643155,0.0023351966,-0.0018755121,-0.0016317632,0.0,0.052901432,0.0016871544,-0.008964553,-0.0005072715,0.116105065,0.004141545
1157,0.0051458045,0.0,0.00508062,-0.025607692,-0.006727787,0.005641249,0.026726432,0.0013547573,0.04636257,0.008150764,-0.0013338625,-3.711055e-05,0.0,0.0,0.0,7.6855475e-05,0.011031659,0.00019268572,0.0,-0.006297049,-0.019604433,-0.00060159824,-0.00027172227,0.20312515,0.04866675,0.003506448,0.0004254509,-0.00059893256,-0.0013891275,0.0025939085,0.0013403193,0.0014818693,-0.00010926255,0.15763018,0.0098388735,0.00010818662,0.18930677,0.059751447,-0.014251459,-0.00047404435,0.0,0.0,0.16587096,0.29763508,-0.0036266383,0.016795997,0.0,0.0014643803,-0.001197784,0.109529644,-0.014144677,-5.143743e-05,-0.0059643155,0.0023351966,-0.0018755121,-0.0016317632,0.0,0.054326292,0.0016871544,-0.008964553,-0.0005072715,0.11319555,0.004141545
1158,0.0051458045,0.0,0.00508062,-0.025607692,-0.006727787,-0.00077331695,0.026726432,0.0013547573,0.055186734,-0.0013376605,-0.0013338625,-3.711055e-05,0.0,0.0,0.0,7.6855475e-05,0.014165095,0.00019268572,0.0,-0.006297049,-0.019604433,-0.00060159824,-0.00027172227,0.19832085,0.04866675,0.003506448,0.0004254509,-0.00059893256,-0.0013891275,0.0025939085,0.0013403193,0.0014818693,-0.00010926255,0.15828101,0.0098388735,0.00010818662,0.18878597,0.059751447,-0.014251459,-0.00047404435,0.0,0.0,0.16554508,0.2974118,-0.0036266383,0.016795997,0.0,0.0014643803,-0.001197784,0.1095541,-0.014360575,-5.143743e-05,-0.0059643155,0.0023351966,-0.0018755121,-0.0016317632,0.0,0.05363019,0.0016871544,-0.008964553,0.005312374,0.11743229,0.004141545
1159,0.0051458045,0.0,0.00508062,-0.025607692,-0.006727787,-0.00077331695,0.026726432,0.0013547573,0.055186734,-0.0013376605,-0.0013338625,-3.711055e-05,0.0,0.0,0.0,7.6855475e-05,0.014165095,0.00019268572,0.0,-0.006297049,-0.019604433,-0.00060159824,-0.00027172227,0.20128472,0.04866675,0.003506448,0.0004254509,-0.00059893256,-0.0013891275,0.0025939085,0.0013403193,0.0014818693,-0.00010926255,0.1588987,0.0098388735,0.00010818662,0.18712328,0.059751447,-0.014251459,-0.00047404435,0.0,0.0,0.16335347,0.2933128,0.0029716336,0.016795997,0.0,0.0014643803,-0.001197784,0.109529644,-0.014360575,-5.143743e-05,-0.0059643155,0.0023351966,-0.0018755121,-0.0016317632,0.0,0.054326292,0.0016871544,-0.008964553,-0.0005072715,0.12035376,0.004141545
1160,0.0050096945,0.0,0.00508062,-0.025607692,-0.006727787,0.005641249,0.026726432,0.0013547573,0.044731,0.008150764,-0.0013338625,-3.711055e-05,0.0,0.0,0.0,7.6855475e-05,0.009377251,0.00019268572,0.0,-0.006297049,-0.019604433,-0.00060159824,-0.00027172227,0.19681624,0.04866675,0.003506448,0.0004254509,-0.00059893256,0.020134209,0.0025939085,0.0013403193,0.0014818693,-0.00010926255,0.15214452,0.0098388735,0.00010818662,0.18733925,0.058450904,-0.014251459,-0.00047404435,0.0,0.0,0.16520268,0.29310453,-0.0036266383,0.01810089,0.0,0.002334152,-0.001197784,0.1095541,-0.014081906,-5.143743e-05,-0.0059643155,0.0023351966,-0.0018755121,-0.0016317632,0.0,0.05363019,0.0016871544,-0.008964553,0.005312374,0.10797043,0.004141545
1161,0.0050096945,0.0,0.00508062,-0.025607692,-0.006727787,0.005641249,0.013338798,0.0013547573,0.038506635,0.008150764,-0.0013338625,-3.711055e-05,0.0,0.0,0.0,7.6855475e-05,0.009377251,0.00019268572,0.0,-0.006297049,-0.019604433,-0.00060159824,-0.00027172227,0.1962738,0.04866675,0.003506448,0.0004254509,-0.00059893256,0.020134209,0.0025939085,0.0013403193,0.0014818693,-0.00010926255,0.15214452,0.0098388735,0.00010818662,0.18786004,0.058450904,-0.014251459,-0.00047404435,0.0,0.0,0.1701188,0.29390442,-0.0036266383,0.01810089,0.0,0.002334152,-0.001197784,0.109529644,-0.014081906,-5.143743e-05,-0.0059643155,0.0023351966,-0.0018755121,-0.0016317632,0.0,0.053961415,0.0016871544,-0.008964553,-0.0005072715,0.10664321,0.004141545
1162,0.0050096945,0.0,0.00508062,-0.025607692,-0.006727787,0.005641249,0.026726432,0.0013547573,0.045280986,0.008150764,-0.0013338625,-3.711055e-05,0.0,0.0,0.0,7.6855475e-05,0.011031659,0.00019268572,0.0,-0.006297049,-0.019604433,-0.00060159824,-0.00027172227,0.19964032,0.04866675,0.003506448,0.0004254509,0.00025132534,0.020134209,0.0025939085,0.0013403193,0.0014818693,-0.00010926255,0.15214452,0.0098388735,0.00010818662,0.18786004,0.058030903,-0.014251459,-0.00047404435,0.0,0.0,0.16520268,0.2935458,-0.0036266383,0.016795997,0.0,0.002334152,-0.001197784,0.109529644,-0.014081906,-5.143743e-05,-0.0059643155,0.0023351966,-0.0018755121,-0.0016317632,0.0,0.05326631,0.0016871544,-0.008964553,-0.0005072715,0.10906249,0.004141545
1163,0.0050096945,0.0,0.00508062,-0.025607692,-0.006727787,0.005641249,0.026726432,0.0013547573,0.045280986,0.008150764,-0.0013338625,-3.711055e-05,0.0,0.0,0.0,7.6855475e-05,0.009377251,0.00019268572,0.0,-0.006297049,-0.019604433,-0.00060159824,-0.00027172227,0.19998984,0.04866675,0.003506448,0.0004254509,0.00025132534,0.018291268,0.0025939085,0.0013403193,0.0014818693,-0.00010926255,0.15214452,0.0098388735,0.00010818662,0.18786004,0.058952373,-0.014251459,-0.00047404435,0.0,0.0,0.16520268,0.2935458,-0.0036266383,0.01810089,0.0,0.002334152,-0.001197784,0.109529644,-0.014081906,-5.143743e-05,-0.0059643155,0.0023351966,-0.0018755121,-0.0016317632,0.0,0.05326631,0.0016871544,-0.008964553,-0.0005072715,0.109983966,0.004141545
1164,0.0051458045,0.0,0.00508062,-0.025607692,-0.006727787,-0.00077331695,-0.04045295,0.0013547573,0.045206007,0.008150764,-0.0013338625,-3.711055e-05,0.0,0.0,0.0,7.6855475e-05,0.011031659,0.00019268572,0.0,-0.006297049,-0.019604433,-0.00060159824,-0.00027172227,0.19874896,0.04866675,0.003506448,0.0004254509,0.00025132534,-0.0013891275,0.0025939085,0.0013403193,0.0014818693,-0.00010926255,0.15578091,0.0098388735,0.00010818662,0.18007119,0.05637557,-0.014251459,-0.00047404435,0.0,0.0,0.15618509,0.29828593,-0.0036266383,0.016795997,0.0,0.0014643803,-0.001197784,0.109529644,-0.014360575,-5.143743e-05,-0.0059643155,0.0023351966,-0.0018755121,-0.0016317632,0.0,0.05232368,0.0016871544,-0.008964553,-0.0005072715,0.116105065,0.0012352383
1165,0.0050096945,0.0,0.00508062,-0.011978056,-0.0014581572,0.005641249,0.026726432,0.0016731084,0.035822604,0.008150764,-0.0013338625,-3.711055e-05,0.0,0.0,0.0,0.00031905598,0.00884168,0.0050504073,0.0,-0.006297049,-0.005806243,0.0009546476,-0.00027172227,0.20975985,0.04866675,0.003506448,0.0004254509,0.00025132534,0.018291268,0.0009221661,0.0014352177,0.0014818693,-0.00010926255,0.14752313,0.0098388735,0.00010818662,0.18786004,0.054851584,0.038721807,-0.00047404435,0.0,0.0,0.17196997,0.44457844,-0.0035767227,0.019480899,0.0,2.3787492e-05,-0.001197784,0.1098441,-0.013202603,-5.143743e-05,-0.0059643155,0.00078493473,-0.0018755121,-0.0016317632,0.0,0.05326631,0.00057696406,-0.0037800334,-0.0005072715,0.10268544,0.004141545
1166,0.0050096945,0.0,0.00508062,-0.011978056,-0.0014581572,0.005641249,0.026726432,0.0016731084,0.035822604,0.008150764,-0.0013338625,-3.711055e-05,0.0,0.0,0.0,0.00031905598,0.00884168,0.0050504073,0.0,-0.006297049,-0.005806243,-0.0004922155,-0.00027172227,0.20975985,0.04866675,0.003506448,0.0004254509,0.00025132534,0.020134209,0.0009221661,0.0014352177,0.0014818693,-0.00010926255,0.14618269,0.0098388735,0.00010818662,0.18786004,0.053930115,0.038721807,-0.00047404435,0.0,0.0,0.17196997,0.44736576,-0.0035767227,0.019480899,0.0,2.3787492e-05,-0.001197784,0.1098441,-0.013202603,-5.143743e-05,-0.0059643155,0.00078493473,-0.0018755121,-0.0016317632,0.0,0.05326631,0.00057696406,-0.0037800334,-0.0005072715,0.10176396,0.004141545
1167,0.0050096945,0.0,0.00508062,-0.0078102536,-0.0014581572,0.005641249,0.026726432,0.0016731084,0.034741018,0.008150764,-0.0013338625,-3.711055e-05,0.0,0.0,0.0,0.00031905598,0.00884168,0.0050504073,0.0,-0.0077481605,-0.005806243,-0.0004922155,-0.00027172227,0.21204479,0.04866675,0.003506448,0.0004254509,0.00025132534,0.020134209,0.0009221661,0.0014352177,0.0014818693,-0.00010926255,0.14618269,0.0098388735,0.00010818662,0.2035839,0.053930115,0.038721807,-0.00047404435,0.0,0.0,0.17196997,0.44736576,-0.0035767227,0.019480899,0.0,0.0008935593,-0.001197784,0.1098441,-0.013202603,-5.143743e-05,-0.0059643155,0.00078493473,-0.0018755121,-0.0016317632,0.0,0.05326631,0.00057696406,-0.0037800334,-0.0005072715,0.10114193,0.004141545
1168,0.0050096945,0.0,0.00508062,-0.011978056,-0.0014581572,0.005641249,0.026726432,0.0016731084,0.035822604,0.008150764,-0.0013338625,-3.711055e-05,0.0,0.0,0.0,0.00031905598,0.00884168,0.0050504073,0.0,-0.006297049,-0.005806243,0.0009546476,-0.00027172227,0.20955011,0.04866675,0.003506448,0.0004254509,-0.00059893256,0.018291268,0.0009221661,0.0014352177,0.0014818693,-0.00010926255,0.14752313,0.0098388735,0.00010818662,0.18786004,0.054851584,0.038721807,-0.00047404435,0.0,0.0,0.17196997,0.44457844,-0.0035767227,0.019480899,0.0,2.3787492e-05,-0.001197784,0.1098441,-0.013202603,-5.143743e-05,-0.0059643155,0.00078493473,-0.0018755121,-0.0016317632,0.0,0.054326292,0.00057696406,-0.0037800334,-0.0005072715,0.10268544,0.004141545
1169,0.0050096945,0.0,0.00508062,-0.011978056,-0.0014581572,0.005641249,0.026726432,0.0016731084,0.035822604,0.008150764,-0.0013338625,-3.711055e-05,0.0,0.0,0.0,0.00031905598,0.00884168,0.0050504073,0.0,-0.006297049,-0.005806243,0.0009546476,-0.00027172227,0.20975985,0.04866675,0.003506448,0.0004254509,0.002849645,0.018291268,0.0009221661,0.0014352177,0.0014818693,-0.00010926255,0.14752313,0.0098388735,0.00010818662,0.18786004,0.054851584,0.038721807,-0.00047404435,0.0,0.0,0.17196997,0.43092537,-0.0035767227,0.019480899,0.0,2.3787492e-05,-0.001197784,0.1098441,-0.013202603,-5.143743e-05,-0.0059643155,0.00078493473,-0.0018755121,-0.0016317632,0.0,0.05326631,0.00057696406,-0.0037800334,-0.0005072715,0.10363893,0.004141545
1170,0.0050096945,0.0,0.00508062,-0.0078102536,-0.0014581572,0.005641249,0.026726432,0.0016731084,0.034741018,0.008150764,-0.0013338625,-3.711055e-05,0.0,0.0,0.0,0.00031905598,0.00884168,0.0050504073,0.0,-0.0077481605,-0.005806243,-0.0004922155,-0.00027172227,0.21183506,0.04866675,0.003506448,0.0004254509,-0.00059893256,0.020134209,0.0009221661,0.0014352177,0.0014818693,-0.00010926255,0.14618269,0.0098388735,0.00010818662,0.2035839,0.053930115,0.038721807,-0.00047404435,0.0,0.0,0.17196997,0.44736576,-0.0035767227,0.019480899,0.0,0.0008935593,-0.001197784,0.1098441,-0.013202603,-5.143743e-05,-0.0059643155,0.00078493473,-0.0018755121,-0.0016317632,0.0,0.054326292,0.00057696406,-0.0037800334,-0.0005072715,0.10114193,0.004141545
1171,0.0050096945,0.0,0.00508062,-0.0078102536,-0.0014581572,0.005641249,0.026726432,0.0016731084,0.034741018,0.008150764,-0.0013338625,-3.711055e-05,0.0,0.0,0.0,0.00031905598,0.00884168,0.0050504073,0.0,-0.0077481605,-0.005806243,0.0009546476,-0.00027172227,0.21183506,0.04866675,0.003506448,0.0004254509,-0.00059893256,0.020134209,-0.002030258,0.0014352177,0.0014818693,-0.00010926255,0.14752313,0.0098388735,0.00010818662,0.2035839,0.052928574,0.038721807,-0.00047404435,0.0,0.0,0.17196997,0.4485324,-0.0035767227,0.019480899,0.0,0.0008935593,-0.001197784,0.1098441,-0.013202603,-5.143743e-05,-0.0059643155,0.00078493473,-0.0018755121,-0.0016317632,0.0,0.054326292,0.00057696406,-0.0037800334,-0.0005072715,0.10114193,0.004141545
1172,0.0050096945,0.0,0.00508062,-0.0078102536,-0.0014581572,0.005641249,0.026726432,0.0016731084,0.034741018,0.008150764,-0.0013338625,-3.711055e-05,0.0,0.0,0.0,0.00031905598,0.00884168,0.0050504073,0.0,-0.0077481605,-0.005806243,-0.0004922155,-0.00027172227,0.21204479,0.04866675,0.003506448,0.0004254509,0.00025132534,0.020134209,0.0009221661,0.0014352177,0.0014818693,-0.00010926255,0.14618269,0.0098388735,0.00010818662,0.2035839,0.053930115,0.038721807,-0.00047404435,0.0,0.0,0.17196997,0.44736576,-0.0035767227,0.019480899,0.0,0.0008935593,-0.001197784,0.1098441,-0.013202603,-5.143743e-05,-0.0059643155,0.00078493473,-0.0018755121,-0.0016317632,0.0,0.05326631,0.00057696406,-0.0037800334,-0.0005072715,0.10114193,0.004141545
1173,0.0050096945,0.0,0.00508062,-0.0078102536,-0.0014581572,0.005641249,0.026726432,0.0016731084,0.034741018,0.008150764,-0.0013338625,-3.711055e-05,0.0,0.0,0.0,0.00031905598,0.00884168,0.0050504073,0.0,-0.0077481605,-0.005806243,-0.0004922155,-0.00027172227,0.21183506,0.04866675,0.003506448,0.0004254509,-0.00059893256,0.020134209,-0.002030258,0.0014352177,0.0014818693,-0.00010926255,0.14618269,0.0098388735,0.00010818662,0.2035839,0.052928574,0.038721807,-0.00047404435,0.0,0.0,0.17196997,0.45131972,-0.0035767227,0.019480899,0.0,0.0008935593,-0.001197784,0.1098441,-0.013202603,-5.143743e-05,-0.0059643155,0.00078493473,-0.0018755121,-0.0016317632,0.0,0.054326292,0.00057696406,-0.0037800334,-0.0005072715,0.10114193,0.004141545
1174,0.0050096945,0.0,0.00508062,-0.0078102536,-0.0014581572,0.005641249,0.026726432,0.0016731084,0.034741018,0.008150764,-0.0013338625,-3.711055e-05,0.0,0.0,0.0,0.00031905598,0.00884168,0.0050504073,0.0,-0.0077481605,-0.005806243,0.0009546476,-0.00027172227,0.21204479,0.04866675,0.003506448,0.0004254509,0.002849645,0.020134209,0.0009221661,0.0014352177,0.0014818693,-0.00010926255,0.14752313,0.0098388735,0.00010818662,0.2035839,0.053930115,0.038721807,-0.00047404435,0.0,0.0,0.17196997,0.44102666,-0.0035767227,0.019480899,0.0,0.0008935593,-0.001197784,0.1098441,-0.013202603,-5.143743e-05,-0.0059643155,0.00078493473,-0.0018755121,-0.0016317632,0.0,0.05326631,0.00057696406,-0.0037800334,-0.0005072715,0.102095425,0.004141545
1175,0.0051458045,0.0,0.00508062,0.011446851,0.0035988744,0.005641249,-0.105792746,-0.0012834568,0.052948587,-0.0013376605,-0.0013338625,-3.711055e-05,0.0,0.0,0.0,7.6855475e-05,0.013725227,0.009789043,0.0,-0.006297049,0.010697728,0.0008452649,-0.00027172227,0.21153963,0.04866675,0.001387195,0.0004254509,0.006830788,-0.0013891275,0.0025939085,0.0013403193,0.0014818693,-0.00010926255,0.15488508,0.0098388735,5.6470104e-05,0.17789905,0.05637557,-0.0068542156,-0.00047404435,0.0,0.0,0.15253207,0.31116903,-0.0036266383,0.016795997,0.0,0.002334152,-0.001197784,0.10830584,-0.014162081,-5.143743e-05,-0.0059643155,0.0023351966,-0.0018755121,-0.0016317632,0.0,0.05035308,0.0016871544,-0.008964553,-0.0005072715,0.11133859,0.0012352383
1176,0.0051458045,0.0,0.00508062,0.0019155053,0.0035988744,0.005641249,-0.2421786,0.0096317455,0.048456427,-0.0013376605,-0.0013338625,-3.711055e-05,0.0,0.0,0.0,7.6855475e-05,0.012467614,0.009789043,0.0,-0.006297049,0.010697728,0.0008452649,-0.00027172227,0.19797781,0.04866675,0.001387195,0.0004254509,0.00025132534,-0.0013891275,0.0025939085,0.0013403193,0.0014818693,-0.00010926255,0.15647052,0.0098388735,5.6470104e-05,0.17156532,0.041123137,-0.0068542156,-0.00047404435,0.0,0.0,0.13875622,0.3032917,-0.0036266383,0.016795997,0.0,0.002334152,-0.001197784,0.105559364,-0.013895758,-5.143743e-05,-0.0059643155,0.0023351966,-0.0018755121,-0.0016317632,0.0,0.0483153,0.0016871544,-0.008964553,0.0042707985,0.10981383,0.0012352383
1177,-0.0001332552,0.0,-0.00043736555,0.0018449017,0.00045964296,-0.0024328914,0.0047882,-0.005005564,0.030930428,-0.00094848796,0.0001492801,-1.7086602e-05,0.0,0.0,0.0,-0.0029003767,0.008237085,-0.00010618098,0.0,-0.00013550714,0.0027645868,0.00012323525,-0.00012462793,-0.19720745,0.013939973,-0.0016298512,-0.00449361,-0.0010661529,-0.0065061925,0.00068117527,0.000202795,0.00016566459,0.0025634265,-0.030599235,0.0261525,0.00063123147,-0.19355541,-0.05854176,-0.022881385,-0.0018545807,0.0,0.0,-0.15956895,-0.39239755,-0.003172952,-0.005869464,0.0,-0.0004982132,-0.000102375736,-0.018221023,-0.050434377,-2.64441e-05,0.0053630853,0.0003826445,-0.0007186803,0.0017612072,0.0,0.0028371662,0.0003384709,-0.0015734943,-0.0020471164,-0.047678083,0.008336948
1178,0.0051458045,0.0,0.00508062,0.0019155053,0.0035988744,0.005641249,-0.09723771,0.0096317455,0.052948587,-0.0013376605,-0.0013338625,-3.711055e-05,0.0,0.0,0.0,7.6855475e-05,0.013725227,0.009789043,0.0,-0.006297049,0.010697728,0.0008452649,-0.00027172227,0.21153963,0.04866675,0.001387195,0.0004254509,0.006830788,-0.0013891275,0.0025939085,0.0013403193,0.0014818693,-0.00010926255,0.15488508,0.0098388735,5.6470104e-05,0.17156532,0.05637557,-0.0068542156,-0.00047404435,0.0,0.0,0.15750259,0.31116903,-0.0036266383,0.016795997,0.0,0.002334152,-0.001197784,0.10830584,-0.014162081,-5.143743e-05,-0.0059643155,0.0023351966,-0.0018755121,-0.0016317632,0.0,0.05035308,0.0016871544,-0.008964553,-0.0005072715,0.11133859,0.0012352383
1179,0.0051458045,0.0,0.00508062,0.0019155053,0.0035988744,0.005641249,-0.2421786,0.0096317455,0.048456427,-0.0013376605,-0.0013338625,-3.711055e-05,0.0,0.0,0.0,7.6855475e-05,0.012467614,0.009789043,0.0,-0.006297049,0.010697728,0.0008452649,-0.00027172227,0.20094165,0.04866675,0.001387195,0.0004254509,0.006830788,-0.0013891275,0.0025939085,0.0013403193,0.0014818693,-0.00010926255,0.15488508,0.0098388735,5.6470104e-05,0.17156532,0.041123137,-0.0068542156,-0.00047404435,0.0,0.0,0.13897109,0.29872572,-0.0036266383,0.016795997,0.0,0.002334152,-0.001197784,0.10553491,-0.013895758,-5.143743e-05,-0.0059643155,0.0023351966,-0.0018755121,-0.0016317632,0.0,0.04798624,0.0016871544,-0.008964553,-0.0005072715,0.11133859,0.0012352383
1180,0.0051458045,0.0,0.00508062,0.0019155053,0.0035988744,0.005641249,-0.118797824,0.0096317455,0.054030173,-0.0013376605,-0.0013338625,-3.711055e-05,0.0,0.0,0.0,7.6855475e-05,0.013725227,0.00019268572,0.0,-0.006297049,0.010697728,0.0008452649,-0.00027172227,0.20307565,0.04866675,0.003506448,0.0004254509,0.00025132534,-0.0013891275,0.0025939085,0.0013403193,0.0014818693,-0.00010926255,0.15647052,0.0098388735,5.6470104e-05,0.17104453,0.046368502,-0.010270765,-0.00047404435,0.0,0.0,0.15728772,0.31562728,-0.0036266383,0.016795997,0.0,0.0014643803,-0.001197784,0.10834344,-0.013895758,-5.143743e-05,-0.0059643155,0.0023351966,-0.0018755121,-0.0016317632,0.0,0.04919156,0.0016871544,-0.008964553,0.005312374,0.109107874,0.0012352383
1181,0.0051458045,0.0,0.00508062,0.0019155053,0.0035988744,0.005641249,-0.09723771,0.0096317455,0.054030173,-0.0013376605,-0.0013338625,-3.711055e-05,0.0,0.0,0.0,7.6855475e-05,0.013725227,0.00019268572,0.0,-0.006297049,0.010697728,0.0008452649,-0.00027172227,0.20603952,0.04866675,0.003506448,0.0004254509,0.00025132534,-0.0013891275,0.0025939085,0.0013403193,0.0014818693,-0.00010926255,0.15647052,0.0098388735,5.6470104e-05,0.17156532,0.05637557,-0.010270765,-0.00047404435,0.0,0.0,0.15728772,0.31619856,-0.0036266383,0.016795997,0.0,0.0014643803,-0.001197784,0.108318985,-0.013895758,-5.143743e-05,-0.0059643155,0.0023351966,-0.0018755121,-0.0016317632,0.0,0.05103447,0.0016871544,-0.008964553,-0.0005072715,0.110199936,0.0012352383
1182,0.0051458045,0.0,0.00508062,0.0019155053,0.0035988744,0.005641249,-0.25766098,0.0096317455,0.048819285,-0.0013376605,-0.0013338625,-3.711055e-05,0.0,0.0,0.0,7.6855475e-05,0.012467614,0.00019268572,0.0,-0.006297049,0.010697728,0.0008452649,-0.00027172227,0.19544154,0.04866675,0.003506448,0.0004254509,0.002849645,-0.0013891275,0.0025939085,0.0013403193,0.0014818693,-0.00010926255,0.15647052,0.0098388735,5.6470104e-05,0.17156532,0.041123137,-0.010270765,-0.00047404435,0.0,0.0,0.13875622,0.29385078,-0.0036266383,0.016795997,0.0,0.0014643803,-0.001197784,0.10554807,-0.013895758,-5.143743e-05,-0.0059643155,0.0023351966,-0.0018755121,-0.0016317632,0.0,0.0490114,0.0016871544,-0.008964553,-0.0005072715,0.111153424,0.0012352383
1183,0.0051458045,0.0,0.00508062,0.0019155053,0.0035988744,0.005641249,-0.118797824,0.0096317455,0.052948587,-0.0013376605,-0.0013338625,-3.711055e-05,0.0,0.0,0.0,7.6855475e-05,0.013725227,0.00019268572,0.0,-0.006297049,0.010697728,0.0008452649,-0.00027172227,0.20625135,0.04866675,0.003506448,0.0004254509,0.00025132534,-0.0013891275,0.0025939085,0.0013403193,0.0014818693,-0.00010926255,0.15647052,0.0098388735,5.6470104e-05,0.17156532,0.046368502,-0.010270765,-0.00047404435,0.0,0.0,0.15728772,0.31619856,-0.0036266383,0.016795997,0.0,0.002334152,-0.001197784,0.108318985,-0.013895758,-5.143743e-05,-0.0059643155,0.0023351966,-0.0018755121,-0.0016317632,0.0,0.04988766,0.0016871544,-0.008964553,-0.0005072715,0.110199936,0.0012352383
1184,0.0051458045,0.0,0.00508062,0.0019155053,0.0035988744,0.005641249,-0.25766098,0.0096317455,0.048819285,-0.0013376605,-0.0013338625,-3.711055e-05,0.0,0.0,0.0,7.6855475e-05,0.012467614,0.00019268572,0.0,-0.006297049,0.010697728,0.0008452649,-0.00027172227,0.19523181,0.04866675,0.003506448,0.0004254509,-0.00059893256,-0.0013891275,0.0025939085,0.0013403193,0.0014818693,-0.00010926255,0.1570882,0.0098388735,5.6470104e-05,0.16938184,0.041123137,-0.010270765,-0.00047404435,0.0,0.0,0.13656461,0.29273233,0.0029716336,0.016795997,0.0,0.0014643803,-0.001197784,0.10554807,-0.013895758,-5.143743e-05,-0.0059643155,0.0023351966,-0.0018755121,-0.0016317632,0.0,0.050071385,0.0016871544,-0.008964553,-0.0005072715,0.112029344,0.0012352383
1185,0.0050096945,0.0,0.00508062,-0.0078102536,-0.0014581572,0.005641249,0.026726432,0.0016731084,0.034741018,0.008150764,-0.0013338625,-3.711055e-05,0.0,0.0,0.0,0.00031905598,0.00884168,0.0050504073,0.0,-0.0077481605,-0.005806243,-0.0004922155,-0.00027172227,0.21183506,0.04866675,0.003506448,0.0004254509,-0.00059893256,0.020134209,-0.002030258,0.0014352177,0.0014818693,-0.00010926255,0.14549613,0.0098388735,0.00010818662,0.2035839,0.052928574,0.038721807,-0.00047404435,0.0,0.0,0.17196997,0.45464396,-0.0035767227,0.019480899,0.0,0.0008935593,-0.001197784,0.1098441,-0.013202603,-5.143743e-05,-0.0059643155,0.00078493473,-0.0018755121,-0.0016317632,0.0,0.054326292,-0.0020607328,-0.0037800334,-0.0005072715,0.10114193,0.004141545
1186,0.0050096945,0.0,0.00508062,-0.0078102536,-0.0014581572,0.005641249,0.026726432,0.0016731084,0.034741018,0.008150764,-0.0013338625,-3.711055e-05,0.0,0.0,0.0,0.00031905598,0.00884168,0.0050504073,0.0,-0.0077481605,-0.005806243,-0.0004922155,-0.00027172227,0.21204479,0.04866675,0.003506448,0.0004254509,0.00025132534,0.020134209,-0.002030258,0.0014352177,0.0014818693,-0.00010926255,0.14549613,0.0098388735,0.00010818662,0.2035839,0.052928574,0.038721807,-0.00047404435,0.0,0.0,0.17196997,0.45464396,-0.0035767227,0.019480899,0.0,0.0008935593,-0.001197784,0.1098441,-0.013202603,-5.143743e-05,-0.0059643155,0.00078493473,-0.0018755121,-0.0016317632,0.0,0.05326631,-0.0020607328,-0.0037800334,-0.0005072715,0.10114193,0.004141545
1187,0.0050096945,0.0,0.00508062,-0.0078102536,-0.0014581572,0.005641249,0.026726432,0.0016731084,0.034741018,0.008150764,-0.0013338625,-3.711055e-05,0.0,0.0,0.0,0.00031905598,0.00884168,0.0050504073,0.0,-0.0077481605,-0.005806243,-0.0004922155,-0.00027172227,0.21183506,0.04866675,0.003506448,0.0004254509,-0.00059893256,0.020134209,-0.002030258,0.0014352177,0.0014818693,-0.00010926255,0.14549613,0.0098388735,0.00010818662,0.2035839,0.052928574,0.038721807,-0.00047404435,0.0,0.0,0.17196997,0.45464396,-0.0035767227,0.019480899,0.0,0.0008935593,-0.001197784,0.1098441,-0.013202603,-5.143743e-05,-0.0059643155,0.00078493473,-0.0018755121,-0.0016317632,0.0,0.054326292,-0.0020607328,-0.0037800334,-0.0005072715,0.10114193,0.004141545
1188,0.0050096945,0.0,0.00508062,-0.0078102536,-0.0014581572,0.005641249,0.026726432,0.0016731084,0.034741018,0.008150764,-0.0013338625,-3.711055e-05,0.0,0.0,0.0,0.00031905598,0.00884168,0.0050504073,0.0,-0.0077481605,-0.005806243,-0.0004922155,-0.00027172227,0.21204479,0.04866675,0.003506448,0.0004254509,0.00025132534,0.020134209,-0.002030258,0.0014352177,0.0014818693,-0.00010926255,0.14549613,0.0098388735,0.00010818662,0.2035839,0.052928574,0.038721807,-0.00047404435,0.0,0.0,0.17196997,0.45464396,-0.0035767227,0.019480899,0.0,0.0008935593,-0.001197784,0.1098441,-0.013202603,-5.143743e-05,-0.0059643155,0.00078493473,-0.0018755121,-0.0016317632,0.0,0.05326631,-0.0020607328,-0.0037800334,-0.0005072715,0.10114193,0.004141545
1189,0.0050096945,0.0,0.00508062,-0.0078102536,-0.0014581572,0.005641249,0.026726432,0.0016731084,0.034741018,0.008150764,-0.0013338625,-3.711055e-05,0.0,0.0,0.0,0.00031905598,0.00884168,0.0050504073,0.0,-0.0077481605,-0.005806243,-0.0004922155,-0.00027172227,0.21204479,0.04866675,0.003506448,0.0004254509,0.00025132534,0.020134209,-0.002030258,0.0014352177,0.0014818693,-0.00010926255,0.14618269,0.0098388735,0.00010818662,0.2035839,0.052928574,0.038721807,-0.00047404435,0.0,0.0,0.17196997,0.45131972,-0.0035767227,0.019480899,0.0,0.0008935593,-0.001197784,0.1098441,-0.013202603,-5.143743e-05,-0.0059643155,0.00078493473,-0.0018755121,-0.0016317632,0.0,0.05326631,0.00057696406,-0.0037800334,-0.0005072715,0.10114193,0.004141545
1190,0.0050096945,0.0,0.00508062,-0.0078102536,-0.0014581572,0.005641249,0.026726432,0.0016731084,0.034741018,0.008150764,-0.0013338625,-3.711055e-05,0.0,0.0,0.0,0.00031905598,0.00884168,0.0050504073,0.0,-0.0077481605,-0.005806243,-0.0004922155,-0.00027172227,0.21183506,0.04866675,0.003506448,0.0004254509,-0.00059893256,0.020134209,0.0009221661,0.0014352177,0.0014818693,-0.00010926255,0.14618269,0.0098388735,0.00010818662,0.2035839,0.053930115,0.038721807,-0.00047404435,0.0,0.0,0.17196997,0.44736576,-0.0035767227,0.019480899,0.0,0.0008935593,-0.001197784,0.1098441,-0.013202603,-5.143743e-05,-0.0059643155,0.00078493473,-0.0018755121,-0.0016317632,0.0,0.054326292,0.00057696406,-0.0037800334,-0.0005072715,0.10114193,0.004141545
1191,0.0050096945,0.0,0.00508062,-0.0078102536,-0.0014581572,0.005641249,0.026726432,0.0016731084,0.034741018,0.008150764,-0.0013338625,-3.711055e-05,0.0,0.0,0.0,0.00031905598,0.00884168,0.0050504073,0.0,-0.0077481605,-0.005806243,0.0009546476,-0.00027172227,0.21204479,0.04866675,0.003506448,0.0004254509,0.00025132534,0.020134209,0.0009221661,0.0014352177,0.0014818693,-0.00010926255,0.14752313,0.0098388735,0.00010818662,0.2035839,0.053930115,0.038721807,-0.00047404435,0.0,0.0,0.17196997,0.44457844,-0.0035767227,0.019480899,0.0,0.0008935593,-0.001197784,0.1098441,-0.013202603,-5.143743e-05,-0.0059643155,0.00078493473,-0.0018755121,-0.0016317632,0.0,0.05326631,0.00057696406,-0.0037800334,-0.0005072715,0.10114193,0.004141545
1192,0.0050096945,0.0,0.00508062,-0.0078102536,-0.0014581572,0.005641249,0.026726432,0.0016731084,0.035822604,0.008150764,-0.0013338625,-3.711055e-05,0.0,0.0,0.0,0.00031905598,0.00884168,0.0050504073,0.0,-0.006297049,-0.005806243,-0.0004922155,-0.00027172227,0.20955011,0.04866675,0.003506448,0.0004254509,-0.00059893256,0.020134209,0.0009221661,0.0014352177,0.0014818693,-0.00010926255,0.14618269,0.0098388735,0.00010818662,0.2035839,0.053930115,0.038721807,-0.00047404435,0.0,0.0,0.17196997,0.44736576,-0.0035767227,0.019480899,0.0,2.3787492e-05,-0.001197784,0.1098441,-0.013202603,-5.143743e-05,-0.0059643155,0.00078493473,-0.0018755121,-0.0016317632,0.0,0.054326292,0.00057696406,-0.0037800334,-0.0005072715,0.10176396,0.004141545
1193,0.0050096945,0.0,0.00508062,-0.0078102536,-0.0014581572,0.005641249,0.026726432,0.0016731084,0.034741018,0.008150764,-0.0013338625,-3.711055e-05,0.0,0.0,0.0,0.00031905598,0.00884168,0.0050504073,0.0,-0.0077481605,-0.005806243,-0.0004922155,-0.00027172227,0.21204479,0.04866675,0.003506448,0.0004254509,0.00025132534,0.020134209,-0.002030258,0.0014352177,0.0014818693,-0.00010926255,0.14549613,0.0098388735,0.00010818662,0.2035839,0.052928574,0.038721807,-0.00047404435,0.0,0.0,0.17196997,0.45464396,-0.0035767227,0.019480899,0.0,0.0008935593,-0.001197784,0.1098441,-0.013202603,-5.143743e-05,-0.0059643155,0.00078493473,-0.0018755121,-0.0016317632,0.0,0.05326631,-0.0020607328,-0.0037800334,-0.0005072715,0.10114193,0.004141545
1194,0.0050096945,0.0,0.00508062,-0.0078102536,-0.0014581572,0.005641249,0.026726432,0.0016731084,0.034741018,0.008150764,-0.0013338625,-3.711055e-05,0.0,0.0,0.0,0.00031905598,0.00884168,0.0050504073,0.0,-0.0077481605,-0.005806243,-0.0004922155,-0.00027172227,0.21183506,0.04866675,0.003506448,0.0004254509,-0.00059893256,0.020134209,-0.002030258,0.0014352177,0.0014818693,-0.00010926255,0.14549613,0.0098388735,0.00010818662,0.2035839,0.052928574,0.038721807,-0.00047404435,0.0,0.0,0.17196997,0.45464396,-0.0035767227,0.019480899,0.0,0.0008935593,-0.001197784,0.1098441,-0.013202603,-5.143743e-05,-0.0059643155,0.00078493473,-0.0018755121,-0.0016317632,0.0,0.054326292,-0.0020607328,-0.0037800334,-0.0005072715,0.10114193,0.004141545
1195,0.0050096945,0.0,0.00508062,-0.0078102536,-0.0014581572,0.005641249,0.026726432,0.0016731084,0.034741018,0.008150764,-0.0013338625,-3.711055e-05,0.0,0.0,0.0,0.00031905598,0.00884168,0.0050504073,0.0,-0.0077481605,-0.005806243,-0.0004922155,-0.00027172227,0.21183506,0.04866675,0.003506448,0.0004254509,-0.00059893256,0.020134209,-0.002030258,0.0014352177,0.0014818693,-0.00010926255,0.14549613,0.0098388735,0.00010818662,0.2035839,0.052928574,0.038721807,-0.00047404435,0.0,0.0,0.17196997,0.4540673,-0.0035767227,0.018904226,0.0,0.0008935593,-0.001197784,0.1098441,-0.013202603,-5.143743e-05,-0.0059643155,0.00078493473,-0.0018755121,-0.0016317632,0.0,0.054326292,-0.0020607328,-0.002626686,-0.0005072715,0.10114193,0.004141545
1196,0.0050096945,0.0,0.00508062,-0.0078102536,-0.0014581572,0.005641249,0.026726432,0.0016731084,0.034741018,0.008150764,-0.0013338625,-3.711055e-05,0.0,0.0,0.0,0.00031905598,0.00884168,0.0050504073,0.0,-0.0077481605,-0.005806243,-0.0004922155,-0.00027172227,0.20887122,0.04866675,0.003506448,0.0004254509,-0.00059893256,0.020134209,-0.002030258,0.0014352177,0.0014818693,-0.00010926255,0.14549613,0.0098388735,0.00010818662,0.2030631,0.052928574,0.038721807,-0.00047404435,0.0,0.0,0.17196997,0.453496,-0.0035767227,0.018904226,0.0,0.0008935593,-0.001197784,0.109868556,-0.013202603,-5.143743e-05,-0.0059643155,0.00078493473,-0.0018755121,-0.0016317632,0.0,0.05363019,-0.0020607328,-0.002626686,0.005312374,0.10004987,0.004141545
1197,0.0050096945,0.0,0.00508062,-0.0078102536,-0.0014581572,0.005641249,0.026726432,0.0016731084,0.034741018,0.008150764,-0.0013338625,-3.711055e-05,0.0,0.0,0.0,0.00031905598,0.00884168,0.0050504073,0.0,-0.0077481605,-0.005806243,0.0009546476,-0.00027172227,0.21204479,0.04866675,0.003506448,0.0004254509,0.00025132534,0.020134209,-0.002030258,0.0014352177,0.0014818693,-0.00010926255,0.14752313,0.0098388735,0.00010818662,0.2035839,0.052928574,0.038721807,-0.00047404435,0.0,0.0,0.17196997,0.4485324,-0.0035767227,0.019480899,0.0,0.0008935593,-0.001197784,0.1098441,-0.013202603,-5.143743e-05,-0.0059643155,0.00078493473,-0.0018755121,-0.0016317632,0.0,0.05326631,0.00057696406,-0.0037800334,-0.0005072715,0.10114193,0.004141545
1198,0.0050096945,0.0,0.00508062,-0.0078102536,-0.0014581572,0.005641249,0.026726432,0.0016731084,0.034741018,0.008150764,-0.0013338625,-3.711055e-05,0.0,0.0,0.0,0.00031905598,0.00884168,0.0050504073,0.0,-0.0077481605,-0.005806243,0.0009546476,-0.00027172227,0.21183506,0.04866675,0.003506448,0.0004254509,-0.00059893256,0.020134209,-0.002030258,0.0014352177,0.0014818693,-0.00010926255,0.14683658,0.0098388735,0.00010818662,0.2035839,0.052928574,0.038721807,-0.00047404435,0.0,0.0,0.17196997,0.45127997,-0.0035767227,0.018904226,0.0,0.0008935593,-0.001197784,0.1098441,-0.013202603,-5.143743e-05,-0.0059643155,0.00078493473,-0.0018755121,-0.0016317632,0.0,0.054326292,-0.0020607328,-0.002626686,-0.0005072715,0.10114193,0.004141545
1199,0.0050096945,0.0,0.00508062,-0.0078102536,-0.0014581572,0.005641249,0.026726432,0.0016731084,0.034741018,0.008150764,-0.0013338625,-3.711055e-05,0.0,0.0,0.0,0.00031905598,0.00884168,0.0050504073,0.0,-0.0077481605,-0.005806243,0.0009546476,-0.00027172227,0.20908095,0.04866675,0.003506448,0.0004254509,0.00025132534,0.020134209,-0.002030258,0.0014352177,0.0014818693,-0.00010926255,0.14683658,0.0098388735,0.00010818662,0.2030631,0.052928574,0.038721807,-0.00047404435,0.0,0.0,0.17196997,0.4507087,-0.0035767227,0.018904226,0.0,0.0008935593,-0.001197784,0.109868556,-0.013202603,-5.143743e-05,-0.0059643155,0.00078493473,-0.0018755121,-0.0016317632,0.0,0.05257021,-0.0020607328,-0.002626686,0.005312374,0.10004987,0.004141545
1250,0.0050096945,0.0,0.00508062,-0.0078102536,-0.0014581572,-0.00077331695,0.033041984,0.0016731084,0.034741018,0.008150764,-0.0013338625,-3.711055e-05,0.0,0.0,0.0,0.00031905598,0.00884168,0.0050504073,0.0,-0.0077481605,-0.005806243,-0.0004922155,-0.00027172227,0.20863605,0.04866675,0.003506448,0.0004254509,-0.00059893256,0.020134209,-0.002030258,0.0018594805,0.0014818693,-0.00010926255,0.14836662,0.0098388735,5.6470104e-05,0.20312649,0.052928574,0.04279189,-0.00047404435,0.0,0.0,0.16727799,0.45093727,-0.0035767227,0.019480899,0.0,0.0008935593,-0.001197784,0.109230295,-0.013375016,-5.143743e-05,-0.0059643155,-0.0023717568,-0.0018755121,-0.0016317632,0.0,0.05363019,-0.0020607328,-0.0037800334,0.005312374,0.10480234,0.004141545
1251,0.0050096945,0.0,0.00508062,-0.0078102536,-0.0014581572,-0.00077331695,0.033041984,0.0016731084,0.034741018,0.008150764,-0.0013338625,-3.711055e-05,0.0,0.0,0.0,0.00031905598,0.00884168,0.0050504073,0.0,-0.0077481605,-0.005806243,-0.0004922155,-0.00027172227,0.20863605,0.04866675,0.003506448,0.0004254509,-0.00059893256,0.020134209,-0.002030258,0.0018594805,0.0014818693,-0.00010926255,0.14836662,0.0098388735,5.6470104e-05,0.20312649,0.052928574,0.04279189,-0.00047404435,0.0,0.0,0.16727799,0.45093727,-0.0035767227,0.019480899,0.0,0.0008935593,-0.001197784,0.109230295,-0.013375016,-5.143743e-05,-0.0059643155,-0.0023717568,-0.0018755121,-0.0016317632,0.0,0.05363019,-0.0020607328,-0.0037800334,0.005312374,0.10480234,0.004141545
1252,0.0050096945,0.0,0.00508062,-0.0078102536,-0.0014581572,-0.00077331695,0.033041984,0.0016731084,0.034741018,0.008150764,-0.0013338625,-3.711055e-05,0.0,0.0,0.0,0.00031905598,0.00884168,0.0050504073,0.0,-0.0077481605,-0.005806243,-0.0004922155,-0.00027172227,0.20863605,0.04866675,0.003506448,0.0004254509,-0.00059893256,0.020134209,-0.002030258,0.0018594805,0.0014818693,-0.00010926255,0.14836662,0.0098388735,5.6470104e-05,0.20312649,0.052928574,0.038721807,-0.00047404435,0.0,0.0,0.16819137,0.45093727,-0.0035767227,0.019480899,0.0,0.0008935593,-0.001197784,0.109230295,-0.013375016,-5.143743e-05,-0.0059643155,0.00078493473,-0.0018755121,-0.0016317632,0.0,0.05363019,-0.0020607328,-0.0037800334,0.005312374,0.10480234,0.004141545
1253,0.0050096945,0.0,0.00508062,-0.0078102536,-0.0014581572,-0.00077331695,0.033041984,0.0016731084,0.034741018,0.008150764,-0.0013338625,-3.711055e-05,0.0,0.0,0.0,0.00031905598,0.00884168,0.0050504073,0.0,-0.0077481605,-0.005806243,-0.0004922155,-0.00027172227,0.20863605,0.04866675,0.003506448,0.0004254509,-0.00059893256,0.020134209,-0.002030258,0.0018594805,0.0014818693,-0.00010926255,0.14836662,0.0098388735,5.6470104e-05,0.20312649,0.052928574,0.038721807,-0.00047404435,0.0,0.0,0.16819137,0.45093727,-0.0035767227,0.019480899,0.0,0.0008935593,-0.001197784,0.109230295,-0.013375016,-5.143743e-05,-0.0059643155,0.00078493473,-0.0018755121,-0.0016317632,0.0,0.05363019,-0.0020607328,-0.0037800334,0.005312374,0.10480234,0.004141545
1254,0.0050096945,0.0,0.00508062,-0.0078102536,-0.0014581572,-0.00077331695,0.033041984,0.0016731084,0.034741018,0.008150764,-0.0013338625,-3.711055e-05,0.0,0.0,0.0,0.00031905598,0.00884168,0.0050504073,0.0,-0.0077481605,-0.005806243,-0.0004922155,-0.00027172227,0.20863605,0.04866675,0.003506448,0.0004254509,-0.00059893256,0.020134209,-0.002030258,0.0018594805,0.0014818693,-0.00010926255,0.14836662,0.0098388735,5.6470104e-05,0.20312649,0.052928574,0.04279189,-0.00047404435,0.0,0.0,0.16727799,0.45093727,-0.0035767227,0.019480899,0.0,0.0008935593,-0.001197784,0.109230295,-0.013375016,-5.143743e-05,-0.0059643155,-0.0023717568,-0.0018755121,-0.0016317632,0.0,0.05363019,-0.0020607328,-0.0037800334,0.005312374,0.10480234,0.004141545
1255,0.0050096945,0.0,0.00508062,-0.0078102536,-0.0014581572,0.005641249,0.033041984,0.0016731084,0.034741018,0.008150764,-0.0013338625,-3.711055e-05,0.0,0.0,0.0,0.00031905598,0.00884168,0.0050504073,0.0,-0.0077481605,-0.005806243,-0.0004922155,-0.00027172227,0.20863605,0.04917798,0.003506448,0.0004254509,-0.00059893256,0.020134209,-0.002030258,0.0018594805,0.0014818693,-0.00010926255,0.14771578,0.0098388735,-0.00038965093,0.20312649,0.05267296,0.04279189,-0.00047404435,0.0,0.0,0.15714215,0.44957954,-0.0035767227,0.018904226,0.0,0.010685612,-0.001197784,0.109230295,-0.01307094,-5.143743e-05,-0.0059643155,-0.0023717568,-0.0018755121,-0.0016317632,0.0,0.05363019,-0.0020607328,-0.002626686,0.005312374,0.10004987,0.004141545
1256,0.0050096945,0.0,0.00508062,-0.0078102536,-0.0014581572,0.005641249,0.033041984,0.0016731084,0.034741018,0.008150764,-0.0013338625,-3.711055e-05,0.0,0.0,0.0,0.00031905598,0.00884168,0.0050504073,0.0,-0.0077481605,-0.005806243,-0.0004922155,-0.00027172227,0.20863605,0.04917798,0.003506448,0.0004254509,-0.00059893256,0.020134209,-0.002030258,0.0018594805,0.0014818693,-0.00010926255,0.14771578,0.0098388735,-0.00038965093,0.20312649,0.05267296,0.04279189,-0.00047404435,0.0,0.0,0.15714215,0.44950208,-0.0035767227,0.018904226,0.0,0.010685612,-0.001197784,0.109230295,-0.013337263,-5.143743e-05,-0.0059643155,-0.0023717568,-0.0018755121,-0.0016317632,0.0,0.05397397,-0.0020607328,-0.002626686,0.005312374,0.10004987,0.004141545
1257,0.0050096945,0.0,0.00508062,-0.0078102536,-0.0014581572,0.005641249,0.033041984,0.0016731084,0.034741018,0.008150764,-0.0013338625,-3.711055e-05,0.0,0.0,0.0,0.00031905598,0.00884168,0.0050504073,0.0,-0.0077481605,-0.005806243,-0.0004922155,-0.00027172227,0.20863605,0.04917798,0.003506448,0.0004254509,-0.00059893256,0.020134209,-0.002030258,0.0018594805,0.0014818693,-0.00010926255,0.14771578,0.0098388735,0.00010818662,0.20312649,0.05267296,0.04279189,-0.00047404435,0.0,0.0,0.15689322,0.44957954,-0.0035767227,0.018904226,0.0,0.010685612,-0.001197784,0.109230295,-0.013319858,-5.143743e-05,-0.0059643155,-0.0023717568,-0.0018755121,-0.0016317632,0.0,0.05363019,-0.0020607328,-0.002626686,0.005312374,0.10004987,0.004141545
1258,0.0050096945,0.0,0.00508062,-0.0078102536,-0.0014581572,0.005641249,0.033041984,0.0016731084,0.034741018,0.008150764,-0.0013338625,-3.711055e-05,0.0,0.0,0.0,0.00031905598,0.00884168,0.0050504073,0.0,-0.0077481605,-0.005806243,-0.0004922155,-0.00027172227,0.20863605,0.04917798,0.003506448,0.0004254509,-0.00059893256,0.020134209,-0.002030258,0.0018594805,0.0014818693,-0.00010926255,0.14771578,0.0098388735,5.6470104e-05,0.20312649,0.05267296,0.04279189,-0.00047404435,0.0,0.0,0.15714215,0.44970974,-0.0035767227,0.018904226,0.0,0.010685612,-0.001197784,0.109230295,-0.01307094,-5.143743e-05,-0.0059643155,-0.0023717568,-0.0018755121,-0.0016317632,0.0,0.05363019,-0.0020607328,-0.002626686,0.005312374,0.099473536,0.004141545
1259,0.0050096945,0.0,0.00508062,-0.0078102536,-0.0014581572,0.005641249,0.033041984,0.0016731084,0.034741018,0.008150764,-0.0013338625,-3.711055e-05,0.0,0.0,0.0,0.00031905598,0.00884168,0.0050504073,0.0,-0.0077481605,-0.005806243,-0.0004922155,-0.00027172227,0.20863605,0.04917798,0.003506448,0.0004254509,-0.00059893256,0.020134209,-0.002030258,0.0018594805,0.0014818693,-0.00010926255,0.14771578,0.0098388735,5.6470104e-05,0.20312649,0.05267296,0.04279189,-0.00047404435,0.0,0.0,0.15714215,0.44970974,-0.0035767227,0.018904226,0.0,0.010685612,-0.001197784,0.109230295,-0.01307094,-5.143743e-05,-0.0059643155,-0.0023717568,-0.0018755121,-0.0016317632,0.0,0.05363019,-0.0020607328,-0.002626686,0.005312374,0.099473536,0.004141545
1260,0.0050096945,0.0,0.00508062,-0.0078102536,-0.0014581572,0.005641249,0.033041984,0.0016731084,0.034741018,0.008150764,-0.0013338625,-3.711055e-05,0.0,0.0,0.0,0.00031905598,0.00884168,0.0050504073,0.0,-0.0077481605,-0.005806243,-0.0004922155,-0.00027172227,0.20863605,0.04917798,0.003506448,0.0004254509,-0.00059893256,0.020134209,-0.002030258,0.0018594805,0.0014818693,-0.00010926255,0.14771578,0.0098388735,-0.00038965093,0.20312649,0.05267296,0.04279189,-0.00047404435,0.0,0.0,0.15714215,0.45007876,-0.0035767227,0.019480899,0.0,0.010685612,-0.001197784,0.109230295,-0.013337263,-5.143743e-05,-0.0059643155,-0.0023717568,-0.0018755121,-0.0016317632,0.0,0.05397397,-0.0020607328,-0.0037800334,0.005312374,0.10004987,0.004141545
1261,0.0050096945,0.0,0.00508062,-0.0078102536,-0.0014581572,0.005641249,0.033041984,0.0016731084,0.034741018,0.008150764,-0.0013338625,-3.711055e-05,0.0,0.0,0.0,0.00031905598,0.00884168,0.0050504073,0.0,-0.0077481605,-0.005806243,-0.0004922155,-0.00027172227,0.20863605,0.04917798,0.003506448,0.0004254509,-0.00059893256,0.020134209,-0.002030258,0.0018594805,0.0014818693,-0.00010926255,0.14771578,0.0098388735,5.6470104e-05,0.20312649,0.05267296,0.04279189,-0.00047404435,0.0,0.0,0.15714215,0.44970974,-0.0035767227,0.018904226,0.0,0.010685612,-0.001197784,0.109230295,-0.01307094,-5.143743e-05,-0.0059643155,-0.0023717568,-0.0018755121,-0.0016317632,0.0,0.05363019,-0.0020607328,-0.002626686,0.005312374,0.099473536,0.004141545
1262,0.0050096945,0.0,0.00508062,-0.0078102536,-0.0014581572,0.005641249,0.033041984,0.0016731084,0.034741018,0.008150764,-0.0013338625,-3.711055e-05,0.0,0.0,0.0,0.00031905598,0.00884168,0.0050504073,0.0,-0.0077481605,-0.005806243,-0.0004922155,-0.00027172227,0.20863605,0.04917798,0.003506448,0.0004254509,-0.00059893256,0.020134209,-0.002030258,0.0018594805,0.0014818693,-0.00010926255,0.14771578,0.0098388735,5.6470104e-05,0.20312649,0.05267296,0.04279189,-0.00047404435,0.0,0.0,0.15714215,0.44970974,-0.0035767227,0.018904226,0.0,0.010685612,-0.001197784,0.109230295,-0.01307094,-5.143743e-05,-0.0059643155,-0.0023717568,-0.0018755121,-0.0016317632,0.0,0.05363019,-0.0020607328,-0.002626686,0.005312374,0.099473536,0.004141545
1263,0.0050096945,0.0,0.00508062,-0.0078102536,-0.0014581572,-0.00077331695,0.033041984,0.0016731084,0.034741018,0.008150764,-0.0013338625,-3.711055e-05,0.0,0.0,0.0,0.00031905598,0.00884168,0.0050504073,0.0,-0.0077481605,-0.005806243,-0.0004922155,-0.00027172227,0.20863605,0.04917798,0.003506448,0.0004254509,-0.00059893256,0.020134209,-0.002030258,0.0018594805,0.0014818693,-0.00010926255,0.14836662,0.0098388735,5.6470104e-05,0.20312649,0.05267296,0.04279189,-0.00047404435,0.0,0.0,0.15714215,0.4503606,-0.0035767227,0.018904226,0.0,0.010685612,-0.001197784,0.109230295,-0.013286838,-5.143743e-05,-0.0059643155,-0.0023717568,-0.0018755121,-0.0016317632,0.0,0.05363019,-0.0020607328,-0.002626686,0.005312374,0.10480234,0.004141545
1264,0.0050096945,0.0,0.00508062,-0.0078102536,-0.0014581572,0.005641249,0.033041984,0.0016731084,0.034741018,0.008150764,-0.0013338625,-3.711055e-05,0.0,0.0,0.0,0.00031905598,0.00884168,0.0050504073,0.0,-0.0077481605,-0.005806243,-0.0004922155,-0.00027172227,0.20863605,0.04917798,0.003506448,0.0004254509,-0.00059893256,0.020134209,-0.002030258,0.0018594805,0.0014818693,-0.00010926255,0.14771578,0.0098388735,5.6470104e-05,0.20312649,0.05267296,0.04279189,-0.00047404435,0.0,0.0,0.15714215,0.44970974,-0.0035767227,0.018904226,0.0,0.010685612,-0.001197784,0.109230295,-0.01307094,-5.143743e-05,-0.0059643155,-0.0023717568,-0.0018755121,-0.0016317632,0.0,0.05363019,-0.0020607328,-0.002626686,0.005312374,0.099473536,0.004141545
1265,0.0050096945,0.0,0.00508062,-0.0078102536,-0.0014581572,0.005641249,0.033041984,0.0016731084,0.034741018,0.008150764,-0.0013338625,-3.711055e-05,0.0,0.0,0.0,0.00031905598,0.00884168,0.0050504073,0.0,-0.0077481605,-0.005806243,-0.0004922155,-0.00027172227,0.20863605,0.04917798,0.003506448,0.0004254509,-0.00059893256,0.020134209,-0.002030258,0.0018594805,0.0014818693,-0.00010926255,0.14771578,0.0098388735,5.6470104e-05,0.20312649,0.05267296,0.04279189,-0.00047404435,0.0,0.0,0.15714215,0.44970974,-0.0035767227,0.018904226,0.0,0.010685612,-0.001197784,0.109230295,-0.01307094,-5.143743e-05,-0.0059643155,-0.0023717568,-0.0018755121,-0.0016317632,0.0,0.05363019,-0.0020607328,-0.002626686,0.005312374,0.099473536,0.004141545
1266,0.0050096945,0.0,0.00508062,-0.0078102536,-0.0014581572,-0.00077331695,0.033041984,0.0016731084,0.034741018,0.008150764,-0.0013338625,-3.711055e-05,0.0,0.0,0.0,0.00031905598,0.00884168,0.0050504073,0.0,-0.0077481605,-0.005806243,-0.0004922155,-0.00027172227,0.20863605,0.04917798,0.003506448,0.0004254509,-0.00059893256,0.020134209,-0.002030258,0.0018594805,0.0014818693,-0.00010926255,0.14836662,0.0098388735,0.0013166785,0.20312649,0.05267296,0.04279189,-0.00047404435,0.0,0.0,0.15714215,0.44792765,-0.0035767227,0.018904226,0.0,0.010685612,-0.001197784,0.109230295,-0.013286838,-5.143743e-05,-0.0059643155,-0.0023717568,-0.0018755121,-0.0016317632,0.0,0.05363019,-0.0020607328,-0.002626686,0.005312374,0.10597508,0.004141545
1267,0.0050096945,0.0,0.00508062,-0.0078102536,-0.0014581572,0.005641249,0.033041984,0.0016731084,0.034741018,0.008150764,-0.0013338625,-3.711055e-05,0.0,0.0,0.0,0.00031905598,0.00884168,0.0050504073,0.0,-0.0077481605,-0.005806243,-0.0004922155,-0.00027172227,0.20863605,0.04917798,0.003506448,0.0004254509,-0.00059893256,0.020134209,-0.002030258,0.0018594805,0.0014818693,-0.00010926255,0.14771578,0.0098388735,0.0013166785,0.20312649,0.05267296,0.04279189,-0.00047404435,0.0,0.0,0.15714215,0.4472768,-0.0035767227,0.018904226,0.0,0.010685612,-0.001197784,0.109230295,-0.01307094,-5.143743e-05,-0.0059643155,-0.0023717568,-0.0018755121,-0.0016317632,0.0,0.05363019,-0.0020607328,-0.002626686,0.005312374,0.10064627,0.004141545
1268,0.0050096945,0.0,0.00508062,-0.0078102536,-0.0014581572,0.005641249,0.033041984,0.0016731084,0.034741018,0.008150764,-0.0013338625,-3.711055e-05,0.0,0.0,0.0,0.00031905598,0.00884168,0.0050504073,0.0,-0.0077481605,-0.005806243,-0.0004922155,-0.00027172227,0.20863605,0.04866675,0.003506448,0.0004254509,-0.00059893256,0.020134209,-0.002030258,0.0018594805,0.0014818693,-0.00010926255,0.14771578,0.0098388735,-0.00038965093,0.20312649,0.052928574,0.04279189,-0.00047404435,0.0,0.0,0.15714215,0.44957954,-0.0035767227,0.018904226,0.0,0.010685612,-0.001197784,0.109230295,-0.0128153255,-5.143743e-05,-0.0059643155,-0.0023717568,-0.0018755121,-0.0016317632,0.0,0.05363019,-0.0020607328,-0.002626686,0.005312374,0.10004987,0.004141545
1269,0.0050096945,0.0,0.00508062,-0.0078102536,-0.0014581572,0.005641249,0.033041984,0.0016731084,0.034741018,0.008150764,-0.0013338625,-3.711055e-05,0.0,0.0,0.0,0.00031905598,0.00884168,0.0050504073,0.0,-0.0077481605,-0.005806243,-0.0004922155,-0.00027172227,0.20863605,0.04917798,0.003506448,0.0004254509,-0.00059893256,0.020134209,-0.002030258,0.0018594805,0.0014818693,-0.00010926255,0.14771578,0.0098388735,-0.00038965093,0.20312649,0.05267296,0.04279189,-0.00047404435,0.0,0.0,0.15714215,0.44957954,-0.0035767227,0.018904226,0.0,0.010685612,-0.001197784,0.109230295,-0.01307094,-5.143743e-05,-0.0059643155,-0.0023717568,-0.0018755121,-0.0016317632,0.0,0.05363019,-0.0020607328,-0.002626686,0.005312374,0.10004987,0.004141545
1270,0.0050096945,0.0,0.00508062,-0.0078102536,-0.0014581572,-0.00077331695,0.033041984,0.0016731084,0.034741018,0.008150764,-0.0013338625,-3.711055e-05,0.0,0.0,0.0,0.00031905598,0.00884168,0.0050504073,0.0,-0.0077481605,-0.005806243,-0.0004922155,-0.00027172227,0.20863605,0.04917798,0.003506448,0.0004254509,-0.00059893256,0.020134209,-0.002030258,0.0018594805,0.0014818693,-0.00010926255,0.14836662,0.0098388735,-0.00038965093,0.20312649,0.05267296,0.04279189,-0.00047404435,0.0,0.0,0.15714215,0.4502304,-0.0035767227,0.018904226,0.0,0.010685612,-0.001197784,0.109230295,-0.013286838,-5.143743e-05,-0.0059643155,-0.0023717568,-0.0018755121,-0.0016317632,0.0,0.05363019,-0.0020607328,-0.002626686,0.005312374,0.10537867,0.004141545
1271,0.0050096945,0.0,0.00508062,-0.0078102536,-0.0014581572,0.005641249,0.033041984,0.0016731084,0.034741018,0.008150764,-0.0013338625,-3.711055e-05,0.0,0.0,0.0,0.00031905598,0.00884168,0.0050504073,0.0,-0.0077481605,-0.005806243,-0.0004922155,-0.00027172227,0.20863605,0.04917798,0.003506448,0.0004254509,-0.00059893256,0.020134209,-0.002030258,0.0018594805,0.0014818693,-0.00010926255,0.14771578,0.0098388735,-0.00038965093,0.20312649,0.05267296,0.04279189,-0.00047404435,0.0,0.0,0.15714215,0.44957954,-0.0035767227,0.018904226,0.0,0.010685612,-0.001197784,0.109230295,-0.01307094,-5.143743e-05,-0.0059643155,-0.0023717568,-0.0018755121,-0.0016317632,0.0,0.05363019,-0.0020607328,-0.002626686,0.005312374,0.10004987,0.004141545
1272,0.0050096945,0.0,0.00508062,-0.0078102536,-0.0014581572,0.005641249,0.033041984,0.0016731084,0.034741018,0.008150764,-0.0013338625,-3.711055e-05,0.0,0.0,0.0,0.00031905598,0.00884168,0.0050504073,0.0,-0.0077481605,-0.005806243,-0.0004922155,-0.00027172227,0.20863605,0.04917798,0.003506448,0.0004254509,-0.00059893256,0.020134209,-0.002030258,0.0018594805,0.0014818693,-0.00010926255,0.14771578,0.0098388735,-0.00038965093,0.20312649,0.05267296,0.04279189,-0.00047404435,0.0,0.0,0.15714215,0.45007876,-0.0035767227,0.019480899,0.0,0.010685612,-0.001197784,0.109230295,-0.013337263,-5.143743e-05,-0.0059643155,-0.0023717568,-0.0018755121,-0.0016317632,0.0,0.05397397,-0.0020607328,-0.0037800334,0.005312374,0.10004987,0.004141545
1273,0.0050096945,0.0,0.00508062,-0.0078102536,-0.0014581572,0.005641249,0.033041984,0.0016731084,0.034741018,0.008150764,-0.0013338625,-3.711055e-05,0.0,0.0,0.0,0.00031905598,0.00884168,0.0050504073,0.0,-0.0077481605,-0.005806243,-0.0004922155,-0.00027172227,0.20863605,0.04917798,0.003506448,0.0004254509,-0.00059893256,0.020134209,-0.002030258,0.0018594805,0.0014818693,-0.00010926255,0.14771578,0.0098388735,0.0013166785,0.20312649,0.05267296,0.04279189,-0.00047404435,0.0,0.0,0.15714215,0.44777602,-0.0035767227,0.019480899,0.0,0.010685612,-0.001197784,0.109230295,-0.013337263,-5.143743e-05,-0.0059643155,-0.0023717568,-0.0018755121,-0.0016317632,0.0,0.05397397,-0.0020607328,-0.0037800334,0.005312374,0.10064627,0.004141545
1274,0.0050096945,0.0,0.00508062,-0.0078102536,-0.0014581572,0.005641249,0.033041984,0.0016731084,0.034741018,0.008150764,-0.0013338625,-3.711055e-05,0.0,0.0,0.0,0.00031905598,0.00884168,0.0050504073,0.0,-0.0077481605,-0.005806243,-0.0004922155,-0.00027172227,0.20863605,0.04917798,0.003506448,0.0004254509,-0.00059893256,0.020134209,-0.002030258,0.0018594805,0.0014818693,-0.00010926255,0.14771578,0.0098388735,0.0013166785,0.20312649,0.05267296,0.04279189,-0.00047404435,0.0,0.0,0.15714215,0.44777602,-0.0035767227,0.019480899,0.0,0.010685612,-0.001197784,0.109230295,-0.013337263,-5.143743e-05,-0.0059643155,-0.0023717568,-0.0018755121,-0.0016317632,0.0,0.05397397,-0.0020607328,-0.0037800334,0.005312374,0.10064627,0.004141545
1275,0.0050096945,0.0,0.00508062,-0.0078102536,-0.0014581572,-0.00077331695,0.033041984,0.0016731084,0.034741018,0.008150764,-0.0013338625,-3.711055e-05,0.0,0.0,0.0,0.00031905598,0.00884168,0.0050504073,0.0,-0.0077481605,-0.005806243,-0.0004922155,-0.00027172227,0.20863605,0.04866675,0.003506448,0.0004254509,-0.00059893256,0.020134209,0.0009221661,0.0018594805,0.0014818693,-0.00010926255,0.14836662,0.0098388735,5.6470104e-05,0.20312649,0.053930115,0.038721807,-0.00047404435,0.0,0.0,0.16819137,0.4469833,-0.0035767227,0.019480899,0.0,0.0008935593,-0.001197784,0.109230295,-0.013375016,-5.143743e-05,-0.0059643155,0.00078493473,-0.0018755121,-0.0016317632,0.0,0.05363019,-0.0020607328,-0.0037800334,0.005312374,0.10480234,0.004141545
1276,0.0050096945,0.0,0.00508062,-0.0078102536,-0.0014581572,-0.00077331695,0.033041984,0.0016731084,0.034741018,0.008150764,-0.0013338625,-3.711055e-05,0.0,0.0,0.0,0.00031905598,0.00884168,0.0050504073,0.0,-0.0077481605,-0.005806243,-0.0004922155,-0.00027172227,0.20863605,0.04866675,0.003506448,0.0004254509,-0.00059893256,0.020134209,-0.002030258,0.0018594805,0.0014818693,-0.00010926255,0.14836662,0.0098388735,5.6470104e-05,0.20312649,0.052928574,0.04279189,-0.00047404435,0.0,0.0,0.15714215,0.45093727,-0.0035767227,0.019480899,0.0,0.010685612,-0.001197784,0.109230295,-0.013031224,-5.143743e-05,-0.0059643155,-0.0023717568,-0.0018755121,-0.0016317632,0.0,0.05363019,-0.0020607328,-0.0037800334,0.005312374,0.10480234,0.004141545
1277,0.0050096945,0.0,0.00508062,-0.0078102536,-0.0014581572,-0.00077331695,0.033041984,0.0016731084,0.034741018,0.008150764,-0.0013338625,-3.711055e-05,0.0,0.0,0.0,0.00031905598,0.00884168,0.0050504073,0.0,-0.0077481605,-0.005806243,-0.0004922155,-0.00027172227,0.20863605,0.04866675,0.003506448,0.0004254509,-0.00059893256,0.020134209,0.0009221661,0.0018594805,0.0014818693,-0.00010926255,0.14836662,0.0098388735,5.6470104e-05,0.20312649,0.053930115,0.038721807,-0.00047404435,0.0,0.0,0.16819137,0.4469833,-0.0035767227,0.019480899,0.0,0.0008935593,-0.001197784,0.109230295,-0.013375016,-5.143743e-05,-0.0059643155,0.00078493473,-0.0018755121,-0.0016317632,0.0,0.05363019,-0.0020607328,-0.0037800334,0.005312374,0.10480234,0.004141545
1278,0.0050096945,0.0,0.00508062,-0.0078102536,-0.0014581572,-0.00077331695,0.033041984,0.0016731084,0.034741018,0.008150764,-0.0013338625,-3.711055e-05,0.0,0.0,0.0,0.00031905598,0.00884168,0.0050504073,0.0,-0.0077481605,-0.005806243,-0.0004922155,-0.00027172227,0.21159989,0.04866675,0.003506448,0.0004254509,-0.00059893256,0.020134209,0.0009221661,0.0018594805,0.0014818693,-0.00010926255,0.14836662,0.0098388735,5.6470104e-05,0.20364729,0.053930115,0.038721807,-0.00047404435,0.0,0.0,0.15805553,0.4475546,-0.0035767227,0.019480899,0.0,0.010685612,-0.001197784,0.10920584,-0.013031224,-5.143743e-05,-0.0059643155,0.00078493473,-0.0018755121,-0.0016317632,0.0,0.054326292,-0.0020607328,-0.0037800334,-0.0005072715,0.1058944,0.004141545
1279,0.0050096945,0.0,0.00508062,-0.0078102536,-0.0014581572,-0.00077331695,0.033041984,0.0016731084,0.034741018,0.008150764,-0.0013338625,-3.711055e-05,0.0,0.0,0.0,0.00031905598,0.00884168,0.0050504073,0.0,-0.0077481605,-0.005806243,-0.0004922155,-0.00027172227,0.20863605,0.04866675,0.003506448,0.0004254509,-0.00059893256,0.020134209,-0.002030258,0.0018594805,0.0014818693,-0.00010926255,0.14836662,0.0098388735,5.6470104e-05,0.20312649,0.052928574,0.04279189,-0.00047404435,0.0,0.0,0.15714215,0.45093727,-0.0035767227,0.019480899,0.0,0.010685612,-0.001197784,0.109230295,-0.013031224,-5.143743e-05,-0.0059643155,-0.0023717568,-0.0018755121,-0.0016317632,0.0,0.05363019,-0.0020607328,-0.0037800334,0.005312374,0.10480234,0.004141545
1280,0.0050096945,0.0,0.00508062,-0.0078102536,-0.0014581572,0.005641249,0.033041984,0.0016731084,0.034741018,0.008150764,-0.0013338625,-3.711055e-05,0.0,0.0,0.0,0.00031905598,0.00884168,0.0050504073,0.0,-0.0077481605,-0.005806243,-0.0004922155,-0.00027172227,0.20863605,0.04917798,0.003506448,0.0004254509,-0.00059893256,0.020134209,-0.002030258,0.0018594805,0.0014818693,-0.00010926255,0.14771578,0.0098388735,5.6470104e-05,0.20312649,0.05267296,0.04279189,-0.00047404435,0.0,0.0,0.15714215,0.44970974,-0.0035767227,0.018904226,0.0,0.010685612,-0.001197784,0.109230295,-0.01307094,-5.143743e-05,-0.0059643155,-0.0023717568,-0.0018755121,-0.0016317632,0.0,0.05363019,-0.0020607328,-0.002626686,0.005312374,0.099473536,0.004141545
1281,0.0050096945,0.0,0.00508062,-0.0078102536,-0.0014581572,-0.00077331695,0.033041984,0.0016731084,0.034741018,0.008150764,-0.0013338625,-3.711055e-05,0.0,0.0,0.0,0.00031905598,0.00884168,0.0050504073,0.0,-0.0077481605,-0.005806243,-0.0004922155,-0.00027172227,0.20863605,0.04917798,0.003506448,0.0004254509,-0.00059893256,0.020134209,0.0009221661,0.0018594805,0.0014818693,-0.00010926255,0.14836662,0.0098388735,-0.00038965093,0.20312649,0.0536745,0.04279189,-0.00047404435,0.0,0.0,0.15714215,0.4468531,-0.0035767227,0.019480899,0.0,0.010685612,-0.001197784,0.109230295,-0.013286838,-5.143743e-05,-0.0059643155,-0.0023717568,-0.0018755121,-0.0016317632,0.0,0.05363019,-0.0020607328,-0.0037800334,0.005312374,0.10537867,0.004141545
1282,0.0050096945,0.0,0.00508062,-0.0078102536,-0.0014581572,0.005641249,0.033041984,0.0016731084,0.034741018,0.008150764,-0.0013338625,-3.711055e-05,0.0,0.0,0.0,0.00031905598,0.00884168,0.0050504073,0.0,-0.0077481605,-0.005806243,-0.0004922155,-0.00027172227,0.20863605,0.04917798,0.003506448,0.0004254509,-0.00059893256,0.020134209,-0.002030258,0.0018594805,0.0014818693,-0.00010926255,0.14771578,0.0098388735,0.00010818662,0.20312649,0.05267296,0.04279189,-0.00047404435,0.0,0.0,0.15689322,0.44957954,-0.0035767227,0.018904226,0.0,0.010685612,-0.001197784,0.109230295,-0.013319858,-5.143743e-05,-0.0059643155,-0.0023717568,-0.0018755121,-0.0016317632,0.0,0.05363019,-0.0020607328,-0.002626686,0.005312374,0.10004987,0.004141545
1283,0.0050096945,0.0,0.00508062,-0.0078102536,-0.0014581572,0.005641249,0.033041984,0.0016731084,0.034741018,0.008150764,-0.0013338625,-3.711055e-05,0.0,0.0,0.0,0.00031905598,0.00884168,0.0050504073,0.0,-0.0077481605,-0.005806243,-0.0004922155,-0.00027172227,0.20863605,0.04917798,0.003506448,0.0004254509,-0.00059893256,0.020134209,-0.002030258,0.0018594805,0.0014818693,-0.00010926255,0.14771578,0.0098388735,-0.00038965093,0.20312649,0.05267296,0.04279189,-0.00047404435,0.0,0.0,0.15714215,0.44957954,-0.0035767227,0.018904226,0.0,0.010685612,-0.001197784,0.109230295,-0.01307094,-5.143743e-05,-0.0059643155,-0.0023717568,-0.0018755121,-0.0016317632,0.0,0.05363019,-0.0020607328,-0.002626686,0.005312374,0.10004987,0.004141545
1284,0.0050096945,0.0,0.00508062,-0.0078102536,-0.0014581572,0.005641249,0.033041984,0.0016731084,0.034741018,0.008150764,-0.0013338625,-3.711055e-05,0.0,0.0,0.0,0.00031905598,0.00884168,0.0050504073,0.0,-0.0077481605,-0.005806243,-0.0004922155,-0.00027172227,0.20863605,0.04917798,0.003506448,0.0004254509,-0.00059893256,0.020134209,-0.002030258,0.0018594805,0.0014818693,-0.00010926255,0.14771578,0.0098388735,5.6470104e-05,0.20312649,0.05267296,0.04279189,-0.00047404435,0.0,0.0,0.15714215,0.44970974,-0.0035767227,0.018904226,0.0,0.010685612,-0.001197784,0.109230295,-0.01307094,-5.143743e-05,-0.0059643155,-0.0023717568,-0.0018755121,-0.0016317632,0.0,0.05363019,-0.0020607328,-0.002626686,0.005312374,0.099473536,0.004141545
1285,0.0050096945,0.0,0.00508062,-0.0078102536,-0.0014581572,-0.00077331695,0.033041984,0.0016731084,0.034741018,0.008150764,-0.0013338625,-3.711055e-05,0.0,0.0,0.0,0.00031905598,0.00884168,0.0050504073,0.0,-0.0077481605,-0.005806243,-0.0004922155,-0.00027172227,0.20863605,0.04866675,0.003506448,0.0004254509,-0.00059893256,0.020134209,0.0009221661,0.0018594805,0.0014818693,-0.00010926255,0.14836662,0.0098388735,5.6470104e-05,0.20312649,0.053930115,0.04279189,-0.00047404435,0.0,0.0,0.16727799,0.4469833,-0.0035767227,0.019480899,0.0,0.0008935593,-0.001197784,0.109230295,-0.013375016,-5.143743e-05,-0.0059643155,-0.0023717568,-0.0018755121,-0.0016317632,0.0,0.05363019,-0.0020607328,-0.0037800334,0.005312374,0.10480234,0.004141545
1286,0.0050096945,0.0,0.00508062,-0.0078102536,-0.0014581572,-0.00077331695,0.033041984,0.0016731084,0.034741018,0.008150764,-0.0013338625,-3.711055e-05,0.0,0.0,0.0,0.00031905598,0.00884168,0.0050504073,0.0,-0.0077481605,-0.005806243,-0.0004922155,-0.00027172227,0.20863605,0.04866675,0.003506448,0.0004254509,-0.00059893256,0.020134209,0.0009221661,0.0018594805,0.0014818693,-0.00010926255,0.14836662,0.0098388735,5.6470104e-05,0.20312649,0.053930115,0.038721807,-0.00047404435,0.0,0.0,0.16819137,0.4469833,-0.0035767227,0.019480899,0.0,0.0008935593,-0.001197784,0.109230295,-0.013375016,-5.143743e-05,-0.0059643155,0.00078493473,-0.0018755121,-0.0016317632,0.0,0.05363019,-0.0020607328,-0.0037800334,0.005312374,0.10480234,0.004141545
1287,0.0050096945,0.0,0.00508062,-0.0078102536,-0.0014581572,-0.00077331695,0.033041984,0.0016731084,0.034741018,0.008150764,-0.0013338625,-3.711055e-05,0.0,0.0,0.0,0.00031905598,0.00884168,0.0050504073,0.0,-0.0077481605,-0.005806243,-0.0004922155,-0.00027172227,0.20863605,0.04866675,0.003506448,0.0004254509,-0.00059893256,0.020134209,0.0009221661,0.0018594805,0.0014818693,-0.00010926255,0.14836662,0.0098388735,5.6470104e-05,0.20312649,0.053930115,0.038721807,-0.00047404435,0.0,0.0,0.16819137,0.4469833,-0.0035767227,0.019480899,0.0,0.0008935593,-0.001197784,0.109230295,-0.013375016,-5.143743e-05,-0.0059643155,0.00078493473,-0.0018755121,-0.0016317632,0.0,0.05363019,-0.0020607328,-0.0037800334,0.005312374,0.10480234,0.004141545
1288,0.0050096945,0.0,0.00508062,-0.0078102536,-0.0014581572,-0.00077331695,0.033041984,0.0016731084,0.034741018,0.008150764,-0.0013338625,-3.711055e-05,0.0,0.0,0.0,0.00031905598,0.00884168,0.0050504073,0.0,-0.0077481605,-0.005806243,-0.0004922155,-0.00027172227,0.20863605,0.04866675,0.003506448,0.0004254509,-0.00059893256,0.020134209,0.0009221661,0.0018594805,0.0014818693,-0.00010926255,0.14836662,0.0098388735,5.6470104e-05,0.20312649,0.053930115,0.038721807,-0.00047404435,0.0,0.0,0.15805553,0.4469833,-0.0035767227,0.019480899,0.0,0.010685612,-0.001197784,0.109230295,-0.013031224,-5.143743e-05,-0.0059643155,0.00078493473,-0.0018755121,-0.0016317632,0.0,0.05363019,-0.0020607328,-0.0037800334,0.005312374,0.10480234,0.004141545
1289,0.0050096945,0.0,0.00508062,-0.0078102536,-0.0014581572,-0.00077331695,0.033041984,0.0016731084,0.034741018,0.008150764,-0.0013338625,-3.711055e-05,0.0,0.0,0.0,0.00031905598,0.00884168,0.0050504073,0.0,-0.0077481605,-0.005806243,-0.0004922155,-0.00027172227,0.20863605,0.04866675,0.003506448,0.0004254509,-0.00059893256,0.020134209,0.0009221661,0.0018594805,0.0014818693,-0.00010926255,0.14836662,0.0098388735,5.6470104e-05,0.20312649,0.053930115,0.038721807,-0.00047404435,0.0,0.0,0.16819137,0.4469833,-0.0035767227,0.019480899,0.0,0.0008935593,-0.001197784,0.109230295,-0.013375016,-5.143743e-05,-0.0059643155,0.00078493473,-0.0018755121,-0.0016317632,0.0,0.05363019,-0.0020607328,-0.0037800334,0.005312374,0.10480234,0.004141545
1290,0.0050096945,0.0,0.00508062,-0.011978056,-0.0014581572,-0.00077331695,0.033041984,0.0016731084,0.054105148,-0.0013376605,-0.0013338625,-3.711055e-05,0.0,0.0,0.0,0.00031905598,0.014165095,0.003052714,0.0,-0.0077481605,-0.005806243,-0.0004922155,-0.00027172227,0.20764509,0.04917798,0.003506448,0.0004254509,-0.00059893256,0.020134209,0.0009221661,0.0018594805,0.0014818693,-0.00010926255,0.14836662,0.0098388735,5.6470104e-05,0.18792343,0.0532545,0.038721807,-0.00047404435,0.0,0.0,0.15281354,0.43655357,-0.0035767227,0.016795997,0.0,0.010685612,-0.001197784,0.10920584,-0.013286838,-5.143743e-05,-0.0059643155,0.00078493473,-0.0018755121,-0.0016317632,0.0,0.054326292,-0.0020607328,-0.0037800334,-0.0005072715,0.1058944,0.004141545
1291,0.0050096945,0.0,0.00508062,-0.011978056,-0.0014581572,-0.00077331695,0.033041984,0.0016731084,0.05355516,-0.0013376605,-0.0013338625,-3.711055e-05,0.0,0.0,0.0,0.00031905598,0.014165095,0.003052714,0.0,-0.0077481605,-0.005806243,-0.0004922155,-0.00027172227,0.20468122,0.04866675,0.003506448,0.0004254509,-0.00059893256,0.020134209,0.0009221661,0.0018594805,0.0014818693,-0.00010926255,0.14836662,0.0098388735,5.6470104e-05,0.18740264,0.053930115,0.038721807,-0.00047404435,0.0,0.0,0.15281354,0.43611228,-0.0035767227,0.016795997,0.0,0.010685612,-0.001197784,0.109230295,-0.013031224,-5.143743e-05,-0.0059643155,0.00078493473,-0.0018755121,-0.0016317632,0.0,0.05363019,-0.0020607328,-0.0037800334,0.005312374,0.10480234,0.004141545
1292,-0.06928287,0.0,0.00508062,-0.011978056,-0.0014581572,-0.00077331695,0.033041984,0.0016731084,0.052592512,-0.0013376605,-0.0013338625,-3.711055e-05,0.0,0.0,0.0,0.00031905598,0.014165095,0.003052714,0.0,-0.0077481605,-0.005806243,-0.0004922155,-0.00027172227,0.20263249,0.04866675,0.003506448,0.0004254509,-0.00059893256,0.020134209,0.0009221661,0.0018594805,0.0014818693,-0.00010926255,0.14836662,0.0098388735,5.6470104e-05,0.18327911,0.053510115,0.038721807,-0.00047404435,0.0,0.0,0.15228264,0.414803,-0.0035767227,0.016795997,0.0,0.010685612,-0.001197784,0.107547015,-0.013297547,-5.143743e-05,-0.0059643155,0.00078493473,-0.0018755121,-0.0016317632,0.0,0.053179305,-0.0020607328,-0.0037800334,-0.0005072715,0.1053635,0.004141545
1293,0.0050096945,0.0,0.00508062,-0.018926643,-0.0014581572,-0.00077331695,0.033041984,0.0014820453,0.054105148,-0.0013376605,-0.0013338625,-3.711055e-05,0.0,0.0,0.0,0.00023646321,0.014165095,0.00019268572,0.0,-0.0077481605,-0.019604433,-0.0004922155,-0.00027172227,0.19942813,0.04917798,0.003506448,0.0004254509,-0.00059893256,0.020134209,0.0025939085,0.0017645821,0.0014818693,-0.00010926255,0.14836662,0.0098388735,5.6470104e-05,0.18792343,0.05777529,-0.014251459,-0.00047404435,0.0,0.0,0.15096235,0.35561773,-0.0035767227,0.016795997,0.0,0.0121262055,-0.001197784,0.10889138,-0.014206776,-5.143743e-05,-0.0059643155,0.0023351966,-0.0018755121,-0.0016317632,0.0,0.05467007,-0.0020607328,-0.0037800334,-0.0005072715,0.11319292,0.004141545
1294,0.0050096945,0.0,0.00508062,-0.011978056,-0.0014581572,-0.00077331695,0.033041984,0.0016731084,0.047330793,-0.0013376605,-0.0013338625,-3.711055e-05,0.0,0.0,0.0,0.00031905598,0.014165095,0.003052714,0.0,-0.0077481605,-0.005806243,-0.0004922155,-0.00027172227,0.2087247,0.04866675,0.003506448,0.0004254509,-0.00059893256,0.020134209,0.0009221661,0.0018594805,0.0014818693,-0.00010926255,0.14836662,0.0098388735,5.6470104e-05,0.18792343,0.053930115,0.038721807,-0.00047404435,0.0,0.0,0.1678655,0.446936,-0.0035767227,0.016795997,0.0,0.0008935593,-0.001197784,0.10920584,-0.013641339,-5.143743e-05,-0.0059643155,0.00078493473,-0.0018755121,-0.0016317632,0.0,0.05467007,-0.0020607328,-0.0037800334,-0.0005072715,0.1058944,0.004141545
1295,0.0050096945,0.0,0.00508062,-0.0078102536,-0.0014581572,-0.00077331695,0.033041984,0.0016731084,0.034741018,0.008150764,-0.0013338625,-3.711055e-05,0.0,0.0,0.0,0.00031905598,0.00884168,0.0050504073,0.0,-0.0077481605,-0.005806243,-0.0004922155,-0.00027172227,0.20863605,0.04917798,0.003506448,0.0004254509,-0.00059893256,0.020134209,-0.002030258,0.0018594805,0.0014818693,-0.00010926255,0.14836662,0.0098388735,5.6470104e-05,0.20312649,0.05267296,0.04279189,-0.00047404435,0.0,0.0,0.15714215,0.4503606,-0.0035767227,0.018904226,0.0,0.010685612,-0.001197784,0.109230295,-0.013286838,-5.143743e-05,-0.0059643155,-0.0023717568,-0.0018755121,-0.0016317632,0.0,0.05363019,-0.0020607328,-0.002626686,0.005312374,0.10480234,0.004141545
1296,0.0050096945,0.0,0.00508062,-0.0078102536,-0.0014581572,0.005641249,0.033041984,0.0016731084,0.034741018,0.008150764,-0.0013338625,-3.711055e-05,0.0,0.0,0.0,0.00031905598,0.00884168,0.0050504073,0.0,-0.0077481605,-0.005806243,-0.0004922155,-0.00027172227,0.20863605,0.04866675,0.003506448,0.0004254509,-0.00059893256,0.020134209,-0.002030258,0.0018594805,0.0014818693,-0.00010926255,0.14771578,0.0098388735,-0.00038965093,0.20312649,0.052928574,0.04279189,-0.00047404435,0.0,0.0,0.15714215,0.44957954,-0.0035767227,0.018904226,0.0,0.010685612,-0.001197784,0.109230295,-0.0128153255,-5.143743e-05,-0.0059643155,-0.0023717568,-0.0018755121,-0.0016317632,0.0,0.05363019,-0.0020607328,-0.002626686,0.005312374,0.10004987,0.004141545
1297,0.0050096945,0.0,0.00508062,-0.0078102536,-0.0014581572,0.005641249,0.033041984,0.0016731084,0.034741018,0.008150764,-0.0013338625,-3.711055e-05,0.0,0.0,0.0,0.00031905598,0.00884168,0.0050504073,0.0,-0.0077481605,-0.005806243,-0.0004922155,-0.00027172227,0.20863605,0.04917798,0.003506448,0.0004254509,-0.00059893256,0.020134209,-0.002030258,0.0018594805,0.0014818693,-0.00010926255,0.14771578,0.0098388735,-0.00038965093,0.20312649,0.05267296,0.04279189,-0.00047404435,0.0,0.0,0.15714215,0.44957954,-0.0035767227,0.018904226,0.0,0.010685612,-0.001197784,0.109230295,-0.01307094,-5.143743e-05,-0.0059643155,-0.0023717568,-0.0018755121,-0.0016317632,0.0,0.05363019,-0.0020607328,-0.002626686,0.005312374,0.10004987,0.004141545
1298,0.0050096945,0.0,0.00508062,-0.0078102536,-0.0014581572,0.005641249,0.033041984,0.0016731084,0.034741018,0.008150764,-0.0013338625,-3.711055e-05,0.0,0.0,0.0,0.00031905598,0.00884168,0.0050504073,0.0,-0.0077481605,-0.005806243,-0.0004922155,-0.00027172227,0.20863605,0.04917798,0.003506448,0.0004254509,-0.00059893256,0.020134209,-0.002030258,0.0018594805,0.0014818693,-0.00010926255,0.14771578,0.0098388735,5.6470104e-05,0.20312649,0.05267296,0.04279189,-0.00047404435,0.0,0.0,0.15714215,0.44970974,-0.0035767227,0.018904226,0.0,0.010685612,-0.001197784,0.109230295,-0.01307094,-5.143743e-05,-0.0059643155,-0.0023717568,-0.0018755121,-0.0016317632,0.0,0.05363019,-0.0020607328,-0.002626686,0.005312374,0.099473536,0.004141545
1299,0.0050096945,0.0,0.00508062,-0.0078102536,-0.0014581572,0.005641249,0.033041984,0.0016731084,0.034741018,0.008150764,-0.0013338625,-3.711055e-05,0.0,0.0,0.0,0.00031905598,0.00884168,0.0050504073,0.0,-0.0077481605,-0.005806243,-0.0004922155,-0.00027172227,0.20863605,0.04917798,0.003506448,0.0004254509,-0.00059893256,0.020134209,-0.002030258,0.0018594805,0.0014818693,-0.00010926255,0.14771578,0.0098388735,5.6470104e-05,0.20312649,0.05267296,0.04279189,-0.00047404435,0.0,0.0,0.15714215,0.44970974,-0.0035767227,0.018904226,0.0,0.010685612,-0.001197784,0.109230295,-0.01307094,-5.143743e-05,-0.0059643155,-0.0023717568,-0.0018755121,-0.0016317632,0.0,0.05363019,-0.0020607328,-0.002626686,0.005312374,0.099473536,0.004141545
1300,0.0050306353,0.0,0.0011307407,-0.005777706,0.0035988744,-0.0023862536,0.026360836,-0.0050608106,0.047969468,-0.0017007211,-0.0013338625,-3.711055e-05,0.0,0.0,0.0,-0.003933706,0.011685747,0.004774069,0.0,-8.958863e-05,0.010697728,0.00017156439,-0.00027172227,0.220774,0.049718823,0.0020895824,0.00014364651,-0.0005027075,-0.0019333888,0.0025939085,0.0006704101,0.0002844036,-4.2860047e-05,-0.017257458,-0.0022342687,0.00033106457,0.23239584,0.07317349,-0.0022695723,-0.00057256105,0.0,0.0,0.20489737,0.4669377,0.00090710935,-0.0022745123,0.0,-0.0003843695,1.8426988e-05,-0.084290035,-0.020401383,-5.143743e-05,-0.032116354,0.0023351966,0.001455541,-0.008249152,0.0,0.046061665,0.0004638051,6.4134074e-05,-0.00069893757,-0.021872785,-0.0041969083
1301,0.0050306353,0.0,0.0011307407,-0.005777706,0.0035988744,-0.0023862536,0.026360836,-0.0050608106,0.047753822,-0.0017007211,-0.0013338625,-3.711055e-05,0.0,0.0,0.0,-0.003933706,0.011685747,0.004774069,0.0,-8.958863e-05,0.010697728,0.00017156439,-0.00027172227,0.21771315,0.049229432,-0.00032240068,0.00014364651,-0.0021714969,-0.0021840767,0.0025939085,0.0006704101,0.0002844036,-4.2860047e-05,-0.017257458,-0.0022342687,0.00033106457,0.23922552,0.07317349,-0.0022695723,-0.00057256105,0.0,0.0,0.19819543,0.47188753,0.00090710935,-0.0022745123,0.0,-0.0003843695,1.8426988e-05,-0.0701913,-0.020401383,-5.143743e-05,-0.0073805093,0.0023351966,0.001455541,-0.008249152,0.0,0.014367789,-0.00041925412,6.4134074e-05,-0.00069893757,-0.021980345,-0.0041969083
1302,0.0038541139,0.0,0.0011307407,0.027882416,0.0019496521,-0.0023862536,0.01984329,-0.005005564,0.058450446,-0.001681,-0.0055521447,-1.7086602e-05,0.0,0.0,0.0,-0.0029003767,0.011390371,0.004774069,0.0,-0.00024869625,0.0083121415,0.00010061709,-0.00023221885,0.24697867,0.03571503,-0.00032240068,0.00027128475,-0.0021714969,-0.0032760247,0.0025939085,0.00022939424,0.00029895687,-4.2860047e-05,-0.027585305,-0.006916586,0.00033106457,-0.16827816,-0.016938005,-0.0022695723,-0.0010590283,0.0,0.0,-0.06069391,0.48112625,0.001468845,-0.0027196133,0.0,-0.0003843695,1.8426988e-05,-0.033023823,-0.032609344,-5.143743e-05,-0.008010121,0.0023351966,0.0020467765,0.0017612072,0.0,0.013035476,0.0003384709,2.8855546e-05,-0.00089241593,-0.030424614,-0.0064119827
1303,0.0050306353,0.0,0.0011307407,-0.00575968,0.0035988744,-0.0023862536,0.02437383,-0.0050608106,0.047753822,-0.0017007211,-0.0013338625,0.00037797,0.0,0.0,0.0,-0.003933706,0.011685747,0.004774069,0.0,-8.958863e-05,0.010697728,0.00010061709,-0.00023221885,0.21595109,0.048942667,0.0020895824,0.00014364651,-0.0021714969,-0.0023915614,0.0025939085,0.00034870798,0.0002844036,-4.2860047e-05,-0.019289961,-0.0022342687,0.00033106457,0.23922552,-0.019918442,-0.0022695723,-0.00057256105,0.0,0.0,0.19916034,0.47115326,0.00090710935,-0.0027196133,0.0,-0.0003843695,1.8426988e-05,-0.06225895,-0.022452764,-5.143743e-05,-0.0025363604,0.0023351966,0.001455541,-0.008249152,0.0,0.010608811,-0.00041925412,6.4134074e-05,-0.00026902335,-0.023220863,-0.0041969083
1304,0.0050306353,0.0,0.0011307407,-0.005777706,0.0035988744,-0.0023862536,0.026360836,-0.0050608106,0.047969468,-0.0017007211,-0.0013338625,-3.711055e-05,0.0,0.0,0.0,-0.003933706,0.011685747,0.004774069,0.0,-8.958863e-05,0.010697728,0.00010061709,-0.00027172227,0.21771315,0.049229432,-0.00032240068,0.00014364651,-0.0021714969,-0.0021840767,0.0025939085,0.00042185365,0.0002844036,-4.2860047e-05,-0.017221985,-0.0022342687,0.00033106457,0.23922552,0.07317349,-0.0022695723,-0.00057256105,0.0,0.0,0.20489737,0.4719346,0.00090710935,-0.0022745123,0.0,-0.0003843695,1.8426988e-05,-0.0701913,-0.020135062,-5.143743e-05,-0.0073805093,0.0023351966,0.001455541,-0.008249152,0.0,0.0321416,0.0004638051,6.4134074e-05,-0.00069893757,-0.021980345,-0.0041969083
1305,0.0048945253,0.0,0.00508062,-0.009207028,-0.0014581572,0.015819076,0.022210756,0.001239541,0.032243695,0.0077877026,-0.0013338625,-3.711055e-05,0.0,0.0,0.0,0.00031905598,0.008278336,0.0050504073,0.0,-0.0006423057,-0.005806243,0.0005477939,-0.00027172227,0.20882866,0.04866675,0.0020895824,0.00014364651,-0.0005027075,0.034158356,-0.002030258,0.0018594805,0.00090940244,-4.2860047e-05,-0.0069113118,-0.0022342687,0.00033106457,0.26212043,0.0653544,0.05588764,-0.00057256105,0.0,0.0,0.21267994,0.57504344,-0.0016160177,0.019480899,0.0,0.0003896059,-5.609441e-05,0.10753172,-0.01650487,-5.143743e-05,-0.006089593,-0.0023717568,0.001455541,-0.0016317632,0.0,0.05363019,-0.001054165,-0.0006856936,0.0068965834,-0.011158341,-0.0041969083
1306,0.0048945253,0.0,0.00508062,-0.009207028,-0.0014581572,0.015819076,0.022210756,0.001239541,0.032243695,0.0077877026,-0.0013338625,-3.711055e-05,0.0,0.0,0.0,0.00031905598,0.008278336,0.0050504073,0.0,-0.0006423057,-0.005806243,0.0005477939,-0.00027172227,0.20882866,0.04866675,0.0020895824,0.00014364651,-0.0005027075,0.034158356,-0.002030258,0.0018594805,0.00090940244,-4.2860047e-05,-0.0069113118,-0.0022342687,0.00033106457,0.26212043,0.0653544,0.05588764,-0.00057256105,0.0,0.0,0.21267994,0.57504344,-0.0016160177,0.019480899,0.0,0.0003896059,-5.609441e-05,0.10753172,-0.01650487,-5.143743e-05,-0.006089593,-0.0023717568,0.001455541,-0.0016317632,0.0,0.05363019,-0.001054165,-0.0006856936,0.0068965834,-0.011158341,-0.0041969083
1307,0.0048945253,0.0,0.00508062,-0.009207028,-0.0014581572,0.015819076,0.022210756,0.001239541,0.032243695,0.0077877026,-0.0013338625,-3.711055e-05,0.0,0.0,0.0,0.00031905598,0.008278336,0.0050504073,0.0,-0.0006423057,-0.005806243,0.0005477939,-0.00027172227,0.20882866,0.04866675,0.0020895824,0.00014364651,-0.0005027075,0.034158356,-0.002030258,0.0018594805,0.00090940244,-4.2860047e-05,-0.0069113118,-0.0022342687,0.00033106457,0.26212043,0.0653544,0.05588764,-0.00057256105,0.0,0.0,0.21267994,0.57504344,-0.0016160177,0.019480899,0.0,0.0003896059,-5.609441e-05,0.10753172,-0.01650487,-5.143743e-05,-0.006089593,-0.0023717568,0.001455541,-0.0016317632,0.0,0.05363019,-0.001054165,-0.0006856936,0.0068965834,-0.011158341,-0.0041969083
1308,0.0048945253,0.0,0.00508062,-0.009207028,-0.0014581572,0.015819076,0.022210756,0.001239541,0.032243695,0.0077877026,-0.0013338625,-3.711055e-05,0.0,0.0,0.0,0.00031905598,0.008278336,0.0050504073,0.0,-0.0006423057,-0.005806243,0.0005477939,-0.00027172227,0.20903839,0.04866675,0.0020895824,0.00014364651,0.0014441072,0.034158356,-0.002030258,0.0018594805,0.00090940244,-4.2860047e-05,-0.007561694,-0.0022342687,0.00033106457,0.26212043,0.0653544,0.05588764,-0.00057256105,0.0,0.0,0.21267994,0.57384473,-0.0016160177,0.019480899,0.0,0.0003896059,-5.609441e-05,0.10753172,-0.01650487,-5.143743e-05,-0.006089593,-0.0023717568,0.001455541,-0.0016317632,0.0,0.05257021,0.0002465988,-0.0006856936,0.0068965834,-0.011706619,-0.0041969083
1309,0.0048945253,0.0,0.00508062,-0.009207028,-0.0014581572,0.015819076,0.022210756,0.001239541,0.032243695,0.0077877026,-0.0013338625,-3.711055e-05,0.0,0.0,0.0,0.00031905598,0.008278336,0.0050504073,0.0,-0.0006423057,-0.005806243,0.0005477939,-0.00027172227,0.20903839,0.04866675,0.0020895824,0.00014364651,0.0014441072,0.034158356,-0.002030258,0.0018594805,0.00090940244,-4.2860047e-05,-0.007561694,-0.0022342687,0.00033106457,0.26212043,0.0653544,0.05588764,-0.00057256105,0.0,0.0,0.21267994,0.57384473,-0.0016160177,0.019480899,0.0,0.0003896059,-5.609441e-05,0.10753172,-0.01650487,-5.143743e-05,-0.006089593,-0.0023717568,0.001455541,-0.0016317632,0.0,0.05257021,0.0002465988,-0.0006856936,0.0068965834,-0.011706619,-0.0041969083
1310,-0.0006135241,0.0,-0.00043736555,0.0019383557,0.00045964296,-0.0024328914,0.005903837,-0.0051013334,0.021360459,-0.00094848796,0.0001492801,0.0011245208,0.0,0.0,0.0,-0.0029003767,0.005672957,-0.00010618098,0.0,-0.00013550714,0.0027645868,0.00024205932,-0.00012462793,-0.18720686,0.012975426,-0.0010697764,-0.0007841112,-0.0012661478,-0.0058186366,0.00068117527,0.00012323141,0.00016566459,0.0025634265,-0.03610649,-0.0056440495,0.00063123147,-0.16082399,-0.03956613,-0.022881385,-0.0018545807,0.0,0.0,-0.14181396,-0.32358494,0.0020655552,-0.005869464,0.0,-5.9574144e-05,3.3630393e-05,-0.018972633,-0.051017847,-0.000169137,0.0053630853,0.0003826445,0.002696652,0.0017612072,0.0,-0.15321083,0.0003384709,-0.00040820174,-0.0021424298,-0.05588481,-0.0035538897
1311,-0.00071154186,0.0,-0.00043736555,0.0013879723,0.00045964296,-0.0024328914,0.004933731,-0.0051013334,-0.04718325,-0.0035073415,0.0001492801,0.0011245208,0.0,0.0,0.0,-0.0029003767,-0.014533407,0.0004158025,0.0,-0.00013550714,0.0027645868,0.00024205932,0.0010361107,-0.13143803,0.011316608,-0.0016298512,0.00027128475,-0.0012661478,-0.0058186366,0.00068117527,0.00032060992,-0.002094862,-8.170852e-05,-0.03434237,-0.0044494383,0.00063123147,-0.16179274,-0.040142443,-0.02303005,-0.00095420436,0.0,0.0,-0.13786891,-0.3216364,0.0020655552,-0.003557119,0.0,0.0005201276,3.3630393e-05,-0.015923629,-0.03346582,-0.000169137,0.0053630853,0.0003826445,0.002696652,0.0017612072,0.0,-0.1493621,0.0003384709,-0.0015734943,-0.0021424298,-0.050942887,-0.0013835803
1312,0.0050306353,0.0,0.0011307407,-0.005777706,0.0035988744,-0.0023862536,0.024018543,-0.0050608106,0.0497361,-0.0017007211,-0.0013338625,0.00037797,0.0,0.0,0.0,-0.003933706,0.013601751,0.00019268572,0.0,-8.958863e-05,0.010697728,0.00010061709,-0.00027172227,0.21745959,0.04917798,0.0020895824,0.00014364651,-0.0005027075,-0.0021840767,0.0025939085,0.00042185365,0.0002844036,-4.2860047e-05,-0.014764323,-0.0022342687,0.00033106457,0.23239584,0.06918948,-0.0056861215,-0.00057256105,0.0,0.0,0.20571059,0.44193992,0.00090710935,0.016795997,0.0,0.00048540236,1.8426988e-05,-0.08350938,-0.01985782,-5.143743e-05,-0.032116354,0.0023351966,0.001455541,-0.008249152,0.0,0.04524715,0.0004638051,-0.0010115153,-0.00026902335,-0.021872785,-0.0041969083
1313,0.0050306353,0.0,0.0011307407,-0.005777706,0.0035988744,-0.0023862536,0.026360836,-0.0050608106,0.0497361,-0.0017007211,-0.0013338625,-3.711055e-05,0.0,0.0,0.0,-0.003933706,0.012755613,0.004774069,0.0,-8.958863e-05,0.010697728,0.00010061709,-0.00027172227,0.22274789,0.049718823,-0.00032240068,0.00014364651,-0.0005027075,-0.0019333888,0.0025939085,0.00042185365,0.0002844036,-4.2860047e-05,-0.017221985,-0.0022342687,0.00033106457,0.23239584,0.06918948,-0.0022695723,-0.00057256105,0.0,0.0,0.20489737,0.44841182,0.00090710935,0.016795997,0.0,0.00048540236,1.8426988e-05,-0.08423191,-0.019956991,-5.143743e-05,-0.032116354,0.0023351966,0.001455541,-0.008249152,0.0,0.04603232,0.0004638051,0.00015377722,-0.00069893757,-0.021980345,-0.0041969083
1314,0.0050306353,0.0,0.0011307407,-0.005777706,0.0035988744,-0.0023862536,0.026360836,-0.0050608106,0.0497361,-0.0017007211,-0.0013338625,-3.711055e-05,0.0,0.0,0.0,-0.003933706,0.012755613,0.004774069,0.0,-8.958863e-05,0.010697728,0.00017156439,-0.00027172227,0.22098583,0.049718823,0.0020895824,0.00014364651,-0.0005027075,-0.0021840767,0.0025939085,0.0006704101,0.0002844036,-4.2860047e-05,-0.015970945,-0.0022342687,0.00033106457,0.23239584,0.06918948,-0.0022695723,-0.00057256105,0.0,0.0,0.20489737,0.4474836,0.00090710935,0.016795997,0.0,0.00048540236,1.8426988e-05,-0.08421876,-0.019956991,-5.143743e-05,-0.032116354,0.0023351966,0.001455541,-0.008249152,0.0,0.046035323,0.0004638051,-0.0010115153,-0.00069893757,-0.021872785,-0.0041969083
1315,0.0048945253,0.0,0.00508062,-0.0133748315,-0.0014581572,0.015819076,0.02209863,0.001239541,0.032243695,0.0077877026,-0.0013338625,-3.711055e-05,0.0,0.0,0.0,0.00031905598,0.008278336,0.0050504073,0.0,-0.0006423057,-0.005806243,0.0005477939,-0.00027172227,0.20882866,0.04866675,0.0020895824,0.00014364651,-0.0005027075,0.034158356,-0.002030258,0.0018594805,0.00090940244,-4.2860047e-05,-0.007561694,-0.0022342687,0.00033106457,0.24639656,0.0653544,0.05588764,-0.00057256105,0.0,0.0,0.21273601,0.5642917,-0.0016160177,0.019480899,0.0,0.0003896059,-5.609441e-05,0.10758778,-0.01650487,-5.143743e-05,-0.006089593,-0.0023717568,0.001455541,-0.0016317632,0.0,0.05363019,0.0002465988,-0.0006856936,0.0068965834,-0.011158341,-0.0041969083
1316,0.0048945253,0.0,0.00508062,-0.027004467,-0.006727787,-0.0023862536,0.02209863,0.0009211898,0.034268405,0.0077877026,-0.0013338625,-3.711055e-05,0.0,0.0,0.0,7.6855475e-05,0.008813906,0.003052714,0.0,-0.0006423057,-0.014592432,0.0004384112,-0.00027172227,0.21032234,0.04866675,0.0020895824,0.00014364651,0.0014441072,0.034158356,-0.0057107974,0.0018594805,0.00090940244,-4.2860047e-05,-0.01134665,-0.0022342687,0.00033106457,0.24639656,0.06716373,0.05588764,-0.00057256105,0.0,0.0,0.2072999,0.4083207,-0.0018603359,0.019480899,0.0,0.0003896059,-5.609441e-05,0.10727332,-0.018402847,-5.143743e-05,-0.006089593,-0.0023717568,0.001455541,-0.0016317632,0.0,0.05257021,0.0004638051,-0.0010115153,0.0068965834,-0.017156485,-0.0041969083
1317,0.0048945253,0.0,0.00508062,-0.02032342,-0.0014581572,0.015819076,0.02209863,0.0010484778,0.03600931,0.0077877026,-0.0013338625,-3.711055e-05,0.0,0.0,0.0,0.00023646321,0.008813906,0.003052714,0.0,-0.0006423057,-0.014592432,0.0005477939,-0.00027172227,0.2097517,0.04866675,0.0020895824,0.00014364651,-0.0005027075,0.034158356,-0.0057107974,0.0018594805,0.00090940244,-4.2860047e-05,-0.007561694,-0.0022342687,0.00033106457,0.24639656,0.06716373,0.05588764,-0.00057256105,0.0,0.0,0.2072999,0.47784284,-0.0016160177,0.01810089,0.0,0.0003896059,-5.609441e-05,0.10727332,-0.016811112,-5.143743e-05,-0.006089593,-0.0023717568,0.001455541,-0.0016317632,0.0,0.05363019,0.0002465988,-0.0006856936,0.0068965834,-0.011158341,-0.0041969083
1318,0.0048945253,0.0,0.00508062,-0.027004467,-0.006727787,-0.0023862536,0.02209863,0.0009211898,0.03600931,0.0077877026,-0.0013338625,-3.711055e-05,0.0,0.0,0.0,7.6855475e-05,0.010468315,0.00019268572,0.0,-0.0006423057,-0.019604433,0.0004384112,-0.00027172227,0.19957697,0.04866675,0.0020895824,0.00014364651,-0.0005027075,0.034158356,-0.0057107974,0.0017645821,0.00090940244,-4.2860047e-05,-0.01134665,-0.0022342687,0.00033106457,0.24639656,0.06716373,-0.0110722445,-0.00057256105,0.0,0.0,0.20842724,0.40886897,-0.0018603359,0.016795997,0.0,0.00048540236,-5.609441e-05,0.10727332,-0.019334005,-5.143743e-05,-0.006089593,-0.0062970086,0.001455541,-0.0016317632,0.0,0.05363019,0.0004638051,-0.0010115153,0.0068965834,-0.017820781,-0.0041969083
1319,0.0048945253,0.0,0.00508062,-0.0133748315,-0.0014581572,0.015819076,0.022210756,0.001239541,0.0337678,0.0077877026,-0.0013338625,-3.711055e-05,0.0,0.0,0.0,0.00031905598,0.008278336,0.0038506181,0.0,-0.0006423057,-0.005806243,0.0005477939,-0.00027172227,0.20871408,0.04866675,0.0020895824,0.00014364651,0.0003475504,0.034158356,-0.002030258,0.0018594805,0.00090940244,-4.2860047e-05,-0.007561694,-0.0022342687,0.00033106457,0.24639656,0.0653544,0.05588764,-0.00057256105,0.0,0.0,0.21267994,0.5642917,-0.0016160177,0.019480899,0.0,0.0003896059,-5.609441e-05,0.10753172,-0.01650487,-5.143743e-05,-0.006089593,-0.0023717568,0.001455541,-0.0016317632,0.0,0.05257021,0.0002465988,-0.0006856936,0.0068965834,-0.011158341,-0.0041969083
1320,0.0050306353,0.0,0.0011307407,-0.005777706,0.0035988744,-0.0023862536,0.026360836,-0.0050608106,0.046887882,-0.0017007211,-0.0013338625,-3.711055e-05,0.0,0.0,0.0,-0.003933706,0.011685747,0.004774069,0.0,-8.958863e-05,0.010697728,0.00017156439,-0.00027172227,0.22098583,0.049718823,0.0020895824,0.00014364651,-0.0005027075,-0.0019333888,0.0025939085,0.0006704101,0.0002844036,-4.2860047e-05,-0.015970945,-0.0022342687,0.00033106457,0.23239584,0.07317349,-0.0022695723,-0.00057256105,0.0,0.0,0.20489737,0.4668939,0.00090710935,-0.0022745123,0.0,0.00048540236,1.8426988e-05,-0.084290035,-0.020135062,-5.143743e-05,-0.032116354,0.0023351966,0.001455541,-0.008249152,0.0,0.045717888,0.0004638051,-0.0011011584,-0.00069893757,-0.021872785,-0.0041969083
1321,0.0050306353,0.0,0.0011307407,-0.005777706,0.0035988744,-0.0023862536,0.026360836,-0.0050608106,0.047969468,-0.0017007211,-0.0013338625,-3.711055e-05,0.0,0.0,0.0,-0.003933706,0.011685747,0.004774069,0.0,-8.958863e-05,0.010697728,0.00010061709,-0.00027172227,0.220774,0.049718823,0.0020895824,0.00014364651,-0.0005027075,-0.0019333888,0.0025939085,0.0006704101,0.0002844036,-4.2860047e-05,-0.017221985,-0.0022342687,0.00033106457,0.23239584,0.07317349,-0.0022695723,-0.00057256105,0.0,0.0,0.2050266,0.46697316,0.00090710935,-0.0022745123,0.0,-0.0003843695,1.8426988e-05,-0.084290035,-0.020401383,-5.143743e-05,-0.032116354,0.0023351966,0.001455541,-0.008249152,0.0,0.045502547,0.0004638051,6.4134074e-05,-0.00026902335,-0.021872785,-0.0041969083
1322,0.0050306353,0.0,0.0011307407,-0.005777706,0.0035988744,-0.0023862536,0.026360836,-0.0050608106,0.047969468,-0.0017007211,-0.0013338625,-3.711055e-05,0.0,0.0,0.0,-0.003933706,0.011685747,0.004774069,0.0,-8.958863e-05,0.010697728,0.00017156439,-0.00027172227,0.220774,0.049718823,0.0020895824,0.00014364651,-0.0005027075,-0.0019333888,0.0025939085,0.0006704101,0.0002844036,-4.2860047e-05,-0.017257458,-0.0022342687,0.00033106457,0.23239584,0.07317349,-0.0022695723,-0.00057256105,0.0,0.0,0.2050266,0.4669377,0.00090710935,-0.0022745123,0.0,-0.0003843695,1.8426988e-05,-0.084290035,-0.020401383,-5.143743e-05,-0.032116354,0.0023351966,0.001455541,-0.008249152,0.0,0.045502547,0.0004638051,6.4134074e-05,-0.00026902335,-0.021872785,-0.0041969083
1323,0.0050306353,0.0,0.0011307407,-0.005777706,0.0035988744,-0.0023862536,0.026360836,-0.0050608106,0.047969468,-0.0017007211,-0.0013338625,-3.711055e-05,0.0,0.0,0.0,-0.003933706,0.011685747,0.004774069,0.0,-8.958863e-05,0.010697728,0.00010061709,-0.00027172227,0.220774,0.049718823,0.0020895824,0.00014364651,-0.0005027075,-0.0019333888,0.0025939085,0.0006704101,0.0002844036,-4.2860047e-05,-0.017221985,-0.0022342687,0.00033106457,0.23239584,0.07317349,-0.0022695723,-0.00057256105,0.0,0.0,0.2050266,0.46697316,0.00090710935,-0.0022745123,0.0,-0.0003843695,1.8426988e-05,-0.084290035,-0.020401383,-5.143743e-05,-0.032116354,0.0023351966,0.001455541,-0.008249152,0.0,0.045502547,0.0004638051,6.4134074e-05,-0.00026902335,-0.021872785,-0.0041969083
1324,0.0050306353,0.0,0.0011307407,-0.005777706,0.0035988744,-0.0023862536,0.026360836,-0.0050608106,0.0497361,-0.0017007211,-0.0013338625,0.00037797,0.0,0.0,0.0,-0.003933706,0.012755613,0.004774069,0.0,-8.958863e-05,0.010697728,0.00010061709,-0.00027172227,0.22098583,0.049718823,0.0020895824,0.00014364651,-0.0005027075,-0.0021840767,0.0025939085,0.00042185365,0.0002844036,-4.2860047e-05,-0.015935471,-0.0022342687,0.00033106457,0.23239584,0.06918948,-0.0022695723,-0.00057256105,0.0,0.0,0.20502579,0.44737574,0.00090710935,0.016795997,0.0,0.00048540236,1.8426988e-05,-0.08421876,-0.020223314,-5.143743e-05,-0.032116354,0.0023351966,0.001455541,-0.008249152,0.0,0.04615004,0.0004638051,-0.0010115153,-0.00069893757,-0.021872785,-0.0041969083
1325,0.0048945253,0.0,0.00508062,-0.009207028,-0.0014581572,0.015819076,0.022210756,0.001239541,0.032243695,0.0077877026,-0.0013338625,-3.711055e-05,0.0,0.0,0.0,0.00031905598,0.008278336,0.0050504073,0.0,-0.0006423057,-0.005806243,0.0005477939,-0.00027172227,0.20882866,0.04866675,0.0020895824,0.00014364651,-0.0005027075,0.034158356,-0.002030258,0.0018594805,0.00090940244,-4.2860047e-05,-0.0069113118,-0.0022342687,0.00033106457,0.26212043,0.0653544,0.05588764,-0.00057256105,0.0,0.0,0.19883919,0.57450134,-0.0016160177,0.018904226,0.0,0.010181659,-5.609441e-05,0.10753172,-0.016024206,-5.143743e-05,-0.006089593,0.0011962887,0.0013863292,-0.0016317632,0.0,0.05363019,-0.001054165,0.0004676539,0.0068965834,-0.0111237345,-0.0041969083
1326,0.0048945253,0.0,0.00508062,-0.009207028,-0.0014581572,0.015819076,0.022210756,0.001239541,0.032243695,0.0077877026,-0.0013338625,-3.711055e-05,0.0,0.0,0.0,0.00031905598,0.008278336,0.0050504073,0.0,-0.0006423057,-0.005806243,0.0005477939,-0.00027172227,0.20882866,0.04866675,0.0020895824,0.00014364651,-0.0005027075,0.034158356,-0.002030258,0.0018594805,0.00090940244,-4.2860047e-05,-0.0069113118,-0.0022342687,0.00033106457,0.26212043,0.0653544,0.05588764,-0.00057256105,0.0,0.0,0.20897503,0.57450134,-0.0016160177,0.018904226,0.0,0.0003896059,-5.609441e-05,0.10753172,-0.016367998,-5.143743e-05,-0.006089593,0.0011962887,0.0013863292,-0.0016317632,0.0,0.05363019,-0.001054165,0.0004676539,0.0068965834,-0.0111237345,-0.0041969083
1327,0.0048945253,0.0,0.00508062,-0.009207028,-0.0014581572,0.015819076,0.022210756,0.001239541,0.032243695,0.0077877026,-0.0013338625,-3.711055e-05,0.0,0.0,0.0,0.00031905598,0.008278336,0.0050504073,0.0,-0.0006423057,-0.005806243,0.0005477939,-0.00027172227,0.20903839,0.04866675,0.0020895824,0.00014364651,0.0003475504,0.034158356,-0.002030258,0.0018594805,0.00090940244,-4.2860047e-05,-0.0069113118,-0.0022342687,0.00033106457,0.26212043,0.0653544,0.05588764,-0.00057256105,0.0,0.0,0.20897503,0.57450134,-0.0016160177,0.018904226,0.0,0.0003896059,-5.609441e-05,0.10753172,-0.016367998,-5.143743e-05,-0.006089593,0.0011962887,0.0013863292,-0.0016317632,0.0,0.05257021,-0.001054165,0.0004676539,0.0068965834,-0.0111237345,-0.0041969083
1328,0.0048945253,0.0,0.00508062,-0.009207028,-0.0014581572,0.015819076,0.022210756,0.001239541,0.032243695,0.0077877026,-0.0013338625,-3.711055e-05,0.0,0.0,0.0,0.00031905598,0.008278336,0.0050504073,0.0,-0.0006423057,-0.005806243,0.0005477939,-0.00027172227,0.20903839,0.04866675,0.0020895824,0.00014364651,0.0003475504,0.034158356,-0.002030258,0.0018594805,0.00090940244,-4.2860047e-05,-0.0069113118,-0.0022342687,0.00033106457,0.26212043,0.0653544,0.05588764,-0.00057256105,0.0,0.0,0.19883919,0.57450134,-0.0016160177,0.018904226,0.0,0.010181659,-5.609441e-05,0.10753172,-0.016024206,-5.143743e-05,-0.006089593,0.0011962887,0.0013863292,-0.0016317632,0.0,0.05257021,-0.001054165,0.0004676539,0.0068965834,-0.0111237345,-0.0041969083
1329,0.0048945253,0.0,0.00508062,-0.009207028,-0.0014581572,0.015819076,0.022210756,0.001239541,0.032243695,0.0077877026,-0.0013338625,-3.711055e-05,0.0,0.0,0.0,0.00031905598,0.008278336,0.0050504073,0.0,-0.0006423057,-0.005806243,0.0005477939,-0.00027172227,0.20882866,0.04866675,0.0020895824,0.00014364651,-0.0005027075,0.034158356,-0.002030258,0.0018594805,0.00090940244,-4.2860047e-05,-0.0069113118,-0.0022342687,0.00033106457,0.26212043,0.0653544,0.05588764,-0.00057256105,0.0,0.0,0.19883919,0.57450134,-0.0016160177,0.018904226,0.0,0.010181659,-5.609441e-05,0.10753172,-0.016024206,-5.143743e-05,-0.006089593,0.0011962887,0.0013863292,-0.0016317632,0.0,0.05363019,-0.001054165,0.0004676539,0.0068965834,-0.0111237345,-0.0041969083
1330,0.0050306353,0.0,0.0011307407,-0.005777706,0.0035988744,-0.0023862536,0.026360836,-0.0050608106,0.047969468,-0.0017007211,-0.0013338625,-3.711055e-05,0.0,0.0,0.0,-0.003933706,0.011685747,0.004774069,0.0,-8.958863e-05,0.010697728,-0.0015813233,-0.00027172227,0.220774,0.049718823,0.0020895824,0.00014364651,-0.0005027075,-0.0019333888,0.0025939085,0.0006704101,0.0002844036,-4.2860047e-05,-0.015970945,-0.0022342687,0.00033106457,0.23239584,0.07317349,-0.0022695723,-0.00057256105,0.0,0.0,0.20489737,0.46856937,0.00090710935,-0.0022745123,0.0,-0.0003843695,1.8426988e-05,-0.084290035,-0.020401383,-5.143743e-05,-0.032116354,0.0023351966,0.001455541,-0.008249152,0.0,0.046061665,0.0004638051,-0.0011011584,-0.00069893757,-0.021872785,-0.0041969083
1331,0.0050306353,0.0,0.0011307407,0.00045310004,0.0035988744,-0.0023862536,0.026360836,-0.0050608106,0.052689414,-0.0017007211,-0.0013338625,-3.711055e-05,0.0,0.0,0.0,-0.003933706,0.013601751,0.009789043,0.0,-8.958863e-05,0.010697728,0.0005093585,-0.00027172227,0.23233539,0.049718823,0.0020895824,0.00014364651,-0.0005027075,-0.0019333888,0.0025939085,0.0015888758,0.00090940244,-4.2860047e-05,-0.015970945,-0.0022342687,0.00033106457,0.25435624,0.077276215,-0.0022695723,-0.00057256105,0.0,0.0,0.21118996,0.4690422,0.00090710935,0.016795997,0.0,-0.0003843695,1.8426988e-05,0.107006155,-0.01985782,-5.143743e-05,-0.006089593,0.0023351966,0.001455541,-0.0016317632,0.0,0.045717888,0.0004638051,-0.0010115153,-0.00069893757,-0.021872785,-0.0041969083
1332,0.0050306353,0.0,0.0011307407,0.00045310004,0.0035988744,-0.0023862536,0.026360836,-0.0050608106,0.052689414,-0.0017007211,-0.0013338625,-3.711055e-05,0.0,0.0,0.0,-0.003933706,0.013601751,0.009789043,0.0,-8.958863e-05,0.010697728,0.0005093585,-0.00027172227,0.23233539,0.049718823,0.0020895824,0.00014364651,-0.0005027075,-0.0019333888,0.0025939085,0.0015888758,0.00090940244,-4.2860047e-05,-0.015970945,-0.0022342687,0.00033106457,0.25435624,0.077276215,-0.0022695723,-0.00057256105,0.0,0.0,0.21118996,0.4690422,0.00090710935,0.016795997,0.0,-0.0003843695,1.8426988e-05,0.107006155,-0.01985782,-5.143743e-05,-0.006089593,0.0023351966,0.001455541,-0.0016317632,0.0,0.045717888,0.0004638051,-0.0010115153,-0.00069893757,-0.021872785,-0.0041969083
1333,0.0050306353,0.0,0.0011307407,0.00045310004,0.0035988744,-0.0023862536,0.026360836,-0.0050608106,0.052689414,-0.0017007211,-0.0013338625,-3.711055e-05,0.0,0.0,0.0,-0.003933706,0.013601751,0.009789043,0.0,-8.958863e-05,0.010697728,0.0004384112,-0.00027172227,0.22774419,0.049718823,0.0020895824,0.00014364651,-0.0005027075,-0.0019333888,0.0025939085,0.0013403193,0.00090940244,-4.2860047e-05,-0.017221985,-0.0022342687,0.00033106457,0.25435624,0.077276215,-0.0022695723,-0.00057256105,0.0,0.0,0.21118996,0.4667537,0.00090710935,0.016795997,0.0,-0.0003843695,1.8426988e-05,0.10703061,-0.01985782,-5.143743e-05,-0.006089593,0.0023351966,0.001455541,-0.0016317632,0.0,0.04614989,0.0004638051,0.00015377722,0.005796834,-0.021540029,-0.0041969083
1334,0.0050306353,0.0,0.0011307407,-0.027070098,-0.006727787,-0.0023862536,0.026360836,-0.0050608106,0.05160783,-0.0017007211,-0.0013338625,-3.711055e-05,0.0,0.0,0.0,-0.003933706,0.013601751,0.00019268572,0.0,-8.958863e-05,0.010697728,0.00096868974,-0.00027172227,0.22902098,0.049718823,0.0020895824,0.00014364651,-0.0005027075,-0.0021840767,0.0025939085,0.0013403193,0.00090940244,-4.2860047e-05,-0.015935471,-0.0022342687,0.00033106457,0.25435624,0.077276215,-0.0056861215,-0.00057256105,0.0,0.0,0.21118996,0.44266853,0.00090710935,0.016795997,0.0,0.00048540236,1.8426988e-05,0.10631968,-0.01985782,-5.143743e-05,-0.006089593,0.0023351966,0.001455541,-0.0016317632,0.0,0.046349756,0.0004638051,-0.0010115153,-0.00069893757,-0.021872785,-0.0041969083
1335,0.0050306353,0.0,0.00508062,-0.027004467,-0.006727787,-0.0023862536,0.026360836,-0.0050608106,0.05160783,-0.0017007211,-0.0013338625,-3.711055e-05,0.0,0.0,0.0,-0.003933706,0.013601751,0.00019268572,0.0,-8.958863e-05,-0.019604433,0.0004384112,-0.00027172227,0.20782928,0.049718823,0.0020895824,0.00014364651,-0.0005027075,-0.0021840767,0.0025939085,0.0015888758,0.00090940244,-4.2860047e-05,-0.01589821,-0.0022342687,0.00033106457,0.25435624,0.077276215,-0.009666816,-0.00057256105,0.0,0.0,0.20750523,0.43711433,0.00090710935,0.016795997,0.0,0.00048540236,-5.609441e-05,0.107006155,-0.01985782,-5.143743e-05,-0.006089593,0.0023351966,0.001455541,-0.0016317632,0.0,0.05345274,0.0004638051,-0.0010115153,-0.00020037511,-0.021872785,-0.0041969083
1336,0.0050306353,0.0,0.00508062,-0.027004467,-0.006727787,-0.0023862536,0.025023391,0.0009211898,0.05160783,-0.0017007211,-0.0013338625,-3.711055e-05,0.0,0.0,0.0,7.6855475e-05,0.013601751,0.00019268572,0.0,-8.958863e-05,-0.019604433,0.0004384112,-0.00027172227,0.20782928,0.049718823,0.0020895824,0.00014364651,-0.0005027075,-0.0021840767,0.0025939085,0.0015888758,0.00090940244,-4.2860047e-05,-0.015941406,-0.0022342687,0.00033106457,0.25431305,0.077276215,-0.009666816,-0.00057256105,0.0,0.0,0.20840308,0.42764774,0.00090710935,0.016795997,0.0,0.00048540236,-5.609441e-05,0.107006155,-0.01985782,-5.143743e-05,-0.006089593,0.0023351966,0.001455541,-0.0016317632,0.0,0.05345274,0.0004638051,-0.0010115153,-0.00020037511,-0.021872785,-0.0041969083
1337,0.0050306353,0.0,0.00508062,-0.027004467,-0.006727787,-0.0023862536,0.026360836,-0.000101528334,0.052689414,-0.0017007211,-0.0013338625,-3.711055e-05,0.0,0.0,0.0,7.6855475e-05,0.013601751,0.00019268572,0.0,-8.958863e-05,-0.019604433,0.0004384112,-0.00027172227,0.20761748,0.049718823,0.0020895824,0.00014364651,-0.0005027075,-0.0021840767,0.0025939085,0.0015888758,0.00090940244,-4.2860047e-05,-0.015941406,-0.0022342687,0.00033106457,0.25431305,0.077276215,-0.009666816,-0.00057256105,0.0,0.0,0.20808837,0.42764774,0.00090710935,0.016795997,0.0,-0.0003843695,-5.609441e-05,0.107006155,-0.01985782,-5.143743e-05,-0.006089593,0.0023351966,0.001455541,-0.0016317632,0.0,0.05345274,0.0004638051,-0.0010115153,-0.00020037511,-0.021872785,-0.0041969083
1338,0.0050306353,0.0,0.00508062,-0.027004467,-0.006727787,-0.0023862536,0.026360836,-0.000101528334,0.052689414,-0.0017007211,-0.0013338625,-3.711055e-05,0.0,0.0,0.0,7.6855475e-05,0.013601751,0.00019268572,0.0,-8.958863e-05,-0.019604433,0.0004384112,-0.00027172227,0.20782721,0.049718823,0.0020895824,0.00014364651,0.0003475504,-0.0021840767,0.0025939085,0.0015888758,0.00090940244,-4.2860047e-05,-0.015941406,-0.0022342687,0.00033106457,0.25431305,0.077276215,-0.009666816,-0.00057256105,0.0,0.0,0.20808837,0.42764774,0.00090710935,0.016795997,0.0,-0.0003843695,-5.609441e-05,0.107006155,-0.01985782,-5.143743e-05,-0.006089593,0.0023351966,0.001455541,-0.0016317632,0.0,0.05239276,0.0004638051,-0.0010115153,-0.00020037511,-0.021872785,-0.0041969083
1339,0.0050306353,0.0,0.00508062,-0.027004467,-0.006727787,-0.0023862536,0.026360836,-0.0050608106,0.05160783,-0.0017007211,-0.0013338625,0.00037797,0.0,0.0,0.0,-0.003933706,0.013601751,0.00019268572,0.0,-8.958863e-05,-0.019604433,0.0004384112,-0.00027172227,0.20782928,0.049718823,0.0020895824,0.00014364651,-0.0005027075,-0.0021840767,0.0025939085,0.0013403193,0.00090940244,-4.2860047e-05,-0.01589821,-0.0022342687,0.00033106457,0.25435624,0.077276215,-0.009666816,-0.00057256105,0.0,0.0,0.20763364,0.43704847,0.00090710935,0.016795997,0.0,0.00048540236,-5.609441e-05,0.107006155,-0.01985782,-5.143743e-05,-0.006089593,0.0023351966,0.001455541,-0.0016317632,0.0,0.05322368,0.0004638051,-0.0010115153,-0.00020037511,-0.021872785,-0.0041969083
1340,-0.00036481774,0.0,0.0022524595,0.0013879723,0.00045964296,-0.0024328914,0.006825312,-0.0048472737,0.021933625,-0.00094848796,0.0001492801,-1.7086602e-05,0.0,0.0,0.0,-0.0029003767,0.005672957,-0.00010618098,0.0,-0.00013550714,0.0027645868,0.00012323525,-0.00012462793,-0.20263863,0.014038551,-0.0016298512,-0.0007841112,-0.0007300108,-0.00662882,0.00068117527,0.000202795,0.00016566459,-8.170852e-05,-0.032983087,-0.0056440495,0.00063123147,-0.20036256,-0.05854176,-0.023139592,-0.0018545807,0.0,0.0,-0.16770983,-0.39050007,-0.003172952,-0.005869464,0.0,-5.9574144e-05,3.3630393e-05,-0.018319251,-0.0505231,-2.64441e-05,0.0053630853,-0.0021188613,0.002696652,0.0017612072,0.0,0.009477825,0.00050287833,-0.0015734943,-0.0020471164,-0.047866873,-0.0035538897
1341,-0.00036481774,0.0,0.0022524595,0.0013879723,0.00045964296,-0.0024328914,0.007036155,-0.0048472737,0.021933625,-0.00094848796,0.0001492801,-1.7086602e-05,0.0,0.0,0.0,-0.0029003767,0.005672957,-0.00010618098,0.0,-0.00013550714,0.0027645868,0.00012323525,-0.00012462793,-0.19813022,0.014038551,-0.0016298512,-0.0007841112,-0.0007300108,-0.00662882,-0.001499688,0.000202795,0.00016566459,-8.170852e-05,-0.032983087,-0.0056440495,0.00063123147,-0.19870223,-0.056130923,-0.023139592,-0.0018545807,0.0,0.0,-0.16766718,-0.38875726,-0.003172952,-0.005869464,0.0,-5.9574144e-05,3.3630393e-05,-0.01845007,-0.0505231,-2.64441e-05,0.0053630853,-0.0021188613,0.002696652,0.0017612072,0.0,0.010055286,0.00050287833,-0.0015734943,0.023532664,-0.04502873,-0.0035538897
1342,-0.00036481774,0.0,0.0022524595,0.0013879723,0.00045964296,-0.0024328914,0.007036155,-0.0048472737,0.021933625,-0.00094848796,0.0001492801,-1.7086602e-05,0.0,0.0,0.0,-0.0029003767,0.005672957,-0.00010618098,0.0,-0.00013550714,0.0027645868,0.00012323525,-0.00012462793,-0.20263863,0.014038551,-0.0016298512,-0.0007841112,-0.0007300108,-0.00662882,-0.001499688,0.000202795,0.00016566459,-8.170852e-05,-0.032983087,-0.0056440495,0.00063123147,-0.20036256,-0.056130923,-0.023139592,-0.0018545807,0.0,0.0,-0.16766718,-0.39073005,-0.003172952,-0.005869464,0.0,-5.9574144e-05,3.3630393e-05,-0.018572748,-0.0505231,-2.64441e-05,0.0053630853,-0.0021188613,0.002696652,0.0017612072,0.0,0.009477825,0.00050287833,-0.0015734943,-0.0020471164,-0.047866873,-0.0035538897
1343,-0.00052063615,0.0,-0.00043736555,0.0013879723,0.00045964296,-0.0024328914,-0.07014844,-0.005132334,0.011761892,-0.00094848796,0.0001492801,-0.00011040977,0.0,0.0,0.0,-0.0029003767,0.0024446277,-0.00010618098,0.0,-0.00013550714,0.0027645868,-7.3305036e-06,-0.00012462793,-0.17582951,-0.1695901,-0.0016298512,-0.0007841112,-0.0010661529,-0.00662882,-0.001499688,0.0004001735,0.00016566459,-8.170852e-05,-0.03141842,-0.0056440495,0.00063123147,-0.12244918,-0.03196606,-0.017557457,-0.00095420436,0.0,0.0,-0.09388105,-0.25932926,-0.003172952,-0.005869464,0.0,-5.9574144e-05,3.3630393e-05,-0.022168789,-0.037681792,-2.64441e-05,0.0053630853,-0.0021188613,0.002696652,0.0017612072,0.0,-0.06652699,0.0003384709,-0.0015734943,-0.0021424298,-0.046497393,-0.002318735
1344,-0.00036481774,0.0,-0.00043736555,0.0013879723,0.00045964296,-0.0024328914,0.007036155,-0.0048472737,0.021933625,-0.00094848796,0.0001492801,-1.7086602e-05,0.0,0.0,0.0,-0.0029003767,0.005672957,-0.00010618098,0.0,-0.00013550714,0.0027645868,-7.3305036e-06,-0.00012462793,-0.19839367,0.014892341,-0.0016298512,-0.0007841112,-0.0010661529,-0.00662882,-0.001499688,0.000202795,0.00016566459,-8.170852e-05,-0.032828376,-0.0056440495,0.00063123147,-0.20036256,-0.055945396,-0.023139592,-0.0018545807,0.0,0.0,-0.16766718,-0.3907542,-0.003172952,-0.005869464,0.0,-5.9574144e-05,3.3630393e-05,-0.018572748,-0.051660992,-2.64441e-05,0.0053630853,-0.0021188613,0.002696652,0.0017612072,0.0,0.008357424,0.00050287833,-0.0015734943,-0.0020471164,-0.047866873,-0.0035538897
1345,0.0048945253,0.0,0.00508062,-0.027004467,-0.006727787,0.015819076,0.02209863,0.0009211898,0.0337678,0.0077877026,-0.0013338625,-3.711055e-05,0.0,0.0,0.0,7.6855475e-05,0.008278336,0.0038506181,0.0,-0.0006423057,-0.014592432,0.0004384112,-0.00027172227,0.2101126,0.04866675,0.0020895824,0.00014364651,-0.0005027075,0.034158356,-0.0057107974,0.0018594805,0.00090940244,-4.2860047e-05,-0.010985383,-0.0022342687,0.00033106457,0.24639656,0.06716373,0.05588764,-0.00057256105,0.0,0.0,0.2072999,0.40643218,-0.0018603359,0.019480899,0.0,0.0003896059,-5.609441e-05,0.10727332,-0.01755809,-5.143743e-05,-0.006089593,-0.0023717568,0.001455541,-0.0016317632,0.0,0.05363019,0.0004638051,-0.0010115153,0.0068965834,-0.011158341,-0.0041969083
1346,0.0048945253,0.0,0.00508062,-0.027004467,-0.006727787,-0.0023862536,0.02209863,0.0009211898,0.03600931,0.0077877026,-0.0013338625,-3.711055e-05,0.0,0.0,0.0,7.6855475e-05,0.010468315,0.00019268572,0.0,-0.0006423057,-0.019604433,0.0004384112,-0.00027172227,0.19978671,0.04866675,0.0020895824,0.00014364651,0.0003475504,0.034158356,-0.0057107974,0.0017645821,0.00090940244,-4.2860047e-05,-0.008938273,-0.0022342687,0.00033106457,0.24639656,0.06716373,-0.0110722445,-0.00057256105,0.0,0.0,0.20842724,0.40867496,-0.0018603359,0.016795997,0.0,0.00048540236,-5.609441e-05,0.10727332,-0.019334005,-5.143743e-05,-0.006089593,-0.0062970086,0.0013863292,-0.0016317632,0.0,0.05257021,-0.0017159563,-0.0010115153,0.0068965834,-0.017786175,-0.0041969083
1347,0.0048945253,0.0,0.00508062,-0.027004467,-0.006727787,0.015819076,0.02209863,0.0009211898,0.03600931,0.0077877026,-0.0013338625,-3.711055e-05,0.0,0.0,0.0,7.6855475e-05,0.008813906,0.00019268572,0.0,-0.0006423057,-0.019604433,0.0004384112,-0.00027172227,0.19992647,0.04866675,0.0020895824,0.00014364651,-0.0005027075,0.034158356,-0.0057107974,0.0017645821,0.00090940244,-4.2860047e-05,-0.008577005,-0.0022342687,0.00033106457,0.24639656,0.06716373,-0.0110722445,-0.00057256105,0.0,0.0,0.20842724,0.4059653,-0.0018603359,0.01810089,0.0,0.00048540236,-5.609441e-05,0.10727332,-0.018489249,-5.143743e-05,-0.006089593,-0.0062970086,0.001455541,-0.0016317632,0.0,0.05363019,-0.0017159563,-0.0010115153,0.0068965834,-0.012370916,-0.0041969083
1348,0.0048945253,0.0,0.00508062,-0.027004467,-0.006727787,-0.0023862536,0.02209863,0.0009211898,0.03600931,0.0077877026,-0.0013338625,-3.711055e-05,0.0,0.0,0.0,7.6855475e-05,0.008813906,0.00019268572,0.0,-0.0006423057,-0.019604433,0.0004384112,-0.00027172227,0.19992647,0.04866675,0.0020895824,0.00014364651,-0.0005027075,0.034158356,-0.0057107974,0.0017645821,0.00090940244,-4.2860047e-05,-0.01134665,-0.0022342687,0.00033106457,0.24639656,0.06716373,-0.0110722445,-0.00057256105,0.0,0.0,0.20842724,0.4087915,-0.0018603359,0.01810089,0.0,0.00048540236,-5.609441e-05,0.10727332,-0.019600328,-5.143743e-05,-0.006089593,-0.0062970086,0.001455541,-0.0016317632,0.0,0.05397397,0.0004638051,-0.0010115153,0.0068965834,-0.017820781,-0.0041969083
1349,0.0048945253,0.0,0.00508062,-0.027004467,-0.006727787,-0.0023862536,0.02209863,0.0009211898,0.03600931,0.0077877026,-0.0013338625,-3.711055e-05,0.0,0.0,0.0,7.6855475e-05,0.008813906,0.00019268572,0.0,-0.0006423057,-0.019604433,0.0004384112,-0.00027172227,0.19992647,0.04866675,0.0020895824,0.00014364651,-0.0005027075,0.034158356,-0.0057107974,0.0017645821,0.00090940244,-4.2860047e-05,-0.01134665,-0.0022342687,0.00033106457,0.24639656,0.06716373,-0.0110722445,-0.00057256105,0.0,0.0,0.20842724,0.4087915,-0.0018603359,0.01810089,0.0,0.00048540236,-5.609441e-05,0.10727332,-0.019600328,-5.143743e-05,-0.006089593,-0.0062970086,0.001455541,-0.0016317632,0.0,0.05397397,0.0004638051,-0.0010115153,0.0068965834,-0.017820781,-0.0041969083
1400,0.0010013161,0.0,0.0016479281,0.0040018125,0.00045964296,-0.0005878034,0.0018816141,-0.0051013334,0.022708928,-0.0011547945,0.0020317135,-0.00011040977,0.0,0.0,0.0,-0.0029003767,0.0041361856,0.0039152983,0.0,0.0028339603,0.0054325443,0.00012323525,-0.00012462793,0.12724034,0.014956369,-0.00082366617,0.00027128475,-0.0018472747,-0.0024165986,0.00068117527,0.00032060992,0.00018787092,-0.0003888607,0.07604396,-0.0044494383,-0.0014931285,-0.13888668,-0.03480992,-0.023398634,-0.0008746208,0.0,0.0,-0.12148922,-0.2794524,0.010554878,-0.0050746296,0.0,-0.0019424225,3.3630393e-05,-0.02477437,-0.023154529,-0.000169137,0.013328419,0.0021184068,-0.0029831724,0.0017612072,0.0,-0.15798396,0.0015618203,-0.0015734943,0.007812109,0.05821688,-0.0018705805
1401,0.0010013161,0.0,0.0016479281,0.0040018125,0.00045964296,-0.0023874808,-0.07289735,-0.0052281036,0.032425083,-0.0011547945,0.0020317135,-0.00011040977,0.0,0.0,0.0,-0.0029003767,0.0046053305,0.0039152983,0.0,0.0028339603,0.0054325443,0.00012323525,-0.00012462793,0.11297735,0.014956369,-0.00082366617,0.00027128475,-0.0018472747,-0.0024165986,0.00068117527,0.00032060992,0.00018787092,-0.0003888607,0.077266924,-0.006916586,-0.0014931285,-0.13673966,-0.027555753,-0.023398634,-0.0008746208,0.0,0.0,-0.10099628,-0.26048926,0.010554878,-0.0060794763,0.0,-0.0019424225,3.3630393e-05,-0.02645568,-0.033917855,-0.000169137,0.013328419,0.0021184068,-0.0029831724,0.0017612072,0.0,-0.15113385,0.0015618203,-0.0015734943,-0.00079342426,0.07581019,-0.002318735
1402,0.0010013161,0.0,0.0011307407,0.0053346436,0.00045964296,-0.0023874808,-0.089554965,-0.005386394,0.026638059,-0.0014075685,0.0020317135,-0.00011040977,0.0,0.0,0.0,-0.0029003767,0.013704309,0.018580284,0.0,0.0009388437,0.0083121415,-7.3305036e-06,-0.00012462793,0.23592548,-0.18255144,-0.00082366617,0.00027128475,-0.0032706386,-0.0021881675,0.00068117527,0.00032060992,0.00018787092,-0.0003888607,0.07397002,-0.0044494383,-0.0014931285,-0.093128555,-0.022942591,-0.019515026,-0.0008746208,0.0,0.0,-0.0728501,-0.18407252,0.010554878,0.04383159,0.0,-0.0019424225,3.3630393e-05,-0.028849622,-0.02159226,-0.000169137,0.010532509,0.0021184068,-0.0029831724,0.0017612072,0.0,-0.10926545,0.0015618203,-1.5474478e-05,-0.00079342426,0.06762571,-0.0006354258
1403,0.0010013161,0.0,0.0016479281,0.0040018125,0.00045964296,-0.0023874808,0.0040811137,-0.0051013334,0.035302136,-0.0011547945,0.0020317135,-0.00011040977,0.0,0.0,0.0,-0.0029003767,0.007675665,0.0039152983,0.0,0.0028339603,0.0054325443,-7.3305036e-06,-0.00012462793,0.11077153,0.014956369,-0.00082366617,0.00027128475,-0.0018472747,-0.0024165986,0.00068117527,0.00032060992,0.00018787092,-0.0003888607,0.07491216,-0.006916586,-0.0014931285,-0.14432095,-0.03455905,-0.023398634,-0.0008746208,0.0,0.0,-0.123214714,-0.27928218,0.010554878,-0.0060794763,0.0,-0.0019424225,3.3630393e-05,-0.025754968,-0.037321184,-0.000169137,0.013328419,0.0021184068,-0.0029831724,0.0017612072,0.0,-0.1660012,0.0015618203,-0.00040820174,0.0005038524,0.06901873,-0.0035538897
1404,0.0010013161,0.0,0.0011307407,0.0053346436,0.00045964296,-0.0023874808,-0.017482545,-0.005386394,0.04377575,-0.0014075685,0.0020317135,-0.00011040977,0.0,0.0,0.0,-0.0029003767,0.00937608,0.0038187641,0.0,0.0009388437,0.0083121415,-7.3305036e-06,-0.00012462793,0.2392282,0.01628558,-0.00082366617,0.00027128475,-0.0032706386,-0.0021881675,0.0025939085,0.00032060992,0.00018787092,-0.0003888607,0.077978596,-0.006916586,-0.0014931285,-0.12565674,-0.021111704,-0.02509716,-0.0008746208,0.0,0.0,-0.11260559,-0.27029213,0.010554878,-0.0060794763,0.0,-0.0019424225,3.3630393e-05,-0.024167055,-0.029276546,-0.000169137,0.013328419,0.0021184068,0.012072272,0.0017612072,0.0,-0.17350163,0.0015618203,-0.00040820174,-0.00079342426,0.07137026,-0.002318735
1405,-0.0003171105,0.0,-0.00043736555,0.0026488937,0.00045964296,-0.0023874808,-0.06732263,-0.0052281036,0.012032616,-0.00094848796,0.0001492801,-0.00011040977,0.0,0.0,0.0,-0.0029003767,0.0026026224,-0.00010618098,0.0,0.0028339603,0.0027645868,0.00012323525,-0.00012462793,-0.17617282,0.012023058,-0.0013676862,-0.0007841112,-0.0018472747,-0.0029655478,0.00068117527,0.00032060992,1.1894521e-05,-0.0003888607,0.07615198,-0.0056440495,-0.0014931285,-0.1434968,-0.027555753,-0.023003737,-0.00095420436,0.0,0.0,-0.11722523,-0.2650078,0.010554878,-0.005869464,0.0,-0.0017187139,3.3630393e-05,-0.019118652,-0.038274836,-0.000169137,0.0053630853,0.0003826445,-0.0029831724,0.0017612072,0.0,-0.14576028,0.0015618203,-0.00040820174,-0.00027650304,0.071865395,-0.002318735
1406,-0.0006135241,0.0,-0.00043736555,0.0019383557,0.00045964296,-0.0024328914,0.0056929938,-0.0051013334,0.013234023,-0.00094848796,0.0001492801,-0.00011040977,0.0,0.0,0.0,-0.0029003767,0.005672957,-0.00010618098,0.0,0.00077767106,0.0027645868,0.00012323525,-0.00012462793,-0.1883828,0.012023058,-0.0010697764,-0.0007841112,-0.0012661478,-0.0067092148,0.00068117527,0.00012323141,0.00016566459,-8.170852e-05,-0.035015505,-0.0056440495,0.00063123147,-0.16103715,-0.039751656,-0.023003737,-0.00095420436,0.0,0.0,-0.14256461,-0.32116526,0.0020655552,-0.005869464,0.0,-0.0017187139,3.3630393e-05,-0.018594444,-0.04128354,-0.000169137,0.0053630853,0.0003826445,-0.0007186803,0.0017612072,0.0,-0.15452185,0.0003384709,-0.00040820174,-0.0008451531,-0.049606588,-0.0035538897
1407,-0.0003171105,0.0,-0.00043736555,0.0026488937,0.00045964296,-0.0005878034,-0.028526591,-0.005386394,0.013041591,-0.00094848796,0.0001492801,-0.00011040977,0.0,0.0,0.0,-0.0029003767,0.0055953404,-0.00010618098,0.0,0.0028339603,0.0027645868,0.00012323525,-0.00012462793,-0.18228355,0.012023058,-0.0013676862,-0.0007841112,-0.0018472747,-0.0029655478,0.00068117527,0.00032060992,1.1894521e-05,-0.0003888607,0.07633898,-0.0056440495,-0.0014931285,-0.14352551,-0.03153956,-0.023003737,-0.00095420436,0.0,0.0,-0.12883455,-0.2790741,0.010554878,-0.005869464,0.0,-0.0017187139,3.3630393e-05,-0.018644508,-0.041678164,-0.000169137,0.0053630853,0.0003826445,-0.0029831724,0.0017612072,0.0,-0.14722419,0.0015618203,-0.00040820174,-0.00027650304,0.06743123,-0.002318735
1408,-0.0003171105,0.0,-0.00043736555,0.0026488937,0.00045964296,-0.0023874808,-0.06732263,-0.005386394,0.0084087495,-0.00094848796,0.0001492801,-0.00011040977,0.0,0.0,0.0,-0.0029003767,0.0026026224,-0.00010618098,0.0,0.0028339603,0.0027645868,0.00012323525,-0.00012462793,-0.17505851,0.012023058,-0.0013676862,-0.0007841112,-0.0018472747,-0.0029655478,0.00068117527,0.00032060992,1.1894521e-05,-0.0003888607,0.07633898,-0.004128857,-0.0014931285,-0.14421444,-0.027555753,-0.023003737,-0.00095420436,0.0,0.0,-0.11493139,-0.2650078,0.010554878,-0.005869464,0.0,-0.0017187139,3.3630393e-05,-0.019118652,-0.038274836,-0.000169137,0.0053630853,0.0003826445,-0.0029831724,0.0017612072,0.0,-0.14675684,0.0015618203,-0.00040820174,-0.0015737796,0.071865395,-0.0006354258
1409,-0.0006135241,0.0,-0.00043736555,0.0019383557,0.00045964296,-0.0024328914,0.005903837,-0.0051013334,0.021579778,-0.00094848796,0.0001492801,-0.00011040977,0.0,0.0,0.0,-0.0029003767,0.005672957,-0.00010618098,0.0,0.00077767106,0.0027645868,0.00024205932,0.00073519966,-0.18344077,0.012023058,-0.0010697764,-0.0007841112,-0.0012661478,-0.0067092148,0.00068117527,-0.0010217775,0.00016566459,0.0025634265,-0.034860794,-0.0056440495,0.00063123147,-0.15927762,-0.03989157,-0.021810014,-0.0018545807,0.0,0.0,-0.13963076,-0.31896693,0.0020655552,-0.005869464,0.0,-0.0017187139,3.3630393e-05,-0.019378562,-0.049909573,-0.000169137,0.0053630853,0.0003826445,-0.0007186803,0.0017612072,0.0,-0.15494095,0.0003384709,-0.00040820174,0.023437351,-0.04997747,-0.0035538897
1410,-0.0003171105,0.0,0.0022524595,0.0026488937,0.00045964296,-0.0023874808,-0.06732263,-0.005386394,0.0035416721,-0.0008075511,0.0001492801,-0.00011040977,0.0,0.0,0.0,-0.0029003767,0.0016549305,-0.00010618098,0.0,0.0028339603,0.0027645868,0.00012323525,-0.00012462793,-0.16730087,-0.11318101,-0.0013676862,0.00027128475,-0.0018472747,-0.0029655478,0.00068117527,0.00032060992,1.1894521e-05,-0.0003888607,0.076167405,-0.0044494383,-0.0014931285,-0.11582025,-0.027555753,-0.015748134,-0.00095420436,0.0,0.0,-0.08185055,-0.22272156,0.010554878,-0.0048646173,0.0,-0.0017187139,3.3630393e-05,-0.020296691,-0.03421773,-0.000169137,0.0073596933,0.0021184068,-0.0029831724,0.0017612072,0.0,-0.12882036,0.0015618203,-0.00040820174,-0.0015737796,0.06982104,-0.0006354258
1411,-0.0003171105,0.0,0.0022524595,0.0026488937,0.00045964296,-0.0023874808,-0.06732263,-0.005386394,0.0035416721,-0.00094848796,0.0001492801,-0.00011040977,0.0,0.0,0.0,-0.0029003767,0.0016549305,-0.00010618098,0.0,0.0028339603,0.0027645868,0.00012323525,-0.00012462793,-0.16730087,-0.11318101,-0.0013676862,0.00027128475,-0.0018472747,-0.0029655478,0.00068117527,0.00032060992,1.1894521e-05,-0.0003888607,0.07633898,-0.0044494383,-0.0014931285,-0.11585087,-0.027555753,-0.015748134,-0.00095420436,0.0,0.0,-0.08185055,-0.22272156,0.010554878,-0.0048646173,0.0,-0.0017187139,3.3630393e-05,-0.020296691,-0.03421773,-0.000169137,0.0073596933,0.0021184068,-0.0029831724,0.0017612072,0.0,-0.12882036,0.0015618203,-0.00040820174,-0.0015737796,0.06982104,-0.0006354258
1412,-0.0006135241,0.0,-0.00043736555,0.0016347436,0.0011349958,-0.0024328914,0.005903837,-0.0051013334,0.021579778,-0.00094848796,0.0001492801,0.0011245208,0.0,0.0,0.0,-0.0029003767,0.005672957,-0.00010618098,0.0,0.00077767106,0.0027645868,0.00024205932,0.0010361107,-0.1854104,0.012975426,0.0061644185,-0.0007841112,-0.0012661478,-0.0067092148,0.00068117527,0.00032060992,0.00016566459,0.0025634265,-0.034661297,-0.0056440495,0.00063123147,-0.16108766,-0.040548395,-0.023152402,-0.0018545807,0.0,0.0,-0.14169917,-0.32037783,0.0020655552,-0.005869464,0.0,-0.0017187139,3.3630393e-05,-0.019588701,-0.05185941,-0.000169137,0.0053630853,0.0003826445,-0.0007186803,0.0017612072,0.0,-0.15457016,0.0003384709,-0.00040820174,-0.0021424298,-0.05213774,-0.0035538897
1413,-0.0003171105,0.0,0.0022524595,0.0026488937,0.00045964296,-0.0005878034,-0.06879137,-0.005386394,0.0037180982,-0.00094848796,0.0001492801,-0.00011040977,0.0,0.0,0.0,-0.0029003767,0.0018129254,-0.00010618098,0.0,0.0028339603,0.0027645868,0.00012323525,-0.00012462793,-0.17046162,0.012023058,-0.0013676862,0.00027128475,-0.0018472747,-0.0029655478,0.00068117527,0.00032060992,1.1894521e-05,-0.0003888607,0.07633898,-0.0044494383,-0.0014931285,-0.1442126,-0.027555753,-0.021330269,-0.00095420436,0.0,0.0,-0.104533225,-0.2653539,0.010554878,-0.0048646173,0.0,-0.0017187139,3.3630393e-05,-0.018021006,-0.03421773,-0.000169137,0.0073596933,0.0021184068,-0.0029831724,0.0017612072,0.0,-0.15011169,0.0015618203,-0.00040820174,-0.0015737796,0.06538687,-0.0006354258
1414,-0.00041512825,0.0,0.0022524595,0.0026488937,0.00045964296,-0.0023874808,-0.06228942,-0.005386394,-0.045712765,-0.0035073415,0.0001492801,-0.00011040977,0.0,0.0,0.0,-0.0029003767,-0.013114323,0.0004158025,0.0,0.0028339603,0.0027645868,0.00012323525,-0.00012462793,-0.12173004,0.011316608,-0.0013676862,0.00027128475,-0.0018472747,-0.0029655478,0.00068117527,0.00032060992,1.1894521e-05,-0.0003888607,0.07633898,-0.0044494383,-0.0014931285,-0.14438137,-0.027555753,-0.023003737,-0.00095420436,0.0,0.0,-0.11606278,-0.26170275,0.010554878,-0.003557119,0.0,-0.0023439266,3.3630393e-05,-0.016924908,-0.034702014,-0.000169137,0.0073596933,0.0003826445,-0.0029831724,0.0017612072,0.0,-0.14706032,0.0015618203,-0.00040820174,-0.00027650304,0.06982104,-0.00014842558
1415,-0.00041512825,0.0,-0.00043736555,0.0026488937,0.00045964296,-0.0023874808,-0.06228942,-0.005386394,-0.045712765,-0.0035073415,0.0001492801,0.0011245208,0.0,0.0,0.0,-0.0029003767,-0.013114323,0.0004158025,0.0,0.0028339603,0.0027645868,0.00024205932,0.0010361107,-0.12114587,0.011316608,-0.0013676862,-0.0007841112,-0.0018472747,-0.0029655478,0.00068117527,-0.0010217775,-0.002094862,-0.0003888607,0.07649369,-0.003176902,0.0033276365,-0.14466089,-0.027695667,-0.021810014,-0.00095420436,0.0,0.0,-0.11847587,-0.260401,0.010554878,-0.003557119,0.0,-0.0023439266,3.3630393e-05,-0.016624339,-0.03349544,-0.000169137,0.0053630853,0.0003826445,-0.0029831724,0.0017612072,0.0,-0.1427572,0.0015618203,-0.00040820174,-0.00027650304,0.0747678,-0.00014842558
1416,-0.0006135241,0.0,-0.00043736555,0.0019383557,0.00045964296,-0.0024328914,0.005903837,-0.0051013334,0.021579778,-0.00094848796,0.0001492801,0.0011245208,0.0,0.0,0.0,-0.0029003767,0.005672957,-0.00010618098,0.0,0.00077767106,0.0027645868,0.00012323525,-0.00012462793,-0.1879492,0.012023058,-0.0010697764,-0.0007841112,-0.0012661478,-0.0067092148,0.00068117527,0.00012323141,0.00016566459,-8.170852e-05,-0.035015505,-0.0056440495,0.00063123147,-0.16088744,-0.039751656,-0.023003737,-0.0018545807,0.0,0.0,-0.14181396,-0.32116526,0.0020655552,-0.005869464,0.0,-0.0017187139,3.3630393e-05,-0.018847939,-0.049909573,-0.000169137,0.0053630853,0.0003826445,-0.0007186803,0.0017612072,0.0,-0.15457016,0.0003384709,-0.00040820174,-0.0021424298,-0.049606588,-0.0035538897
1417,-0.0006135241,0.0,-0.00043736555,0.0013879723,0.00045964296,-0.0024328914,0.005903837,-0.0051013334,0.021579778,-0.00094848796,0.0001492801,0.0011245208,0.0,0.0,0.0,-0.0029003767,0.005672957,-0.00010618098,0.0,0.00077767106,0.0027645868,-7.3305036e-06,-0.00012462793,-0.1879492,0.012023058,-0.0010697764,0.00027128475,-0.0012661478,-0.0067092148,0.00068117527,0.00032060992,0.00016566459,-8.170852e-05,-0.034860794,-0.006916586,0.00063123147,-0.1607208,-0.039751656,-0.023003737,-0.0018545807,0.0,0.0,-0.14166869,-0.3211077,0.0020655552,-0.005869464,0.0,-0.0017187139,3.3630393e-05,-0.018671438,-0.049909573,-0.000169137,0.0053630853,0.0003826445,-0.0007186803,0.0017612072,0.0,-0.15457016,0.0003384709,-0.00040820174,-0.0021424298,-0.049606588,-0.0035538897
1418,-0.0003171105,0.0,-0.00043736555,0.0025087083,0.00045964296,-0.0023874808,0.0046266075,-0.0051013334,0.021579778,-0.00094848796,0.0001492801,0.0011245208,0.0,0.0,0.0,-0.0029003767,0.005672957,-0.00010618098,0.0,0.0028339603,0.0027645868,-7.3305036e-06,0.0010361107,-0.18222347,0.012023058,-0.0008076114,-0.0007841112,-0.0018472747,-0.0024061943,0.00068117527,0.00022424548,1.1894521e-05,-0.0003888607,0.052090287,-0.0056440495,0.0033276365,-0.1510781,-0.038236048,-0.023152402,-0.0018545807,0.0,0.0,-0.13662907,-0.2886898,0.010288555,-0.005869464,0.0,-0.0017187139,3.3630393e-05,-0.01920362,-0.049909573,-0.000169137,0.0053630853,0.0003826445,-0.0029831724,0.0017612072,0.0,-0.15386353,0.0003384709,-0.00040820174,-0.0015737796,0.06295709,-0.0035538897
1419,-0.0006135241,0.0,-0.00043736555,0.0013879723,0.00045964296,-0.0024328914,0.005903837,-0.0051013334,0.021579778,-0.00094848796,0.0001492801,-0.00011040977,0.0,0.0,0.0,-0.0029003767,0.005672957,-0.00010618098,0.0,0.00077767106,0.0027645868,0.00012323525,-0.00012462793,-0.1879492,0.012975426,-0.0010697764,-0.0007841112,-0.0012661478,-0.0067092148,0.00068117527,0.00012323141,0.00016566459,0.0025634265,-0.035015505,-0.0056440495,0.00063123147,-0.16088744,-0.03956613,-0.023003737,-0.0018545807,0.0,0.0,-0.13948551,-0.32047147,0.0020655552,-0.005869464,0.0,-0.0017187139,3.3630393e-05,-0.018572748,-0.051047467,-0.000169137,0.0053630853,0.0003826445,-0.0007186803,0.0017612072,0.0,-0.15551841,0.0003384709,-0.00040820174,-0.0021424298,-0.052815605,-0.0035538897
1420,-0.0006135241,0.0,-0.00043736555,0.0019383557,0.00045964296,-0.0024328914,0.0056929938,-0.0051013334,0.013234023,-0.00094848796,0.0001492801,-0.00011040977,0.0,0.0,0.0,-0.0029003767,0.005672957,-0.00010618098,0.0,0.00077767106,0.0027645868,0.00024205932,0.0010361107,-0.1883828,0.012023058,-0.0010697764,-0.0007841112,-0.0012661478,-0.0067092148,0.00068117527,0.00032060992,0.00016566459,-8.170852e-05,-0.03357428,-0.0056440495,0.00063123147,-0.16108766,-0.03989157,-0.023152402,-0.00095420436,0.0,0.0,-0.14027075,-0.32326958,0.0020655552,-0.005869464,0.0,-0.0017187139,3.3630393e-05,-0.019398194,-0.040441975,-0.000169137,0.0053630853,0.0003826445,-0.0007186803,0.0017612072,0.0,-0.15486571,0.0003384709,-0.0015734943,-0.0021424298,-0.049606588,-0.0035538897
1421,-0.0006135241,0.0,-0.00043736555,0.0016347436,0.00045964296,-0.0024328914,0.0056929938,-0.0051013334,0.021579778,-0.00094848796,0.0001492801,0.0011245208,0.0,0.0,0.0,-0.0029003767,0.005672957,-0.00010618098,0.0,0.00077767106,0.0027645868,-7.3305036e-06,-0.00012462793,-0.18698755,0.012023058,-0.0010697764,-0.0007841112,-0.0012661478,-0.0067092148,0.00068117527,0.00032060992,0.00016566459,0.0025634265,-0.034661297,-0.0056440495,0.00063123147,-0.16108766,-0.039779685,-0.023003737,-0.0018545807,0.0,0.0,-0.14417464,-0.3206737,0.0020655552,-0.005869464,0.0,-0.0017187139,3.3630393e-05,-0.018693134,-0.05072152,-0.000169137,0.0053630853,0.0003826445,-0.0007186803,0.0017612072,0.0,-0.1535736,0.0003384709,-0.00040820174,-0.0008451531,-0.05265928,-0.0035538897
1422,-0.0006135241,0.0,-0.00043736555,0.0019383557,0.00045964296,-0.0024328914,0.005903837,-0.0051013334,0.021579778,-0.00094848796,0.0001492801,-0.00011040977,0.0,0.0,0.0,-0.0029003767,0.005672957,-0.00010618098,0.0,0.00077767106,0.0027645868,-7.3305036e-06,-0.00012462793,-0.18698755,0.012023058,-0.0010697764,-0.0007841112,-0.0012661478,-0.0067092148,0.00068117527,0.00032060992,0.00016566459,-8.170852e-05,-0.034860794,-0.0056440495,0.00063123147,-0.16108766,-0.039751656,-0.023003737,-0.0018545807,0.0,0.0,-0.13963076,-0.3212376,0.0020655552,-0.005869464,0.0,-0.0017187139,3.3630393e-05,-0.018946629,-0.05072152,-0.000169137,0.0053630853,0.0003826445,-0.0007186803,0.0017612072,0.0,-0.15551841,0.0003384709,-0.00040820174,-0.0021424298,-0.049606588,-0.0035538897
1423,-0.0006135241,0.0,-0.00043736555,0.0019383557,0.00045964296,-0.0024328914,0.005903837,-0.0051013334,0.021579778,-0.00094848796,0.0001492801,-0.00011040977,0.0,0.0,0.0,-0.0029003767,0.005672957,-0.00010618098,0.0,0.00077767106,0.0027645868,0.00024205932,0.0010361107,-0.18698755,0.012023058,-0.0010697764,-0.0007841112,-0.0012661478,-0.0058186366,0.00068117527,0.00032060992,1.1894521e-05,-8.170852e-05,-0.03357428,-0.0056440495,0.00063123147,-0.16108766,-0.03989157,-0.023152402,-0.0018545807,0.0,0.0,-0.13963076,-0.3233981,0.0020655552,-0.005869464,0.0,-0.0017187139,3.3630393e-05,-0.019651692,-0.05072152,-0.000169137,0.0053630853,0.0003826445,-0.0007186803,0.0017612072,0.0,-0.15481178,0.0003384709,-0.0015734943,-0.0021424298,-0.049427234,-0.0035538897
1424,-0.0006135241,0.0,-0.00043736555,0.0013879723,0.00045964296,-0.0024328914,0.011330944,-0.0051013334,0.021579778,-0.00094848796,0.0001492801,-0.00011040977,0.0,0.0,0.0,-0.0029003767,0.005672957,-0.00010618098,0.0,0.00077767106,0.0027645868,0.00012323525,0.0010361107,-0.18675372,0.013223625,-0.0010697764,-0.0007841112,-0.0012661478,-0.0067092148,0.00068117527,0.00097600615,1.1894521e-05,-8.170852e-05,-0.0391911,-0.0056440495,0.00063123147,-0.16103715,-0.039706044,-0.023152402,-0.0018545807,0.0,0.0,-0.13906889,-0.3225632,0.0020655552,-0.005869464,0.0,-0.0017187139,3.3630393e-05,-0.01941464,-0.052895132,-0.000169137,0.0053630853,0.0003826445,-0.0007186803,0.0017612072,0.0,-0.15484832,0.0003384709,-0.0015734943,-0.0021424298,-0.049427234,-0.0035538897
1425,-0.0006135241,0.0,-0.00043736555,0.0013879723,0.00045964296,-0.0024328914,0.005903837,-0.0051013334,0.021579778,-0.00094848796,0.0001492801,-0.00011040977,0.0,0.0,0.0,-0.0029003767,0.005672957,-0.00010618098,0.0,0.00077767106,0.0027645868,0.00012323525,0.0010361107,-0.18698755,0.012023058,-0.0010697764,-0.0007841112,-0.0012661478,-0.0067092148,0.00068117527,0.00012323141,1.1894521e-05,-8.170852e-05,-0.03372899,-0.0056440495,0.00063123147,-0.16103715,-0.03989157,-0.023152402,-0.0018545807,0.0,0.0,-0.13948551,-0.32147396,0.0020655552,-0.005869464,0.0,-0.0017187139,3.3630393e-05,-0.019153113,-0.05072152,-0.000169137,0.0053630853,0.0003826445,-0.0007186803,0.0017612072,0.0,-0.15551841,0.0003384709,-0.0015734943,-0.0021424298,-0.049427234,-0.0035538897
1426,-0.0006135241,0.0,-0.00043736555,0.0013879723,0.00045964296,-0.0023874808,0.0046266075,-0.0051013334,0.021579778,-0.00094848796,0.0001492801,0.0011245208,0.0,0.0,0.0,-0.0029003767,0.005672957,-0.00010618098,0.0,0.00077767106,0.0027645868,0.00012323525,0.0010361107,-0.1879492,0.012023058,-0.0010697764,-0.0007841112,-0.0012661478,-0.0048695817,0.00068117527,0.00012323141,1.1894521e-05,-8.170852e-05,0.03824253,-0.0056440495,0.00063123147,-0.15768199,-0.03989157,-0.023152402,-0.0018545807,0.0,0.0,-0.13910007,-0.30586064,0.004143209,-0.005869464,0.0,-0.0017187139,3.3630393e-05,-0.019153113,-0.049909573,-0.000169137,0.0053630853,0.0003826445,-0.0019180714,0.0017612072,0.0,-0.15457016,0.0003384709,-0.00040820174,-0.0021424298,-0.049427234,-0.0035538897
1427,-0.0006135241,0.0,-0.00043736555,0.0019383557,0.00045964296,-0.0024328914,0.005903837,-0.0051013334,0.021579778,-0.00094848796,0.0001492801,-0.00011040977,0.0,0.0,0.0,-0.0029003767,0.005672957,-0.00010618098,0.0,0.00077767106,0.0027645868,0.00012323525,-0.00012462793,-0.18698755,0.012975426,-0.0010697764,-0.0007841112,-0.0012661478,-0.0067092148,0.00068117527,0.00012323141,0.00016566459,-8.170852e-05,-0.03372899,-0.0056440495,0.00063123147,-0.16103715,-0.03956613,-0.023003737,-0.0018545807,0.0,0.0,-0.13963076,-0.3212865,0.0020655552,-0.005869464,0.0,-0.0017187139,3.3630393e-05,-0.018847939,-0.05185941,-0.000169137,0.0053630853,0.0003826445,-0.0007186803,0.0017612072,0.0,-0.15551841,0.0003384709,-0.0015734943,-0.0021424298,-0.049606588,-0.0035538897
1428,-0.0006135241,0.0,-0.00043736555,0.0013879723,0.00045964296,-0.0024328914,0.0056929938,-0.0051013334,0.021579778,-0.00094848796,0.0001492801,-0.00011040977,0.0,0.0,0.0,-0.0029003767,0.005672957,-0.00010618098,0.0,0.00077767106,0.0027645868,0.00012323525,0.0010361107,-0.1879492,0.012975426,-0.0010697764,-0.0007841112,-0.0012661478,-0.0067092148,0.00068117527,0.00012323141,0.00016566459,-8.170852e-05,-0.035015505,-0.0056440495,0.00063123147,-0.16088744,-0.039706044,-0.023152402,-0.0018545807,0.0,0.0,-0.13952816,-0.32132715,0.0020655552,-0.005869464,0.0,-0.0017187139,3.3630393e-05,-0.018899618,-0.051047467,-0.000169137,0.0053630853,0.0003826445,-0.0007186803,0.0017612072,0.0,-0.15551841,0.0003384709,-0.00040820174,-0.0021424298,-0.049606588,-0.0035538897
1429,-0.0003171105,0.0,-0.00043736555,0.0026488937,0.00045964296,-0.0023874808,-0.0065287896,-0.0051013334,-0.03725932,-0.0023805688,0.0001492801,-0.00011040977,0.0,0.0,0.0,-0.0029003767,0.0014361494,-0.000383359,0.0,0.0028339603,0.0027645868,0.00012323525,-0.00012462793,-0.14252853,0.011641528,-0.0013676862,-0.0007841112,-0.0018472747,-0.0029655478,0.00068117527,0.00032060992,1.1894521e-05,-0.0003888607,0.08173425,-0.003176902,-0.0014931285,-0.1470973,-0.033626508,-0.023003737,-0.00095420436,0.0,0.0,-0.13348486,-0.2781038,0.010554878,-0.0029840842,0.0,-0.0023439266,3.3630393e-05,-0.016149268,-0.035513956,-0.000169137,0.0053630853,0.0003826445,0.012072272,0.0017612072,0.0,-0.14990883,0.0015618203,-0.0015734943,0.01613136,0.07057344,-0.00014842558
1430,-0.0003171105,0.0,-0.00043736555,0.0026488937,0.00045964296,-0.0023874808,0.0040204297,-0.0051013334,0.013234023,-0.00094848796,0.0001492801,-0.00011040977,0.0,0.0,0.0,-0.0029003767,0.0029231743,-0.00010618098,0.0,0.0028339603,0.0027645868,0.00012323525,-0.00012462793,-0.18638678,0.012023058,-0.0013676862,-0.0007841112,-0.0018472747,-0.0029655478,0.00068117527,0.00012323141,1.1894521e-05,-0.0003888607,0.07492902,-0.0056440495,-0.0014931285,-0.15102759,-0.03480992,-0.023003737,-0.00095420436,0.0,0.0,-0.13735177,-0.28405032,0.010554878,-0.005869464,0.0,-0.0017187139,3.3630393e-05,-0.018319251,-0.038274836,-0.000169137,0.0053630853,0.0003826445,-0.0029831724,0.0017612072,0.0,-0.15272795,0.0015618203,-0.00040820174,-0.00027650304,0.071865395,-0.0035538897
1431,-0.0003171105,0.0,-0.00043736555,0.0031992774,0.00045964296,-0.0023874808,0.0038953335,-0.0051013334,-0.014665706,-0.0011947682,0.0001492801,-0.00011040977,0.0,0.0,0.0,-0.0029003767,0.0021334775,-0.00010618098,0.0,0.0028339603,0.0027645868,0.00012323525,0.0010361107,-0.16404858,0.011730996,-0.0013676862,-0.0007841112,-0.0018472747,-0.0029655478,0.00068117527,0.00012323141,1.1894521e-05,-0.0003888607,0.07492902,-0.003176902,-0.0024697937,-0.15210061,-0.034949835,-0.023152402,-0.00095420436,0.0,0.0,-0.13871118,-0.28481814,0.010554878,-0.0048646173,0.0,-0.0023439266,3.3630393e-05,-0.01785966,-0.03349544,-0.000169137,0.0053630853,0.0003826445,-0.0029831724,0.0017612072,0.0,-0.15272795,0.0015618203,-0.00040820174,-0.00027650304,0.071865395,-0.0018705805
1432,-0.0003171105,0.0,-0.00043736555,0.0026488937,0.00045964296,-0.0005878034,0.004804343,-0.0051013334,0.021579778,-0.00094848796,0.0001492801,-0.00011040977,0.0,0.0,0.0,-0.0029003767,0.005672957,-0.00010618098,0.0,0.0028339603,0.0027645868,0.00012323525,0.00073519966,-0.18183489,0.012023058,-0.0013676862,-0.0007841112,-0.0018472747,-0.0029655478,0.00068117527,0.00032060992,1.1894521e-05,-0.0003888607,0.07492902,-0.0056440495,-0.0014931285,-0.1510781,-0.034698963,-0.023152402,-0.0018545807,0.0,0.0,-0.13425864,-0.28403914,0.010554878,-0.005869464,0.0,-0.0017187139,3.3630393e-05,-0.018847853,-0.051116146,-0.000169137,0.0053630853,0.0003826445,-0.0029831724,0.0017612072,0.0,-0.15551841,0.0015618203,-0.00040820174,-0.0015737796,0.06791907,-0.0035538897
1433,-0.0006135241,0.0,-0.00043736555,0.0013879723,0.00045964296,-0.0024328914,0.005903837,-0.0051013334,0.021579778,-0.00094848796,0.0001492801,-0.00011040977,0.0,0.0,0.0,-0.0029003767,0.005672957,-0.00010618098,0.0,0.00077767106,0.0027645868,0.00012323525,0.0010361107,-0.1879492,0.012975426,-0.0016298512,-0.0007841112,-0.0012661478,-0.0058186366,0.00068117527,0.00012323141,1.1894521e-05,-8.170852e-05,-0.0345379,-0.0056440495,0.00063123147,-0.16088744,-0.039706044,-0.023152402,-0.0018545807,0.0,0.0,-0.13948551,-0.32305154,0.0020655552,-0.005869464,0.0,-0.0017187139,3.3630393e-05,-0.019153113,-0.051047467,-0.000169137,0.0053630853,0.0003826445,-0.0007186803,0.0017612072,0.0,-0.15481178,0.0003384709,-0.00040820174,-0.0021424298,-0.049243167,-0.0035538897
1434,-0.0003171105,0.0,-0.00043736555,0.0026488937,0.00045964296,-0.0023874808,-0.02338568,-0.005386394,0.0047270725,-0.00094848796,0.0001492801,-0.00011040977,0.0,0.0,0.0,-0.0029003767,0.002055861,-0.00010618098,0.0,0.0028339603,0.0027645868,-7.3305036e-06,0.0010361107,-0.18419462,0.012023058,-0.0013676862,-0.0007841112,-0.0018472747,-0.0029655478,0.00068117527,0.00032060992,-0.0023617852,-0.0003888607,0.0777802,-0.003176902,-0.0014931285,-0.14449212,-0.033766422,-0.023152402,-0.00095420436,0.0,0.0,-0.12710905,-0.28005806,0.010554878,-0.0048646173,0.0,-0.0017187139,3.3630393e-05,-0.01698814,-0.034702014,-0.000169137,0.0053630853,0.0003826445,-0.0029831724,0.0017612072,0.0,-0.15005682,0.0015618203,-0.0015734943,-0.0015737796,0.071865395,-0.0006354258
1435,-0.0006135241,0.0,-0.00043736555,0.0019383557,0.00045964296,-0.0024328914,0.005903837,-0.0051013334,0.021579778,-0.00094848796,0.0001492801,-0.00011040977,0.0,0.0,0.0,-0.0029003767,0.005672957,-0.00010618098,0.0,0.00077767106,0.0027645868,-7.3305036e-06,-0.00012462793,-0.18698755,0.012975426,-0.0010697764,-0.0007841112,-0.0012661478,-0.0067092148,0.00068117527,0.00012323141,0.00016566459,0.0025634265,-0.03357428,-0.0056440495,0.00063123147,-0.16103715,-0.03956613,-0.023003737,-0.0018545807,0.0,0.0,-0.13963076,-0.32074675,0.0020655552,-0.005869464,0.0,-0.0017187139,3.3630393e-05,-0.018847939,-0.05185941,-0.000169137,0.0053630853,0.0003826445,-0.0007186803,0.0017612072,0.0,-0.15551841,0.0003384709,-0.0015734943,-0.0021424298,-0.052815605,-0.0035538897
1436,-0.0003171105,0.0,-0.00043736555,0.0026488937,0.00045964296,-0.0023874808,0.0041598342,-0.0051013334,-0.02040323,-0.0015233477,0.0001492801,-0.00011040977,0.0,0.0,0.0,-0.0029003767,0.0014361494,-0.00010618098,0.0,0.0028339603,0.0027645868,-7.3305036e-06,0.0010361107,-0.15474546,0.011730996,-0.0013676862,-0.0007841112,-0.0018472747,-0.0029655478,0.00068117527,0.00032060992,-0.0024865274,-0.0003888607,0.07508373,-0.003176902,-0.0014931285,-0.15215112,-0.034949835,-0.023152402,-0.00095420436,0.0,0.0,-0.13833602,-0.28503266,0.010554878,-0.0029840842,0.0,-0.0023439266,3.3630393e-05,-0.016433947,-0.034702014,-0.000169137,0.0053630853,0.0003826445,-0.0029831724,0.0017612072,0.0,-0.15452185,0.0015618203,-0.00040820174,-0.00027650304,0.07049591,-0.0018705805
1437,-0.0003171105,0.0,-0.00043736555,0.0026488937,0.00045964296,-0.0023874808,0.0044157645,-0.0051013334,0.013234023,-0.00094848796,0.0001492801,-0.00011040977,0.0,0.0,0.0,-0.0029003767,0.005672957,-0.00010618098,0.0,0.0028339603,0.0027645868,-7.3305036e-06,-0.00012462793,-0.18361872,0.012023058,-0.0013676862,-0.0007841112,-0.0018472747,-0.0029655478,0.00068117527,0.00032060992,1.1894521e-05,-0.0003888607,0.07919249,-0.0056440495,-0.0014931285,-0.14890611,-0.03455905,-0.023003737,-0.00095420436,0.0,0.0,-0.13485597,-0.2817036,0.010554878,-0.005869464,0.0,-0.0017187139,3.3630393e-05,-0.01841794,-0.041678164,-0.000169137,0.0053630853,0.0003826445,0.012072272,0.0017612072,0.0,-0.15551841,0.0015618203,-0.00040820174,-0.0015737796,0.07424046,-0.0035538897
1438,-0.0003171105,0.0,-0.00043736555,0.0026488937,0.00045964296,-0.0023874808,0.0044157645,-0.0051013334,0.0049195047,-0.00094848796,0.0001492801,-0.00011040977,0.0,0.0,0.0,-0.0029003767,0.0021334775,-0.00010618098,0.0,0.0028339603,0.0027645868,0.00012323525,-0.00012462793,-0.18171413,0.012023058,-0.0013676862,-0.0007841112,-0.0018472747,-0.0029655478,0.00068117527,0.00032060992,1.1894521e-05,-0.0003888607,0.07492902,-0.003176902,-0.0014931285,-0.15213205,-0.03480992,-0.023003737,-0.00095420436,0.0,0.0,-0.13771816,-0.2844446,0.010554878,-0.0048646173,0.0,-0.0017187139,3.3630393e-05,-0.017368043,-0.035513956,-0.000169137,0.0053630853,0.0003826445,-0.0029831724,0.0017612072,0.0,-0.15452185,0.0015618203,-0.00040820174,-0.00027650304,0.07049591,-0.0018705805
1439,-0.0003171105,0.0,-0.00043736555,0.0026488937,0.00045964296,-0.0005878034,0.004804343,-0.0051013334,0.02072544,-0.00094848796,0.0001492801,-0.00011040977,0.0,0.0,0.0,-0.0029003767,0.005672957,-0.00010618098,0.0,0.0028339603,0.0027645868,-7.3305036e-06,0.0010361107,-0.18206076,0.012023058,-0.0013676862,-0.0007841112,-0.0018472747,-0.0029655478,0.00068117527,0.00032060992,1.1894521e-05,-0.0003888607,0.07508373,-0.0056440495,-0.0014931285,-0.1510781,-0.034698963,-0.023152402,-0.0018545807,0.0,0.0,-0.13655248,-0.28421372,0.010554878,-0.005869464,0.0,-0.0017187139,3.3630393e-05,-0.018998308,-0.05003593,-0.000169137,0.0053630853,0.0003826445,-0.0029831724,0.0017612072,0.0,-0.15452185,0.0015618203,-0.00040820174,-0.00027650304,0.06791907,-0.0035538897
1440,-0.0006135241,0.0,-0.00043736555,0.0019383557,0.00045964296,-0.0024328914,0.005903837,-0.0051013334,0.021579778,-0.00094848796,0.0001492801,0.0011245208,0.0,0.0,0.0,-0.0029003767,0.005672957,-0.00010618098,0.0,0.00077767106,0.0027645868,-7.3305036e-06,0.0010361107,-0.18698755,0.012975426,-0.0010697764,-0.0007841112,-0.0012661478,-0.0058186366,0.00068117527,0.00012323141,1.1894521e-05,-8.170852e-05,-0.034860794,-0.0056440495,0.00063123147,-0.16103715,-0.039706044,-0.023152402,-0.0018545807,0.0,0.0,-0.1441078,-0.32310402,0.0020655552,-0.005869464,0.0,-0.0017187139,3.3630393e-05,-0.019428307,-0.05185941,-0.000169137,0.0053630853,0.0003826445,-0.0007186803,0.0017612072,0.0,-0.15286697,0.0003384709,-0.00040820174,-0.0008451531,-0.049427234,-0.0035538897
1441,-0.0003171105,0.0,-0.00043736555,0.0031992774,0.00045964296,-0.0023874808,-0.02338568,-0.005386394,0.013041591,-0.00094848796,0.0001492801,-0.00011040977,0.0,0.0,0.0,-0.0029003767,0.0028455579,-0.00010618098,0.0,0.0028339603,0.0027645868,0.00012323525,-0.00012462793,-0.18513757,0.012023058,-0.0013676862,-0.0007841112,-0.0018472747,-0.0029655478,0.00068117527,0.00032060992,-0.0023617852,-0.0003888607,0.07633898,-0.0056440495,-0.0014931285,-0.14358787,-0.033626508,-0.023003737,-0.00095420436,0.0,0.0,-0.12688792,-0.27940473,0.010554878,-0.005869464,0.0,-0.0017187139,3.3630393e-05,-0.017732859,-0.038274836,-0.000169137,0.0053630853,0.0003826445,-0.0029831724,0.0017612072,0.0,-0.15005682,0.0015618203,-0.00040820174,-0.0015737796,0.071865395,-0.002318735
1442,-0.0006135241,0.0,-0.00043736555,0.0019383557,0.00045964296,-0.0024328914,-0.0049956306,-0.0051013334,0.020533009,-0.00094848796,0.0001492801,0.0011245208,0.0,0.0,0.0,-0.0029003767,0.005672957,-0.00010618098,0.0,0.00077767106,0.0027645868,0.00012323525,0.0010361107,-0.18998148,0.012023058,-0.0010697764,-0.0007841112,-0.0012661478,-0.0058186366,0.00068117527,0.00012323141,1.1894521e-05,-8.170852e-05,-0.033605553,-0.0056440495,0.00063123147,-0.15841213,-0.038708158,-0.023152402,-0.0018545807,0.0,0.0,-0.13900784,-0.32307988,0.0020655552,-0.005869464,0.0,-0.0017187139,3.3630393e-05,-0.019174809,-0.049641304,-0.000169137,0.0053630853,0.0003826445,-0.0007186803,0.0017612072,0.0,-0.15088622,0.0003384709,-0.00040820174,-0.0021424298,-0.048057754,-0.002318735
1443,-0.0006135241,0.0,-0.00043736555,0.0016347436,0.00045964296,-0.0024328914,0.0051725623,-0.0051013334,-0.014665706,-0.0011947682,0.0001492801,0.0011245208,0.0,0.0,0.0,-0.0029003767,0.0021334775,-0.00010618098,0.0,0.00077767106,0.0027645868,0.00012323525,-0.00012462793,-0.16881265,0.011730996,-0.0010697764,-0.0007841112,-0.0012661478,-0.0058186366,0.00068117527,0.00032060992,1.1894521e-05,0.0025634265,-0.034816008,-0.003176902,0.00063123147,-0.16216066,-0.040030558,-0.023003737,-0.00095420436,0.0,0.0,-0.14595819,-0.3228192,0.0020655552,-0.0048646173,0.0,-0.0023439266,3.3630393e-05,-0.017377982,-0.034307383,-0.000169137,0.0053630853,0.0003826445,-0.0007186803,0.0017612072,0.0,-0.15107307,0.0003384709,-0.00040820174,-0.0008451531,-0.051110446,-0.0018705805
1444,-0.0003171105,0.0,-0.00043736555,0.0031992774,0.00045964296,-0.0005878034,-0.025110358,-0.005386394,-0.029853012,-0.0018997398,0.0001492801,-0.00011040977,0.0,0.0,0.0,-0.0029003767,0.0013585327,-0.00010618098,0.0,0.0028339603,0.0027645868,-7.3305036e-06,0.0010361107,-0.14422649,0.011641528,-0.0013676862,-0.0007841112,-0.0018472747,-0.0029655478,0.00068117527,0.00032060992,-0.0023617852,-0.0003888607,0.07649369,-0.003176902,-0.0014931285,-0.14466089,-0.033766422,-0.023152402,-0.00095420436,0.0,0.0,-0.12816364,-0.28033885,0.010554878,-0.0029840842,0.0,-0.0023439266,3.3630393e-05,-0.016167233,-0.034702014,-0.000169137,0.0053630853,0.0003826445,-0.0029831724,0.0017612072,0.0,-0.15005682,0.0015618203,-0.00040820174,-0.0015737796,0.06743123,-0.0006354258
1445,-0.0003171105,0.0,-0.00043736555,0.0026488937,0.00045964296,-0.0023874808,-0.027057843,-0.005386394,0.009417723,-0.00094848796,0.0001492801,-0.00011040977,0.0,0.0,0.0,-0.0029003767,0.0028455579,-0.00010618098,0.0,0.0028339603,0.0027645868,0.00012323525,-0.00012462793,-0.18527247,0.012023058,-0.0013676862,-0.0007841112,-0.0018472747,-0.0029655478,0.00068117527,0.00032060992,1.1894521e-05,-0.0003888607,0.07633898,-0.004128857,-0.0014931285,-0.14421444,-0.03179043,-0.023003737,-0.00095420436,0.0,0.0,-0.1290365,-0.2792748,0.010554878,-0.005869464,0.0,-0.0017187139,3.3630393e-05,-0.018644508,-0.038274836,-0.000169137,0.0053630853,0.0003826445,-0.0029831724,0.0017612072,0.0,-0.14722419,0.0015618203,-0.00040820174,-0.00027650304,0.071865395,-0.0006354258
1446,-0.0006135241,0.0,-0.00043736555,0.0013879723,0.00045964296,-0.0024328914,0.005903837,-0.0051013334,0.021579778,-0.00094848796,0.0001492801,0.0011245208,0.0,0.0,0.0,-0.0029003767,0.005672957,-0.00010618098,0.0,0.00077767106,0.0027645868,-7.3305036e-06,0.0010361107,-0.1879492,0.012975426,-0.0010697764,0.00027128475,-0.0012661478,-0.0067092148,0.00068117527,0.00012323141,1.1894521e-05,-8.170852e-05,-0.034860794,-0.006916586,0.00063123147,-0.1606703,-0.039706044,-0.023152402,-0.0018545807,0.0,0.0,-0.14166869,-0.32137686,0.0020655552,-0.005869464,0.0,-0.0017187139,3.3630393e-05,-0.019153113,-0.051047467,-0.000169137,0.0053630853,0.0003826445,-0.0007186803,0.0017612072,0.0,-0.15457016,0.0003384709,-0.00040820174,-0.0021424298,-0.049427234,-0.0035538897
1447,-0.0006135241,0.0,-0.00043736555,0.0019383557,0.00045964296,-0.0024328914,0.005903837,-0.0038096267,0.0049195047,-0.00094848796,0.0001492801,-0.00011040977,0.0,0.0,0.0,-0.0029003767,0.0021334775,-0.00010618098,0.0,0.00077767106,0.0027645868,-0.0016296525,-0.00012462793,-0.18743984,0.012975426,-0.0010697764,-0.0007841112,-0.0012661478,-0.0058186366,0.00068117527,0.00012323141,0.00016566459,0.0025634265,-0.035015505,-0.003176902,0.00063123147,-0.1619414,-0.039817,-0.023003737,-0.00095420436,0.0,0.0,-0.14537714,-0.32099253,0.0020655552,-0.0048646173,0.0,-0.0017187139,3.3630393e-05,-0.017798044,-0.035445277,-0.000169137,0.0053630853,0.0003826445,-0.0007186803,0.0017612072,0.0,-0.1528201,0.0003384709,-0.00040820174,-0.0008451531,-0.052815605,-0.0018705805
1448,-0.0003171105,0.0,-0.00043736555,0.0026488937,0.00045964296,-0.0023874808,-0.02338568,-0.005386394,0.010368569,-0.00094848796,0.0001492801,-0.00011040977,0.0,0.0,0.0,-0.0029003767,0.0028455579,-0.00010618098,0.0,0.0028339603,0.0027645868,-7.3305036e-06,0.0010361107,-0.18513757,0.012023058,-0.0013676862,-0.0007841112,-0.0018472747,-0.0029655478,0.00068117527,0.00032060992,-0.0023617852,-0.0003888607,0.07649369,-0.004128857,-0.0014931285,-0.14411336,-0.033766422,-0.023152402,-0.00095420436,0.0,0.0,-0.12674265,-0.2795907,0.010554878,-0.005869464,0.0,-0.0017187139,3.3630393e-05,-0.018038036,-0.038274836,-0.000169137,0.0053630853,0.0003826445,-0.0029831724,0.0017612072,0.0,-0.15005682,0.0015618203,-0.00040820174,-0.0015737796,0.071865395,-0.0006354258
1449,-0.0003171105,0.0,-0.00043736555,0.0026488937,0.00045964296,-0.0005878034,0.004804343,-0.0051013334,0.013234023,-0.00094848796,0.0001492801,-0.00011040977,0.0,0.0,0.0,-0.0029003767,0.0029231743,-0.00010618098,0.0,0.0028339603,0.0027645868,-7.3305036e-06,0.0010361107,-0.18323015,0.012023058,-0.0013676862,-0.0007841112,-0.0018472747,-0.0029655478,0.00068117527,0.00032060992,1.1894521e-05,-0.0003888607,0.07508373,-0.0056440495,-0.0014931285,-0.1510781,-0.034949835,-0.023152402,-0.00095420436,0.0,0.0,-0.13735177,-0.2844144,0.010554878,-0.005869464,0.0,-0.0017187139,3.3630393e-05,-0.018998308,-0.038274836,-0.000169137,0.0053630853,0.0003826445,-0.0029831724,0.0017612072,0.0,-0.15452185,0.0015618203,-0.00040820174,-0.00027650304,0.06791907,-0.0035538897
1550,-0.00072398933,0.0,-0.00043736555,0.09966765,0.0011349958,-0.0024328914,0.0050781444,-0.0051013334,-0.02040323,-0.0015233477,0.0001492801,-0.00011040977,0.0,0.0,0.0,-0.0029003767,0.0014361494,-0.00010618098,0.0,-0.00013550714,0.0027645868,0.0012648392,0.005947278,-0.13747704,0.010919784,-0.0016298512,-0.0007841112,-0.0012661478,-0.0067092148,0.00068117527,-0.0010217775,-0.000943213,0.0025634265,-0.033392757,-0.003176902,0.00063123147,-0.15783362,-0.03860638,-0.018770825,-0.00095420436,0.0,0.0,-0.1339581,-0.29654813,0.0020655552,-0.0029840842,0.0,-0.0011234261,3.3630393e-05,-0.062357187,-0.031237163,-0.000169137,0.0053630853,0.0003826445,-0.0007186803,0.0017612072,0.0,-0.15374574,0.0003384709,-0.0002896314,-0.0008451531,-0.049168777,-0.00077575585
1551,-0.00084886566,0.0,-0.00043736555,0.0040157363,0.0011349958,-0.0024328914,0.0050935727,-0.0051013334,0.013234023,-0.00094848796,0.0001492801,-0.00011040977,0.0,0.0,0.0,-0.0029003767,0.0029231743,-0.00010618098,0.0,-0.00013550714,0.0027645868,-1.7201775e-05,-0.0007265513,-0.18934445,0.010769832,-0.0010697764,-0.0007841112,-0.0012661478,-0.0067092148,0.00068117527,-2.8816874e-05,-2.3254252e-06,-8.170852e-05,-0.034025077,-0.0056440495,0.00063123147,-0.11656828,-0.03527973,-0.01544617,-0.00095420436,0.0,0.0,-0.101415716,-0.2523134,0.0020655552,-0.005869464,0.0,-0.0004982132,3.3630393e-05,-0.17276926,-0.037721872,-0.000169137,0.006047063,0.0021184068,-0.0007186803,0.0017612072,0.0,-0.15551841,0.0003384709,-0.0002896314,-0.0021424298,-0.048267543,-0.0035538897
1552,-0.00072398933,0.0,-0.00043736555,0.055563126,0.0011349958,-0.0024328914,0.0049387403,-0.0051013334,0.013234023,-0.00094848796,0.0001492801,-0.00011040977,0.0,0.0,0.0,-0.0029003767,0.0029231743,-0.00010618098,0.0,-0.00013550714,0.0027645868,-1.7201775e-05,-0.0007265513,-0.17524515,0.011211846,-0.0010697764,-0.0007841112,-0.0012661478,-0.0067092148,0.00068117527,0.00032060992,5.8672624e-05,-8.170852e-05,-0.034025077,-0.0056440495,0.00063123147,-0.1610156,-0.035465255,-0.017119637,-0.00095420436,0.0,0.0,-0.13068001,-0.28900084,0.0020655552,-0.005869464,0.0,-0.0004982132,3.3630393e-05,-0.07208925,-0.03546135,-0.000169137,0.0053630853,0.0003826445,-0.0007186803,0.0017612072,0.0,-0.15294838,0.0003384709,-0.0002896314,-0.0021424298,-0.0492602,-0.0035538897
1553,-0.00071154186,0.0,-0.00043736555,0.053182133,0.0011349958,-0.0024328914,0.005329066,-0.0038096267,-0.04816885,-0.0035073415,0.0001492801,-0.00011040977,0.0,0.0,0.0,-0.0029003767,-0.014533407,0.0004158025,0.0,0.00077767106,0.0027645868,0.00024205932,0.0010361107,-0.11013513,0.012268975,-0.0016298512,-0.0007841112,-0.0012661478,-0.0067092148,0.00068117527,0.00032060992,-0.0023617852,-8.170852e-05,-0.034183692,-0.003176902,0.00030207232,-0.16205336,-0.040799268,-0.02303005,-0.00095420436,0.0,0.0,-0.14006697,-0.3189603,0.0020655552,-0.003557119,0.0,-0.0011234261,3.3630393e-05,-0.015895732,-0.034232996,-0.000169137,0.0053630853,0.0003826445,-0.0007186803,0.0017612072,0.0,-0.1506958,0.0003384709,-0.0002896314,-0.0008451531,-0.04897904,-0.0013835803
1554,-0.00072398933,0.0,-0.00043736555,0.055563126,0.0011349958,-0.0024328914,0.0055449177,-0.0051013334,0.0049195047,-0.00094848796,0.0001492801,-0.00011040977,0.0,0.0,0.0,-0.0029003767,0.0021334775,-0.00010618098,0.0,-0.00013550714,0.0027645868,0.0012648392,0.005947278,-0.17028494,0.012032639,-0.0016298512,-0.0007841112,-0.0012661478,-0.0067092148,0.00068117527,0.00032060992,-0.00034665375,0.0025634265,-0.033392757,-0.003176902,-0.0006745928,-0.15648139,-0.038420852,-0.020113213,-0.00095420436,0.0,0.0,-0.13329758,-0.29979149,0.0020655552,-0.0048646173,0.0,-0.0004982132,3.3630393e-05,-0.06897539,-0.033026427,-0.000169137,0.0053630853,0.0003826445,-0.0007186803,0.0017612072,0.0,-0.15374574,0.0003384709,-0.0002896314,-0.0008451531,-0.051886078,-0.0018705805
1555,-0.0006135241,0.0,-0.00043736555,0.097286664,0.0011349958,-0.0024328914,0.005297659,-0.0051013334,0.013234023,-0.00094848796,0.0001492801,-0.00011040977,0.0,0.0,0.0,-0.0029003767,0.0029231743,-0.00010618098,0.0,-0.00013550714,0.0027645868,0.00024205932,-0.00012462793,-0.16911836,0.012023058,-0.0016298512,-0.0007841112,-0.0012661478,-0.0067092148,0.00068117527,-0.0010217775,0.00016566459,0.0025634265,-0.033392757,-0.0056440495,0.00063123147,-0.15669824,-0.040844884,-0.021538997,-0.00095420436,0.0,0.0,-0.14035793,-0.31795067,0.0020655552,-0.005869464,0.0,-0.0004982132,3.3630393e-05,-0.018514562,-0.03480998,-0.000169137,0.0053630853,0.0003826445,-0.0007186803,0.0017612072,0.0,-0.15294838,0.0003384709,-0.0002896314,-0.0021424298,-0.047978655,-0.002459065
1556,-0.00072398933,0.0,-0.00043736555,0.09966765,0.0011349958,-0.0024328914,0.010972025,-0.0051013334,0.021579778,-0.00094848796,0.0001492801,-0.00011040977,0.0,0.0,0.0,-0.0029003767,0.005672957,-0.00010618098,0.0,-0.00013550714,0.0027645868,-0.00014776754,-0.0007265513,-0.1647212,0.013651146,-0.0010697764,-0.0007841112,-0.0012661478,-0.0067092148,0.00068117527,0.00012323141,5.8672624e-05,0.0025634265,-0.03933247,-0.0056440495,0.00063123147,-0.15664773,-0.035028856,-0.017119637,-0.0018545807,0.0,0.0,-0.1317153,-0.28702393,0.0020655552,-0.005869464,0.0,-0.0004982132,3.3630393e-05,-0.071133204,-0.04982491,-0.000169137,0.0053630853,0.0003826445,-0.0007186803,0.0017612072,0.0,-0.15374574,0.0003384709,-0.0002896314,-0.0008451531,-0.0495322,-0.002459065
1557,-0.00072398933,0.0,-0.00043736555,0.055563126,0.0011349958,-0.0024328914,0.005076933,-0.0051013334,0.013234023,-0.00094848796,0.0001492801,-0.00011040977,0.0,0.0,0.0,-0.0029003767,0.005672957,-0.00010618098,0.0,-0.00013550714,0.0027645868,0.0012648392,-0.0007265513,-0.17524515,0.011211846,-0.0010697764,-0.0007841112,-0.0012661478,-0.0067092148,0.00068117527,0.00032060992,5.8672624e-05,0.0025634265,-0.033870365,-0.0056440495,0.00063123147,-0.1610156,-0.035214383,-0.017119637,-0.00095420436,0.0,0.0,-0.13690482,-0.2907115,0.0020655552,-0.005869464,0.0,-0.0004982132,3.3630393e-05,-0.06476214,-0.038864687,-0.000169137,0.0053630853,0.0003826445,-0.0007186803,0.0017612072,0.0,-0.15294838,0.0003384709,-0.0002896314,-0.0021424298,-0.052469216,-0.0035538897
1558,-0.0006135241,0.0,-0.00043736555,0.0016347436,0.0011349958,-0.0024328914,0.0062945406,-0.0051013334,0.009957807,-0.00094848796,0.0001492801,-0.00011040977,0.0,0.0,0.0,-0.0029003767,0.0029231743,-0.00010618098,0.0,-0.00013550714,0.0027645868,0.00024205932,0.0010361107,-0.19816774,0.012975426,-0.0016298512,0.00027128475,-0.0012661478,-0.0067092148,0.00068117527,0.00032060992,-0.0024865274,-8.170852e-05,-0.033232532,-0.0054013934,0.00030207232,-0.16148742,-0.040799268,-0.02303005,-0.00095420436,0.0,0.0,-0.14008535,-0.32237166,0.0020655552,-0.005869464,0.0,-0.0004982132,-0.000102375736,-0.01840248,-0.03941273,-0.000169137,0.0053630853,0.0003826445,-0.0007186803,0.0017612072,0.0,-0.14506996,0.0003384709,-0.0002896314,-0.0021424298,-0.04867706,-0.0018705805
1559,-0.00072398933,0.0,-0.00043736555,0.055563126,0.0011349958,-0.0024328914,0.0055449177,-0.0051013334,0.0105610015,-0.00094848796,0.0001492801,-0.00011040977,0.0,0.0,0.0,-0.0029003767,0.0029231743,-0.00010618098,0.0,0.00077767106,0.0027645868,0.0012648392,0.005947278,-0.17122789,0.013519571,-0.0016298512,-0.0007841112,-0.0012661478,-0.0067092148,0.00068117527,0.00012323141,-0.00034665375,-8.170852e-05,-0.034183692,-0.004128857,0.00063123147,-0.1559545,-0.038420852,-0.020113213,-0.00095420436,0.0,0.0,-0.1329312,-0.30219716,0.0020655552,-0.005869464,0.0,-0.0004982132,3.3630393e-05,-0.06881195,-0.036599245,-0.000169137,0.0053630853,0.0003826445,-0.0007186803,0.0017612072,0.0,-0.15374574,0.0003384709,-0.0002896314,-0.0008451531,-0.050568234,-0.0018705805
1560,-0.00072398933,0.0,-0.00043736555,0.055563126,0.0011349958,-0.0024328914,0.005683111,-0.0051013334,0.02072544,-0.00094848796,0.0001492801,-0.00011040977,0.0,0.0,0.0,-0.0029003767,0.005672957,-0.00010618098,0.0,-0.00013550714,0.0027645868,0.0012648392,0.005947278,-0.17130771,0.012164214,-0.0010697764,-0.0007841112,-0.0012661478,-0.0067092148,0.00068117527,0.00032060992,-9.509745e-05,0.0025634265,-0.033870365,-0.0056440495,0.00063123147,-0.1610156,-0.03816998,-0.020113213,-0.0018545807,0.0,0.0,-0.13626483,-0.29620895,0.0020655552,-0.005869464,0.0,-0.0004982132,3.3630393e-05,-0.060082916,-0.048360344,-0.000169137,0.0053630853,0.0003826445,-0.0007186803,0.0017612072,0.0,-0.1547423,0.0003384709,-0.0002896314,-0.0021424298,-0.05365934,-0.0035538897
1561,-0.0006135241,0.0,-0.00043736555,0.053182133,0.0011349958,-0.0024328914,0.005903837,-0.0051013334,0.021579778,-0.00094848796,0.0001492801,-0.00011040977,0.0,0.0,0.0,-0.0029003767,0.005672957,-0.00010618098,0.0,-0.00013550714,0.0027645868,0.00024205932,-0.00012462793,-0.17108183,0.012975426,-0.0010697764,-0.0007841112,-0.0012661478,-0.0067092148,0.00068117527,0.00032060992,0.00016566459,0.0025634265,-0.033870365,-0.0056440495,0.00063123147,-0.1610156,-0.040408485,-0.022881385,-0.0018545807,0.0,0.0,-0.13951598,-0.32088047,0.0020655552,-0.005869464,0.0,-0.0004982132,3.3630393e-05,-0.018901696,-0.04944056,-0.000169137,0.0053630853,0.0003826445,-0.0007186803,0.0017612072,0.0,-0.1547423,0.0003384709,-0.0002896314,-0.0021424298,-0.053838696,-0.0035538897
1562,-0.0006135241,0.0,-0.00043736555,0.053182133,0.0011349958,-0.0024328914,0.005903837,-0.0051013334,0.013234023,-0.00094848796,0.0001492801,-0.00011040977,0.0,0.0,0.0,-0.0029003767,0.005672957,-0.00010618098,0.0,-0.00013550714,0.0027645868,-7.3305036e-06,0.0010361107,-0.1724771,0.013223625,-0.0016298512,-0.0007841112,-0.0012661478,-0.0067092148,0.00068117527,0.00012323141,1.1894521e-05,-8.170852e-05,-0.033392757,-0.0056440495,0.00030207232,-0.1609651,-0.040548395,-0.02303005,-0.00095420436,0.0,0.0,-0.14217725,-0.32209793,0.0020655552,-0.005869464,0.0,-0.0004982132,3.3630393e-05,-0.019382777,-0.04120915,-0.000169137,0.0053630853,0.0003826445,-0.0007186803,0.0017612072,0.0,-0.15374574,0.0003384709,-0.0002896314,-0.0008451531,-0.04867706,-0.0035538897
1563,-0.0006135241,0.0,-0.00043736555,0.097286664,0.0011349958,-0.0024328914,0.005903837,-0.0051013334,0.021579778,-0.00094848796,0.0001492801,-0.00011040977,0.0,0.0,0.0,-0.0029003767,0.005672957,-0.00010618098,0.0,-0.00013550714,0.0027645868,0.00024205932,-0.00012462793,-0.16495503,0.012975426,-0.0016298512,-0.0007841112,-0.0012661478,-0.0067092148,0.00068117527,0.00032060992,0.00016566459,0.0025634265,-0.033392757,-0.0056440495,0.00063123147,-0.15669824,-0.040408485,-0.022881385,-0.0018545807,0.0,0.0,-0.14180982,-0.31774995,0.0020655552,-0.005869464,0.0,-0.0004982132,3.3630393e-05,-0.018768057,-0.048789185,-0.000169137,0.0053630853,0.0003826445,-0.0007186803,0.0017612072,0.0,-0.15374574,0.0003384709,-0.0002896314,-0.0008451531,-0.049348135,-0.002459065
1564,-0.0006135241,0.0,-0.00043736555,0.053182133,0.0011349958,-0.0024328914,0.005903837,-0.0051013334,0.015543954,-0.00094848796,0.0001492801,-0.00011040977,0.0,0.0,0.0,-0.0029003767,0.005672957,-0.00010618098,0.0,-0.00013550714,0.0027645868,0.00024205932,0.0010361107,-0.17066975,0.013223625,-0.0016298512,-0.0007841112,-0.0012661478,-0.0067092148,0.00068117527,0.00012323141,-0.0023617852,-8.170852e-05,-0.033392757,-0.0056440495,-0.0006745928,-0.16102748,-0.040548395,-0.02303005,-0.0018545807,0.0,0.0,-0.14011331,-0.32222262,0.0020655552,-0.005869464,0.0,-0.0004982132,3.3630393e-05,-0.018320635,-0.041970264,-0.000169137,0.0053630853,0.0003826445,-0.0007186803,0.0017612072,0.0,-0.1547423,0.0003384709,-0.0002896314,-0.0021424298,-0.04867706,-0.0035538897
1565,-0.00072398933,0.0,-0.00043736555,0.055563126,0.0011349958,-0.0024328914,0.005683111,-0.0051013334,0.02072544,-0.00094848796,0.0001492801,-0.00011040977,0.0,0.0,0.0,-0.0029003767,0.005672957,-0.00010618098,0.0,-0.00013550714,0.0027645868,0.0012648392,0.005947278,-0.1700585,0.013651146,-0.0016298512,-0.0007841112,-0.0012661478,-0.0067092148,0.00068117527,0.00012323141,-0.0024687771,-8.170852e-05,-0.033392757,-0.0056440495,0.00030207232,-0.16102748,-0.03816998,-0.020113213,-0.0018545807,0.0,0.0,-0.13832878,-0.29971117,0.0020655552,-0.005869464,0.0,-0.0004982132,3.3630393e-05,-0.057682753,-0.049566917,-0.000169137,0.0053630853,0.0003826445,-0.0007186803,0.0017612072,0.0,-0.15374574,0.0003384709,-0.0002896314,-0.0008451531,-0.04867706,-0.0035538897
1566,-0.00072398933,0.0,-0.00043736555,0.055563126,0.0011349958,-0.0024328914,0.0046828096,-0.0051013334,-0.02040323,-0.0015233477,0.0001492801,-0.00011040977,0.0,0.0,0.0,-0.0029003767,0.0014361494,-0.00010618098,0.0,-0.00013550714,0.0027645868,-0.00014776754,-0.0007265513,-0.1476211,0.010788211,-0.0010697764,-0.0007841112,-0.0012661478,-0.0067092148,0.00068117527,0.00032060992,-2.3254252e-06,-8.170852e-05,-0.033870365,-0.003176902,0.00063123147,-0.15527266,-0.035465255,-0.017119637,-0.00095420436,0.0,0.0,-0.1339581,-0.28964323,0.0020655552,-0.0029840842,0.0,-0.0011234261,3.3630393e-05,-0.07739747,-0.031888533,-0.000169137,0.0053630853,0.0003826445,-0.0007186803,0.0017612072,0.0,-0.15195182,0.0003384709,-0.0002896314,-0.0008451531,-0.0492602,-0.0018705805
1567,-0.00072398933,0.0,-0.00043736555,0.055563126,0.0011349958,-0.0024328914,0.005418365,-0.0051013334,0.0057685752,-0.00094848796,0.0001492801,-0.00011040977,0.0,0.0,0.0,-0.0029003767,0.0029231743,-0.00010618098,0.0,-0.00013550714,0.0027645868,0.0012648392,0.005947278,-0.1701136,0.011433599,-0.0016298512,-0.0007841112,-0.0012661478,-0.0067092148,0.00068117527,0.001439382,-0.00034665375,-8.170852e-05,-0.033392757,-0.004128857,-0.0006745928,-0.14044942,-0.038420852,-0.020113213,-0.00095420436,0.0,0.0,-0.11231229,-0.29575622,0.0020655552,-0.0048646173,0.0,-0.0004982132,3.3630393e-05,-0.10954935,-0.033026427,-0.000169137,0.0053630853,0.0003826445,-0.0007186803,0.0017612072,0.0,-0.1547423,0.0003384709,-0.0002896314,-0.0021424298,-0.04867706,-0.0018705805
1568,-0.00072398933,0.0,-0.00043736555,0.055563126,0.0011349958,-0.0024328914,0.005683111,-0.0051013334,0.013234023,-0.00094848796,0.0001492801,-0.00011040977,0.0,0.0,0.0,-0.0029003767,0.0029231743,-0.00010618098,0.0,-0.00013550714,0.0027645868,0.0012648392,0.005947278,-0.17122789,0.013651146,-0.0016298512,-0.0007841112,-0.0012661478,-0.0067092148,0.00068117527,0.00032060992,-0.000943213,-8.170852e-05,-0.033392757,-0.0056440495,0.00030207232,-0.16107798,-0.038420852,-0.020113213,-0.00095420436,0.0,0.0,-0.13683422,-0.3026108,0.0020655552,-0.005869464,0.0,-0.0004982132,3.3630393e-05,-0.056656264,-0.03780582,-0.000169137,0.0053630853,0.0003826445,-0.0007186803,0.0017612072,0.0,-0.1547423,0.0003384709,-0.0002896314,-0.0021424298,-0.04867706,-0.0035538897
1569,-0.00072398933,0.0,-0.00043736555,0.055563126,0.0011349958,-0.0024328914,0.004556257,-0.0051013334,-0.02966058,-0.0018997398,0.0001492801,-0.00011040977,0.0,0.0,0.0,-0.0029003767,0.0014361494,-0.00010618098,0.0,-0.00013550714,0.0027645868,0.0012648392,-0.0007265513,-0.13843729,0.010099702,-0.0016298512,-0.0007841112,-0.0012661478,-0.0067092148,0.00068117527,0.001439382,-0.00015609548,0.0025634265,-0.033392757,-0.003176902,0.00063123147,-0.1392407,-0.035465255,-0.017119637,-0.00095420436,0.0,0.0,-0.11345599,-0.28705847,0.0020655552,-0.0029840842,0.0,-0.0011234261,3.3630393e-05,-0.11505215,-0.031888533,-0.000169137,0.0053630853,0.0003826445,-0.0007186803,0.0017612072,0.0,-0.15294838,0.0003384709,-0.0002896314,-0.0021424298,-0.052105792,-0.0018705805
1570,-0.00072398933,0.0,-0.00043736555,0.055563126,0.0011349958,-0.0024328914,0.005683111,-0.0038096267,0.0057685752,-0.00094848796,0.0001492801,-0.00011040977,0.0,0.0,0.0,-0.0029003767,0.0029231743,-0.00010618098,0.0,0.00077767106,0.0027645868,0.0012648392,0.005947278,-0.1701136,0.013651146,-0.0016298512,-0.0007841112,-0.0012661478,-0.0067092148,0.00068117527,0.00032060992,-0.000943213,-8.170852e-05,-0.034183692,-0.004128857,0.00030207232,-0.16188459,-0.038420852,-0.020113213,-0.00095420436,0.0,0.0,-0.13929574,-0.30287486,0.0020655552,-0.0048646173,0.0,-0.0004982132,3.3630393e-05,-0.056656264,-0.034232996,-0.000169137,0.0053630853,0.0003826445,-0.0007186803,0.0017612072,0.0,-0.15374717,0.0003384709,-0.0002896314,-0.0021424298,-0.04897904,-0.0018705805
1571,-0.00072398933,0.0,-0.00043736555,0.055563126,0.0011349958,-0.0024328914,0.0053044157,-0.0051013334,0.021579778,-0.00094848796,0.0001492801,-0.00011040977,0.0,0.0,0.0,-0.0029003767,0.005672957,-0.00010618098,0.0,-0.00013550714,0.0027645868,0.0012648392,0.005947278,-0.16983262,0.01265191,-0.0016298512,-0.0007841112,-0.0012661478,-0.0067092148,0.00068117527,-2.8816874e-05,-0.0018722179,-8.170852e-05,-0.033392757,-0.0056440495,0.00030207232,-0.13818383,-0.03816998,-0.020113213,-0.0018545807,0.0,0.0,-0.11340226,-0.2693919,0.0020655552,-0.005869464,0.0,-0.0004982132,3.3630393e-05,-0.13483882,-0.050647132,-0.000169137,0.0053630853,0.0003826445,-0.0007186803,0.0017612072,0.0,-0.15374574,0.0003384709,-0.0002896314,-0.0008451531,-0.04867706,-0.0035538897
1572,-0.00072398933,0.0,-0.00043736555,0.055563126,0.0011349958,-0.0024328914,0.0053044157,-0.0051013334,0.021579778,-0.00094848796,0.0001492801,-0.00011040977,0.0,0.0,0.0,-0.0029003767,0.005672957,-0.00010618098,0.0,-0.00013550714,0.0027645868,0.0012648392,0.005947278,-0.17108183,0.011164978,-0.0010697764,-0.0007841112,-0.0012661478,-0.0067092148,0.00068117527,0.001439382,-0.00015609548,-8.170852e-05,-0.033870365,-0.0056440495,0.00063123147,-0.1381677,-0.03816998,-0.020113213,-0.0018545807,0.0,0.0,-0.11363217,-0.26768434,0.0020655552,-0.005869464,0.0,-0.0004982132,3.3630393e-05,-0.13662574,-0.04944056,-0.000169137,0.0053630853,0.0003826445,-0.0007186803,0.0017612072,0.0,-0.15374574,0.0003384709,-0.0002896314,-0.0008451531,-0.050450325,-0.0035538897
1573,-0.00072398933,0.0,-0.00043736555,0.0040157363,0.0011349958,-0.0024328914,0.0053471713,-0.0051013334,-0.014665706,-0.0011947682,0.0001492801,-0.00011040977,0.0,0.0,0.0,-0.0029003767,0.0021334775,-0.00010618098,0.0,-0.00013550714,0.0027645868,0.0012648392,0.005947278,-0.16575703,0.011872152,-0.0016298512,-0.0007841112,-0.0012661478,-0.0067092148,0.00068117527,0.00032060992,-0.0025935194,-8.170852e-05,-0.033392757,-0.003176902,0.00030207232,-0.16208862,-0.038420852,-0.020113213,-0.00095420436,0.0,0.0,-0.14015496,-0.29770464,0.0020655552,-0.0048646173,0.0,-0.0011234261,3.3630393e-05,-0.057434693,-0.035839904,-0.000169137,0.0053630853,0.0003826445,-0.0007186803,0.0017612072,0.0,-0.15452185,0.0003384709,-0.0002896314,-0.0008451531,-0.04867706,-0.0018705805
1574,-0.00072398933,0.0,-0.00043736555,0.055563126,0.0011349958,-0.0024328914,0.005418365,-0.0051013334,0.021579778,-0.00094848796,0.0001492801,-0.00011040977,0.0,0.0,0.0,-0.0029003767,0.005672957,-0.00010618098,0.0,-0.00013550714,0.0027645868,0.0012648392,-0.0007265513,-0.17108183,0.011433599,-0.0016298512,-0.0007841112,-0.0012661478,-0.0067092148,0.00068117527,0.00072761794,-0.00015609548,-8.170852e-05,-0.033392757,-0.0056440495,0.00063123147,-0.1381677,-0.035028856,-0.017119637,-0.0018545807,0.0,0.0,-0.11363217,-0.28552443,0.0020655552,-0.005869464,0.0,-0.0004982132,3.3630393e-05,-0.11801886,-0.04944056,-0.000169137,0.0053630853,0.0003826445,-0.0007186803,0.0017612072,0.0,-0.15374574,0.0003384709,-0.0002896314,-0.0008451531,-0.05026626,-0.0035538897
1575,-0.00084886566,0.0,-0.00043736555,0.055563126,0.0011349958,-0.0024328914,0.0053044157,-0.0051013334,0.021579778,-0.00094848796,0.0001492801,-0.00011040977,0.0,0.0,0.0,-0.0029003767,0.005672957,-0.00010618098,0.0,-0.00013550714,0.0027645868,0.0012648392,-0.0007265513,-0.17108183,0.009817465,-0.0010697764,-0.0007841112,-0.0012661478,-0.0067092148,0.00068117527,9.699457e-05,-2.3254252e-06,0.0025634265,-0.033870365,-0.0056440495,0.00063123147,-0.11792963,-0.035214383,-0.015777249,-0.0018545807,0.0,0.0,-0.11133833,-0.25530308,0.0020655552,-0.005869464,0.0,-0.0004982132,3.3630393e-05,-0.17064248,-0.048302665,-0.000169137,0.006047063,0.0003826445,-0.0007186803,0.0017612072,0.0,-0.1547423,0.0003384709,-0.0002896314,-0.0021424298,-0.05147656,-0.0035538897
1576,-0.00084886566,0.0,-0.00043736555,0.055563126,0.0011349958,-0.0024328914,0.0050935727,-0.0051013334,0.0057685752,-0.00094848796,0.0001492801,-0.00011040977,0.0,0.0,0.0,-0.0029003767,0.0029231743,-0.00010618098,0.0,-0.00013550714,0.0027645868,-0.00014776754,-0.0007265513,-0.1713628,0.009817465,-0.0010697764,-0.0007841112,-0.0012661478,-0.0067092148,0.00068117527,0.001439382,-2.3254252e-06,-8.170852e-05,-0.033870365,-0.004128857,0.00063123147,-0.11883387,-0.035465255,-0.017119637,-0.00095420436,0.0,0.0,-0.11235495,-0.25396264,0.0020655552,-0.0048646173,0.0,-0.0004982132,3.3630393e-05,-0.1714275,-0.031888533,-0.000169137,0.006047063,0.0003826445,-0.0007186803,0.0017612072,0.0,-0.1547423,0.0003384709,-0.0002896314,-0.0021424298,-0.048267543,-0.0018705805
1577,-0.00072398933,0.0,-0.00043736555,0.055563126,0.0011349958,-0.0024328914,0.0055449177,-0.0051013334,0.021579778,-0.00094848796,0.0001492801,-0.00011040977,0.0,0.0,0.0,-0.0029003767,0.005672957,-0.00010618098,0.0,-0.00013550714,0.0027645868,0.0012648392,0.005947278,-0.16983262,0.013651146,-0.0016298512,-0.0007841112,-0.0012661478,-0.0067092148,0.00068117527,0.00012323141,-0.0024687771,-8.170852e-05,-0.033392757,-0.0056440495,0.00063123147,-0.16102748,-0.03816998,-0.020113213,-0.0018545807,0.0,0.0,-0.12983806,-0.2994278,0.0020655552,-0.005869464,0.0,-0.0004982132,3.3630393e-05,-0.06397132,-0.04944056,-0.000169137,0.0053630853,0.0003826445,-0.0007186803,0.0017612072,0.0,-0.1547423,0.0003384709,-0.0002896314,-0.0021424298,-0.05026626,-0.0035538897
1578,-0.00072398933,0.0,-0.00043736555,0.055563126,0.0011349958,-0.0024328914,0.0052075223,-0.0051013334,0.009610156,-0.00094848796,0.0001492801,-0.00011040977,0.0,0.0,0.0,-0.0029003767,0.0029231743,-0.00010618098,0.0,-0.00013550714,0.0027645868,0.0012648392,-0.0007265513,-0.1713628,0.011433599,-0.0016298512,-0.0007841112,-0.0012661478,-0.0067092148,0.00068117527,9.699457e-05,-2.3254252e-06,0.0025634265,-0.033392757,-0.004128857,0.00063123147,-0.13885662,-0.03527973,-0.015777249,-0.00095420436,0.0,0.0,-0.11218028,-0.28641465,0.0020655552,-0.005869464,0.0,-0.0004982132,3.3630393e-05,-0.11719815,-0.036599245,-0.000169137,0.0053630853,0.0003826445,-0.0007186803,0.0017612072,0.0,-0.1547423,0.0003384709,-0.0002896314,-0.0021424298,-0.05365463,-0.0018705805
1579,-0.00072398933,0.0,-0.00043736555,0.055563126,0.0011349958,-0.0024328914,0.0050935727,-0.0051013334,0.021579778,-0.00094848796,0.0001492801,-0.00011040977,0.0,0.0,0.0,-0.0029003767,0.005672957,-0.00010618098,0.0,0.00077767106,0.0027645868,0.0012648392,0.005947278,-0.17108183,0.010212611,-0.0010697764,-0.0007841112,-0.0012661478,-0.0067092148,0.00068117527,0.001439382,-0.00015609548,0.0025634265,-0.034661297,-0.0056440495,-0.0006745928,-0.13807006,-0.038355507,-0.020113213,-0.0018545807,0.0,0.0,-0.11367483,-0.26732174,0.0020655552,-0.005869464,0.0,-0.0004982132,3.3630393e-05,-0.13637224,-0.048302665,-0.000169137,0.0053630853,0.0003826445,-0.0007186803,0.0017612072,0.0,-0.15374574,0.0003384709,-0.0002896314,-0.0008451531,-0.05237212,-0.0035538897
1580,-0.0006135241,0.0,-0.00043736555,0.0016347436,0.0011349958,-0.0024328914,0.005903837,-0.0051013334,0.02072544,-0.00094848796,0.0001492801,-0.00011040977,0.0,0.0,0.0,-0.0029003767,0.005672957,-0.00010618098,0.0,-0.00013550714,0.0027645868,0.00024205932,0.0010361107,-0.18817507,0.013223625,-0.0016298512,-0.0007841112,-0.0012661478,-0.0067092148,0.00068117527,0.00032060992,1.1894521e-05,-8.170852e-05,-0.033392757,-0.0056440495,0.00030207232,-0.1610156,-0.040548395,-0.02303005,-0.0018545807,0.0,0.0,-0.14157991,-0.3222708,0.0020655552,-0.005869464,0.0,-0.0004982132,3.3630393e-05,-0.01977579,-0.051173825,-0.000169137,0.0053630853,0.0003826445,-0.0007186803,0.0017612072,0.0,-0.15452185,0.0003384709,-0.0002896314,-0.0008451531,-0.04867706,-0.0035538897
1581,-0.00072398933,0.0,-0.00043736555,0.09966765,0.0011349958,-0.0024328914,0.005683111,-0.0051013334,0.021579778,-0.00094848796,0.0001492801,-0.00011040977,0.0,0.0,0.0,-0.0029003767,0.005672957,-0.00010618098,0.0,-0.00013550714,0.0027645868,0.0012648392,-0.0007265513,-0.16495503,0.012164214,-0.0010697764,-0.0007841112,-0.0012661478,-0.0067092148,0.00068117527,0.00032060992,5.8672624e-05,0.0025634265,-0.033870365,-0.0056440495,0.00063123147,-0.15669824,-0.035028856,-0.017119637,-0.0018545807,0.0,0.0,-0.13855869,-0.2874794,0.0020655552,-0.005869464,0.0,-0.0004982132,3.3630393e-05,-0.064881995,-0.048789185,-0.000169137,0.0053630853,0.0003826445,-0.0007186803,0.0017612072,0.0,-0.15374574,0.0003384709,-0.0002896314,-0.0008451531,-0.0495322,-0.002459065
1582,-0.00072398933,0.0,-0.00043736555,0.055563126,0.0011349958,-0.0024328914,0.0050935727,-0.0051013334,0.013234023,-0.00094848796,0.0001492801,-0.00011040977,0.0,0.0,0.0,-0.0029003767,0.0029231743,-0.00010618098,0.0,-0.00013550714,0.0027645868,-0.00014776754,-0.0007265513,-0.1724771,0.010212611,-0.0010697764,-0.0007841112,-0.0012661478,-0.0067092148,0.00068117527,0.00072761794,-2.3254252e-06,0.0025634265,-0.033870365,-0.0056440495,0.00063123147,-0.1381677,-0.035465255,-0.017119637,-0.00095420436,0.0,0.0,-0.11218028,-0.2580936,0.0020655552,-0.005869464,0.0,-0.0004982132,3.3630393e-05,-0.14291069,-0.03546135,-0.000169137,0.0053630853,0.0003826445,-0.0007186803,0.0017612072,0.0,-0.1547423,0.0003384709,-0.0002896314,-0.0021424298,-0.053838696,-0.0035538897
1583,-0.00072398933,0.0,-0.00043736555,0.055563126,0.0011349958,-0.0024328914,0.0055580144,-0.0051013334,-0.014665706,-0.0011947682,0.0001492801,-0.00011040977,0.0,0.0,0.0,-0.0029003767,0.0021334775,-0.00010618098,0.0,-0.00013550714,0.0027645868,0.0012648392,0.005947278,-0.14888968,0.011872152,-0.0016298512,-0.0007841112,-0.0012661478,-0.0067092148,0.00068117527,0.00032060992,-0.0024687771,-8.170852e-05,-0.033392757,-0.003176902,0.00030207232,-0.16215098,-0.038420852,-0.020113213,-0.00095420436,0.0,0.0,-0.13781847,-0.29770464,0.0020655552,-0.0048646173,0.0,-0.0011234261,3.3630393e-05,-0.057580933,-0.034232996,-0.000169137,0.0053630853,0.0003826445,-0.0007186803,0.0017612072,0.0,-0.1547423,0.0003384709,-0.0002896314,-0.0021424298,-0.04867706,-0.0018705805
1584,-0.00072398933,0.0,-0.00043736555,0.09966765,0.0011349958,-0.0024328914,0.005472268,-0.0051013334,0.015543954,-0.00094848796,0.0001492801,-0.00011040977,0.0,0.0,0.0,-0.0029003767,0.005672957,-0.00010618098,0.0,-0.00013550714,0.0027645868,-0.00014776754,-0.0007265513,-0.16579217,0.012164214,-0.0016298512,-0.0007841112,-0.0012661478,-0.0067092148,0.00068117527,0.00032060992,5.8672624e-05,0.0025634265,-0.033392757,-0.0056440495,0.00063123147,-0.15669824,-0.035028856,-0.017119637,-0.0018545807,0.0,0.0,-0.13690482,-0.28512987,0.0020655552,-0.005869464,0.0,-0.0004982132,3.3630393e-05,-0.065667026,-0.041318893,-0.000169137,0.0053630853,0.0003826445,-0.0007186803,0.0017612072,0.0,-0.1547423,0.0003384709,-0.0002896314,-0.0021424298,-0.049348135,-0.002459065
1585,-0.0006135241,0.0,-0.00043736555,0.053182133,0.0011349958,-0.0024328914,0.005903837,-0.0051013334,0.013234023,-0.00094848796,0.0001492801,-0.00011040977,0.0,0.0,0.0,-0.0029003767,0.005672957,-0.00010618098,0.0,-0.00013550714,0.0027645868,0.00024205932,0.0010361107,-0.1724771,0.012975426,-0.0016298512,-0.0007841112,-0.0012661478,-0.0067092148,0.00068117527,0.00032060992,1.1894521e-05,-8.170852e-05,-0.033392757,-0.0056440495,0.00063123147,-0.1610156,-0.040548395,-0.02303005,-0.00095420436,0.0,0.0,-0.14011331,-0.32186332,0.0020655552,-0.005869464,0.0,-0.0004982132,3.3630393e-05,-0.019482065,-0.04000258,-0.000169137,0.0053630853,0.0003826445,-0.0007186803,0.0017612072,0.0,-0.1547423,0.0003384709,-0.0002896314,-0.0021424298,-0.05026626,-0.0035538897
1586,-0.00072398933,0.0,-0.00043736555,0.0040157363,0.0011349958,-0.0024328914,-0.02115299,-0.005386394,0.0047270725,-0.00094848796,0.0001492801,-0.00011040977,0.0,0.0,0.0,-0.0029003767,0.002055861,-0.00010618098,0.0,-0.00013550714,0.0027645868,-1.7201775e-05,-0.0007265513,-0.19116955,0.011211846,-0.0010697764,-0.0007841112,-0.0012661478,-0.0067092148,0.00068117527,0.00012323141,5.8672624e-05,-8.170852e-05,-0.032615125,-0.003176902,0.00063123147,-0.15431677,-0.034281842,-0.01544617,-0.00095420436,0.0,0.0,-0.11839335,-0.28682742,0.0020655552,-0.0048646173,0.0,-0.0004982132,3.3630393e-05,-0.0638721,-0.033011157,-0.000169137,0.0053630853,0.0021184068,-0.0007186803,0.0017612072,0.0,-0.15005682,0.0003384709,-0.0002896314,-0.0021424298,-0.0492602,-0.0006354258
1587,-0.0006135241,0.0,-0.00043736555,0.053182133,0.0011349958,-0.0024328914,0.0051725623,-0.0051013334,-0.014665706,-0.0011947682,0.0001492801,-0.00011040977,0.0,0.0,0.0,-0.0029003767,0.0021334775,-0.00010618098,0.0,-0.00013550714,0.0027645868,0.00024205932,0.0010361107,-0.15165773,0.012683365,-0.0016298512,-0.0007841112,-0.0012661478,-0.0067092148,0.00068117527,-0.0010217775,-0.002094862,0.0025634265,-0.033392757,-0.003176902,0.0007401777,-0.16215098,-0.040799268,-0.021687662,-0.00095420436,0.0,0.0,-0.14363603,-0.32195827,0.0020655552,-0.0048646173,0.0,-0.0011234261,3.3630393e-05,-0.01686004,-0.033026427,-0.000169137,0.0053630853,0.0003826445,-0.0007186803,0.0017612072,0.0,-0.15195182,0.0003384709,-0.0002896314,-0.0008451531,-0.05223621,-0.0018705805
1588,-0.00072398933,0.0,-0.00043736555,0.055563126,0.0011349958,-0.0024328914,0.005418365,-0.0051013334,0.013234023,-0.00094848796,0.0001492801,-0.00011040977,0.0,0.0,0.0,-0.0029003767,0.005672957,-0.00010618098,0.0,-0.00013550714,0.0027645868,0.0012648392,-0.0007265513,-0.1724771,0.011433599,-0.0016298512,-0.0007841112,-0.0012661478,-0.0067092148,0.00068117527,0.001439382,-2.3254252e-06,0.0025634265,-0.033392757,-0.0056440495,0.00063123147,-0.1381677,-0.035028856,-0.017119637,-0.00095420436,0.0,0.0,-0.11193566,-0.28621393,0.0020655552,-0.005869464,0.0,-0.0004982132,3.3630393e-05,-0.117451645,-0.04000258,-0.000169137,0.0053630853,0.0003826445,-0.0007186803,0.0017612072,0.0,-0.1547423,0.0003384709,-0.0002896314,-0.0021424298,-0.05365463,-0.0035538897
1589,-0.0006135241,0.0,-0.00043736555,0.053182133,0.0011349958,-0.0024328914,0.005903837,-0.0051013334,0.021579778,-0.00094848796,0.0001492801,-0.00011040977,0.0,0.0,0.0,-0.0029003767,0.005672957,-0.00010618098,0.0,-0.00013550714,0.0027645868,0.00024205932,-0.00012462793,-0.17108183,0.012975426,-0.0010697764,-0.0007841112,-0.0012661478,-0.0067092148,0.00068117527,0.00032060992,0.00016566459,0.0025634265,-0.033870365,-0.0056440495,0.00063123147,-0.1610156,-0.040408485,-0.022881385,-0.0018545807,0.0,0.0,-0.14180982,-0.32088047,0.0020655552,-0.005869464,0.0,-0.0004982132,3.3630393e-05,-0.018901696,-0.04944056,-0.000169137,0.0053630853,0.0003826445,-0.0007186803,0.0017612072,0.0,-0.15374574,0.0003384709,-0.0002896314,-0.0008451531,-0.053838696,-0.0035538897
1590,-0.0006135241,0.0,-0.00043736555,0.0016347436,0.0011349958,-0.0024328914,0.005903837,-0.0051013334,0.02072544,-0.00094848796,0.0001492801,-0.00011040977,0.0,0.0,0.0,-0.0029003767,0.005672957,-0.00010618098,0.0,-0.00013550714,0.0027645868,0.00024205932,0.0010361107,-0.18817507,0.013223625,-0.0016298512,-0.0007841112,-0.0012661478,-0.0067092148,0.00068117527,0.00032060992,1.1894521e-05,-8.170852e-05,-0.033392757,-0.0056440495,0.00030207232,-0.1610156,-0.040548395,-0.02303005,-0.0018545807,0.0,0.0,-0.13928607,-0.3222708,0.0020655552,-0.005869464,0.0,-0.0004982132,3.3630393e-05,-0.01977579,-0.051173825,-0.000169137,0.0053630853,0.0003826445,-0.0007186803,0.0017612072,0.0,-0.15551841,0.0003384709,-0.0002896314,-0.0021424298,-0.04867706,-0.0035538897
1591,-0.0008220071,0.0,-0.00043736555,0.055563126,0.0011349958,-0.0024328914,0.0044482592,-0.0051013334,-0.04816885,-0.0035073415,0.0001492801,-0.00011040977,0.0,0.0,0.0,-0.0029003767,-0.014533407,0.0004158025,0.0,-0.00013550714,0.0027645868,-0.00014776754,-0.0007265513,-0.114152394,0.010727148,-0.0016298512,-0.0007841112,-0.0012661478,-0.0067092148,0.00068117527,-2.8816874e-05,-0.00015609548,-8.170852e-05,-0.033392757,-0.003176902,0.00063123147,-0.13787934,-0.03527973,-0.017119637,-0.00095420436,0.0,0.0,-0.109832406,-0.27996898,0.0020655552,-0.003557119,0.0,-0.0011234261,3.3630393e-05,-0.11726281,-0.033026427,-0.000169137,0.0053630853,0.0003826445,-0.0007186803,0.0017612072,0.0,-0.14989704,0.0003384709,-0.0002896314,-0.0008451531,-0.04889678,-0.0013835803
1592,-0.0006135241,0.0,-0.00043736555,0.0016347436,0.0011349958,-0.0024328914,0.0054370635,-0.0051013334,-0.02966058,-0.0018997398,0.0001492801,-0.00011040977,0.0,0.0,0.0,-0.0029003767,0.0014361494,-0.00010618098,0.0,0.00077767106,0.0027645868,0.00024205932,0.0010361107,-0.15128738,0.012593897,-0.0016298512,-0.0007841112,-0.0012661478,-0.0067092148,0.00068117527,0.00032060992,-0.0023617852,-8.170852e-05,-0.034183692,-0.003176902,0.00030207232,-0.16205336,-0.040799268,-0.02303005,-0.00095420436,0.0,0.0,-0.14369756,-0.32288358,0.0020655552,-0.0029840842,0.0,-0.0011234261,3.3630393e-05,-0.01606536,-0.035839904,-0.000169137,0.0053630853,0.0003826445,-0.0007186803,0.0017612072,0.0,-0.15452185,0.0003384709,-0.0002896314,-0.0008451531,-0.04897904,-0.0018705805
1593,-0.0009468834,0.0,-0.00043736555,0.055563126,0.0011349958,-0.0024328914,0.004729645,-0.0051013334,-0.04816885,-0.0035073415,0.0001492801,-0.00011040977,0.0,0.0,0.0,-0.0029003767,-0.014533407,0.0004158025,0.0,0.00077767106,0.0027645868,-0.0048582875,-0.0007265513,-0.10545426,0.009017081,-0.0016298512,-0.0007841112,-0.0012661478,-0.0067092148,0.00068117527,0.00082395785,-0.00015609548,0.0025634265,-0.034338396,-0.003176902,0.00063123147,-0.117543645,-0.035465255,-0.017241988,-0.00095420436,0.0,0.0,-0.1082883,-0.2429761,0.0020655552,-0.003557119,0.0,-0.0023439266,3.3630393e-05,-0.18002914,-0.031888533,-0.000169137,0.006047063,0.0003826445,-0.0007186803,0.0017612072,0.0,-0.15102082,0.0003384709,-0.0002896314,-0.0008451531,-0.050072264,-0.0013835803
1594,-0.0006135241,0.0,-0.00043736555,0.0016347436,0.0011349958,-0.0024328914,0.0054370635,-0.0051013334,-0.02040323,-0.0015233477,0.0001492801,-0.00011040977,0.0,0.0,0.0,-0.0029003767,0.0014361494,-0.00010618098,0.0,-0.00013550714,0.0027645868,0.00024205932,0.0010361107,-0.16047119,0.012683365,-0.0016298512,-0.0007841112,-0.0012661478,-0.0067092148,0.00068117527,0.00032060992,-0.0024865274,-8.170852e-05,-0.033392757,-0.003176902,0.00030207232,-0.16208862,-0.040799268,-0.02303005,-0.00095420436,0.0,0.0,-0.14111227,-0.32296565,0.0020655552,-0.0029840842,0.0,-0.0011234261,3.3630393e-05,-0.016833832,-0.035839904,-0.000169137,0.0053630853,0.0003826445,-0.0007186803,0.0017612072,0.0,-0.15551841,0.0003384709,-0.0002896314,-0.0021424298,-0.04867706,-0.0018705805
1595,-0.00072398933,0.0,-0.00043736555,0.09966765,0.0011349958,-0.0024328914,0.005418365,-0.0038096267,0.0057685752,-0.00094848796,0.0001492801,-0.00011040977,0.0,0.0,0.0,-0.0029003767,0.0029231743,-0.00010618098,0.0,-0.00013550714,0.0027645868,0.0012648392,-0.0007265513,-0.16523601,0.011433599,-0.0010697764,-0.0007841112,-0.0012661478,-0.0067092148,0.00068117527,0.001439382,-2.3254252e-06,0.0025634265,-0.033870365,-0.004128857,0.00063123147,-0.13475457,-0.03527973,-0.017119637,-0.00095420436,0.0,0.0,-0.11459914,-0.28342706,0.0020655552,-0.0048646173,0.0,-0.0004982132,3.3630393e-05,-0.117318004,-0.032375053,-0.000169137,0.0053630853,0.0003826445,-0.0007186803,0.0017612072,0.0,-0.15374717,0.0003384709,-0.0002896314,-0.0021424298,-0.0495322,-0.00077575585
1596,-0.00072398933,0.0,-0.00043736555,0.055563126,0.0011349958,-0.0024328914,0.005418365,-0.0051013334,0.021579778,-0.00094848796,0.0001492801,-0.00011040977,0.0,0.0,0.0,-0.0029003767,0.005672957,-0.00010618098,0.0,-0.00013550714,0.0027645868,0.0012648392,0.005947278,-0.17108183,0.0129205305,-0.0016298512,-0.0007841112,-0.0012661478,-0.0067092148,0.00068117527,-2.8816874e-05,-0.00015609548,-8.170852e-05,-0.033392757,-0.0056440495,0.00030207232,-0.13680635,-0.03816998,-0.020113213,-0.0018545807,0.0,0.0,-0.11340226,-0.29388124,0.0020655552,-0.005869464,0.0,-0.0004982132,3.3630393e-05,-0.11257642,-0.050647132,-0.000169137,0.0053630853,0.0003826445,-0.0007186803,0.0017612072,0.0,-0.15374574,0.0003384709,-0.0002896314,-0.0008451531,-0.04867706,-0.0035538897
1597,-0.00072398933,0.0,-0.00043736555,0.055563126,0.0011349958,-0.0024328914,0.005418365,-0.0051013334,0.0049195047,-0.00094848796,0.0001492801,-0.00011040977,0.0,0.0,0.0,-0.0029003767,0.0021334775,-0.00010618098,0.0,-0.00013550714,0.0027645868,0.0012648392,0.005947278,-0.17153415,0.0129205305,-0.0016298512,-0.0007841112,-0.0012661478,-0.0067092148,0.00068117527,-2.8816874e-05,-0.00015609548,-8.170852e-05,-0.033392757,-0.003176902,0.00030207232,-0.13771057,-0.038420852,-0.020113213,-0.00095420436,0.0,0.0,-0.1122741,-0.29442805,0.0020655552,-0.0048646173,0.0,-0.0004982132,3.3630393e-05,-0.11152652,-0.034232996,-0.000169137,0.0053630853,0.0003826445,-0.0007186803,0.0017612072,0.0,-0.1547423,0.0003384709,-0.0002896314,-0.0021424298,-0.04867706,-0.0018705805
1598,-0.00072398933,0.0,-0.00043736555,0.055563126,0.0011349958,-0.0024328914,0.0055449177,-0.0051013334,0.021579778,-0.00094848796,0.0001492801,-0.00011040977,0.0,0.0,0.0,-0.0029003767,0.005672957,-0.00010618098,0.0,-0.00013550714,0.0027645868,0.0012648392,0.005947278,-0.17108183,0.012164214,-0.0016298512,-0.0007841112,-0.0012661478,-0.0067092148,0.00068117527,0.00032060992,-9.509745e-05,-8.170852e-05,-0.033392757,-0.0056440495,-0.0006745928,-0.1610156,-0.03816998,-0.020113213,-0.0018545807,0.0,0.0,-0.12983806,-0.2971578,0.0020655552,-0.005869464,0.0,-0.0004982132,3.3630393e-05,-0.066371486,-0.04944056,-0.000169137,0.0053630853,0.0003826445,-0.0007186803,0.0017612072,0.0,-0.1547423,0.0003384709,-0.0002896314,-0.0021424298,-0.04867706,-0.0035538897
1599,-0.00072398933,0.0,-0.00043736555,0.055563126,0.0011349958,-0.0024328914,0.005418365,-0.0051013334,0.021579778,-0.00094848796,0.0001492801,-0.00011040977,0.0,0.0,0.0,-0.0029003767,0.005672957,-0.00010618098,0.0,0.00077767106,0.0027645868,0.0012648392,-0.0007265513,-0.17108183,0.010481231,-0.0016298512,-0.0007841112,-0.0012661478,-0.0067092148,0.00068117527,9.699457e-05,-0.00015609548,0.0025634265,-0.034183692,-0.0056440495,0.00063123147,-0.13807006,-0.035214383,-0.015777249,-0.0018545807,0.0,0.0,-0.11363217,-0.28615743,0.0020655552,-0.005869464,0.0,-0.0004982132,3.3630393e-05,-0.117451645,-0.048302665,-0.000169137,0.0053630853,0.0003826445,-0.0007186803,0.0017612072,0.0,-0.15374574,0.0003384709,-0.0002896314,-0.0008451531,-0.05377725,-0.0035538897
1600,0.005121365,0.0,0.00508062,-0.011726536,-0.0014581572,-0.0005964899,0.034484945,0.0016731084,0.025646657,0.008150764,-0.0013338625,-3.711055e-05,0.0,0.0,0.0,0.00031905598,0.0116205225,0.004099873,0.0,-0.0077481605,-0.005806243,3.8063037e-05,-0.00027172227,0.195728,0.051264185,0.003506448,0.0004254509,-0.000581064,0.019502735,-0.002030258,0.0014352177,0.0014818693,-0.00010926255,0.13014095,0.005805243,0.002186881,0.17793585,0.042679887,0.03704303,-0.00028963687,0.0,0.0,0.15747118,0.43169728,-0.0035767227,0.016226666,0.0,0.0009550852,-0.001197784,0.108365946,0.08256162,-5.143743e-05,-0.0059643155,0.00082398654,-0.0018755121,-0.0016317632,0.0,0.05363019,0.00057696406,-0.002626686,0.005312374,0.096492805,0.004141545
1601,0.004619045,0.0,0.00508062,-0.01867512,-0.0014581572,-0.0005964899,0.032626018,0.0014820453,-0.084440276,0.06611581,-0.0013338625,-3.711055e-05,0.0,0.0,0.0,0.00023646321,-0.028629698,0.007420993,0.0,-0.0077481605,-0.019604433,3.8063037e-05,-0.00027172227,0.1495197,0.047687728,0.003506448,0.0004254509,-0.000581064,0.019502735,-0.0057107974,0.0013403193,0.0014818693,-0.00010926255,0.13125096,0.0039064065,0.002186881,0.1980462,0.04574721,-0.013683038,-0.00028963687,0.0,0.0,0.18513303,0.36324698,-0.0035767227,0.006268375,0.0,0.005254505,-0.001197784,0.106954776,0.074137524,-5.143743e-05,-0.0059643155,0.0023742486,-0.0018755121,-0.0016317632,0.0,0.05335464,0.00057696406,-0.002626686,0.005312374,0.10107168,0.0017601512
1602,0.005121365,0.0,0.00508062,-0.0075587337,-0.0014581572,-0.0005964899,0.034484945,0.0016731084,0.04635673,0.008150764,-0.0013338625,-3.711055e-05,0.0,0.0,0.0,0.00031905598,0.0116205225,0.004099873,0.0,-0.0077481605,-0.005806243,-0.0004922155,-0.00027172227,0.1710604,0.051264185,0.003506448,0.0004254509,-0.000581064,0.019502735,-0.002030258,0.0016837742,0.0014818693,-0.00010926255,0.12945439,0.005805243,0.002186881,0.19365971,0.042679887,0.03704303,-0.00047404435,0.0,0.0,0.14395088,0.43493122,-0.0035767227,0.017606676,0.0,0.0009550852,-0.001197784,0.10905242,0.098843865,-5.143743e-05,-0.0059643155,0.00082398654,-0.0018755121,-0.0016317632,0.0,0.05331576,-0.0020607328,-0.002626686,0.005312374,0.096492805,0.004141545
1603,0.005121365,0.0,0.00508062,-0.011726536,-0.0014581572,-0.0005964899,0.034484945,0.0016731084,0.025646657,0.008150764,-0.0013338625,-3.711055e-05,0.0,0.0,0.0,0.00031905598,0.0045745466,0.004099873,0.0,-0.0077481605,-0.005806243,3.8063037e-05,-0.00027172227,0.195728,0.051264185,0.003506448,0.0004254509,-0.000581064,0.019502735,-0.002030258,0.0014352177,0.0014818693,-0.00010926255,0.13125096,0.005805243,0.002186881,0.17793585,0.046212267,0.03704303,-0.00028963687,0.0,0.0,0.16180404,0.4369378,-0.0035767227,0.016226666,0.0,0.0009550852,-0.001197784,0.108365946,0.075391814,-5.143743e-05,-0.0059643155,0.00082398654,-0.0018755121,-0.0016317632,0.0,0.05363019,0.00057696406,-0.002626686,0.005312374,0.096492805,0.004141545
1604,0.005121365,0.0,0.00508062,-0.0075587337,-0.0014581572,-0.0005964899,0.034484945,0.0016731084,0.048097637,0.008150764,-0.0013338625,-3.711055e-05,0.0,0.0,0.0,0.00031905598,0.0116205225,0.004099873,0.0,-0.0077481605,-0.005806243,3.8063037e-05,-0.00027172227,0.17069952,0.051264185,0.003506448,0.0004254509,-0.000581064,0.019502735,-0.002030258,0.0014352177,0.0014818693,-0.00010926255,0.13125096,0.005805243,0.002186881,0.19365971,0.042679887,0.03704303,-0.00047404435,0.0,0.0,0.14395088,0.43280733,-0.0035767227,0.016226666,0.0,0.0009550852,-0.001197784,0.108365946,0.0966238,-5.143743e-05,-0.0059643155,0.00082398654,-0.0018755121,-0.0016317632,0.0,0.05363019,0.00057696406,-0.002626686,0.005312374,0.096492805,0.004141545
1605,0.005121365,0.0,0.00508062,-0.025356172,-0.006727787,-0.0005964899,0.034484945,0.0013547573,0.013865982,0.008150764,-0.0013338625,-3.711055e-05,0.0,0.0,0.0,7.6855475e-05,0.003220169,0.0012398444,0.0,-0.0077481605,-0.019604433,-7.131969e-05,-0.00027172227,0.18173473,0.051264185,0.003506448,0.0004254509,-0.000581064,0.019502735,-0.0057107974,0.0013403193,0.0014818693,-0.00010926255,0.13458827,0.0039064065,0.002186881,0.19376805,0.04574721,-0.013683038,-0.00028963687,0.0,0.0,0.15990598,0.29069152,-0.0036266383,0.01447763,0.0,0.002395678,-0.001197784,0.10826757,0.07522411,-5.143743e-05,-0.0059643155,0.0023742486,-0.0018755121,-0.0016317632,0.0,0.05363019,0.0016871544,-0.007811205,0.005312374,0.10107168,0.003030107
1606,0.005121365,0.0,0.00508062,-0.01867512,-0.0014581572,-0.0005964899,0.034484945,0.0014820453,0.030808669,0.008150764,-0.0013338625,-3.711055e-05,0.0,0.0,0.0,0.00023646321,0.0116205225,0.004099873,0.0,-0.0077481605,-0.014592432,3.8063037e-05,-0.00027172227,0.18603846,0.051264185,0.003506448,0.0004254509,-0.000581064,0.019502735,-0.0057107974,0.0014352177,0.0014818693,-0.00010926255,0.13014095,0.005805243,0.002186881,0.17793585,0.04221483,0.03704303,-0.00047404435,0.0,0.0,0.15203507,0.33788532,-0.0035767227,0.016226666,0.0,0.0009550852,-0.001197784,0.10805149,0.08834998,-5.143743e-05,-0.0059643155,0.00082398654,-0.0018755121,-0.0016317632,0.0,0.05363019,0.00057696406,-0.002626686,0.005312374,0.096492805,0.004141545
1607,0.005121365,0.0,0.00508062,-0.011726536,-0.0014581572,-0.0005964899,0.034484945,0.0016731084,0.048097637,0.008150764,-0.0013338625,-3.711055e-05,0.0,0.0,0.0,0.00031905598,0.0116205225,0.004099873,0.0,-0.0077481605,-0.005806243,3.8063037e-05,-0.00027172227,0.17069952,0.051264185,0.003506448,0.0004254509,-0.000581064,0.019502735,-0.002030258,0.0014352177,0.0014818693,-0.00010926255,0.12945439,0.005805243,0.002186881,0.17793585,0.042679887,0.03704303,-0.00047404435,0.0,0.0,0.14395088,0.43502152,-0.0035767227,0.016226666,0.0,0.0009550852,-0.001197784,0.108365946,0.098843865,-5.143743e-05,-0.0059643155,0.00082398654,-0.0018755121,-0.0016317632,0.0,0.05363019,-0.0020607328,-0.002626686,0.005312374,0.096492805,0.004141545
1608,0.005121365,0.0,0.00508062,-0.025356172,-0.006727787,-0.0005964899,0.034484945,0.0013547573,0.027170762,0.008150764,-0.0013338625,-3.711055e-05,0.0,0.0,0.0,7.6855475e-05,0.0062289545,4.005528e-05,0.0,-0.0077481605,-0.019604433,-7.131969e-05,-0.00027172227,0.18411164,0.051264185,0.003506448,0.0004254509,-0.000581064,0.019502735,-0.0057107974,0.0015888758,0.0014818693,-0.00010926255,0.13347824,0.005805243,0.002186881,0.17793585,0.04574721,-0.013683038,-0.00028963687,0.0,0.0,0.1581781,0.28113055,-0.0036266383,0.014921772,0.0,0.002395678,-0.001197784,0.10805149,0.08279203,-5.143743e-05,-0.0059643155,0.0023742486,-0.0018755121,-0.0016317632,0.0,0.05331576,0.0016871544,-0.007811205,0.005312374,0.10107168,0.004141545
1609,0.005121365,0.0,0.00508062,-0.025356172,-0.006727787,-0.0005964899,0.033185087,0.0013547573,-0.042702474,0.023000464,-0.0013338625,-3.711055e-05,0.0,0.0,0.0,7.6855475e-05,0.0026953223,0.0012398444,0.0,-0.0077481605,-0.019604433,-7.131969e-05,-0.00027172227,0.16355355,0.049826264,0.003506448,0.0004254509,-0.000581064,0.019502735,-0.0057107974,0.0013403193,0.0014818693,-0.00010926255,0.13347824,0.0039064065,0.002186881,0.1980462,0.04574721,-0.013683038,-0.00028963687,0.0,0.0,0.15681471,0.29880828,-0.0036266383,0.009227485,0.0,0.005254505,-0.001197784,0.10832294,0.07744417,-5.143743e-05,-0.0059643155,0.0023742486,-0.0018755121,-0.0016317632,0.0,0.05363019,0.0016871544,-0.007811205,0.005312374,0.10107168,0.003030107
1610,0.005121365,0.0,0.00508062,-0.025356172,-0.006727787,-0.0005964899,0.034484945,0.0013547573,0.055846106,0.008150764,-0.0013338625,-3.711055e-05,0.0,0.0,0.0,7.6855475e-05,0.01327493,4.005528e-05,0.0,-0.0077481605,-0.019604433,-0.00060159824,-0.00027172227,0.15800352,0.051264185,0.003506448,0.0004254509,-0.000581064,0.019502735,-0.0057107974,0.0013403193,0.0014818693,-0.00010926255,0.13093592,0.005805243,0.002186881,0.17793585,0.04221483,-0.013683038,-0.00047404435,0.0,0.0,0.13540883,0.27538088,-0.0036266383,0.014921772,0.0,0.002395678,-0.001197784,0.10873796,0.10402401,-5.143743e-05,-0.0059643155,0.0023742486,-0.0018755121,-0.0016317632,0.0,0.05363019,-0.0054432973,-0.007811205,0.005312374,0.10107168,0.004141545
1611,0.005121365,0.0,0.00508062,-0.025356172,-0.006727787,-0.0005964899,0.034484945,0.0013547573,0.00916572,0.008150764,-0.0013338625,-3.711055e-05,0.0,0.0,0.0,7.6855475e-05,0.004874577,4.005528e-05,0.0,-0.0077481605,-0.019604433,-7.131969e-05,-0.00027172227,0.18214054,0.051264185,0.003506448,0.0004254509,-0.000581064,0.019502735,-0.0057107974,0.0013403193,0.0014818693,-0.00010926255,0.13204595,0.0039064065,0.002186881,0.19376805,0.04574721,-0.013683038,-0.00028963687,0.0,0.0,0.16482209,0.28975165,-0.0036266383,0.013172737,0.0,0.002395678,-0.001197784,0.10826757,0.07522411,-5.143743e-05,-0.0059643155,0.0023742486,-0.0018755121,-0.0016317632,0.0,0.05363019,-0.0054432973,-0.007811205,0.005312374,0.10107168,0.003030107
1612,0.004619045,0.0,0.00508062,-0.025356172,-0.006727787,-0.0005964899,0.032626018,0.0013547573,-0.11157004,0.06611581,-0.0013338625,-3.711055e-05,0.0,0.0,0.0,7.6855475e-05,-0.028094128,-0.0038163315,0.0,-0.0077481605,-0.019604433,-7.131969e-05,-0.00027172227,0.13330573,0.047687728,0.003506448,0.0004254509,-0.000581064,0.019502735,-0.0057107974,0.0015888758,0.0014818693,-0.00010926255,0.13458827,0.0039064065,0.002186881,0.198567,0.04532721,-0.013683038,-0.00028963687,0.0,0.0,0.15352772,0.30176485,-0.0036266383,0.006268375,0.0,0.005254505,-0.001197784,0.106954776,0.07522411,-5.143743e-05,-0.0059643155,0.0023742486,-0.0018755121,-0.0016317632,0.0,0.053040206,0.0016871544,-0.007811205,0.0042707985,0.101592466,0.0017601512
1613,0.005121365,0.0,0.00508062,-0.025356172,-0.006727787,-0.0005964899,0.033185087,0.0013547573,-0.03702549,0.023000464,-0.0013338625,-3.711055e-05,0.0,0.0,0.0,7.6855475e-05,0.005410147,-0.0007578486,0.0,-0.0077481605,-0.019604433,-7.131969e-05,-0.00027172227,0.16322921,0.049826264,0.003506448,0.0004254509,-0.000581064,0.019502735,-0.0057107974,0.0013403193,0.0014818693,-0.00010926255,0.13458827,0.0039064065,0.002186881,0.1980462,0.04532721,-0.013683038,-0.00028963687,0.0,0.0,0.15681471,0.29032326,-0.0036266383,0.013172737,0.0,0.005254505,-0.001197784,0.10832294,0.07522411,-5.143743e-05,-0.0059643155,0.0023742486,-0.0018755121,-0.0016317632,0.0,0.05363019,0.0016871544,-0.007811205,0.005312374,0.10107168,0.003030107
1614,0.005121365,0.0,0.00508062,-0.025356172,-0.006727787,-0.0005964899,0.033185087,0.0013547573,-0.040127784,0.023000464,-0.0013338625,-3.711055e-05,0.0,0.0,0.0,7.6855475e-05,0.0032308924,-0.0007578486,0.0,-0.0077481605,-0.019604433,-7.131969e-05,-0.00027172227,0.16322921,0.049826264,0.003506448,0.0004254509,-0.000581064,0.019502735,-0.0057107974,0.0013403193,0.0014818693,-0.00010926255,0.13347824,0.0039064065,0.002186881,0.1980462,0.04532721,-0.013683038,-0.00028963687,0.0,0.0,0.15681471,0.29844,-0.0036266383,0.009227485,0.0,0.005254505,-0.001197784,0.10832294,0.07744417,-5.143743e-05,-0.0059643155,0.0023742486,-0.0018755121,-0.0016317632,0.0,0.05363019,0.0016871544,-0.007811205,0.005312374,0.10107168,0.003030107
1615,0.004619045,0.0,0.00508062,-0.025356172,-0.006727787,-0.0005964899,0.032626018,0.0013547573,-0.11157004,0.06611581,-0.0013338625,-3.711055e-05,0.0,0.0,0.0,7.6855475e-05,-0.028094128,-0.0038163315,0.0,-0.006297049,-0.019604433,-7.131969e-05,-0.00027172227,0.13212104,0.047687728,0.003506448,0.0004254509,-0.000581064,0.014298602,0.0025939085,0.0015888758,0.0014818693,-0.00010926255,0.13538042,0.0039064065,0.002186881,0.1980462,0.04996168,-0.013683038,-0.00028963687,0.0,0.0,0.15352772,0.3039553,-0.0036266383,0.006268375,0.0,0.005254505,-0.001197784,0.106954776,0.07522411,-5.143743e-05,-0.0059643155,0.0023742486,-0.0018755121,-0.0016317632,0.0,0.053040206,0.0016871544,-0.007811205,0.005312374,0.103503644,0.0017601512
1616,0.004619045,0.0,0.00508062,-0.025356172,-0.006727787,-0.0005964899,0.032626018,0.0013547573,-0.11157004,0.06611581,-0.0013338625,-3.711055e-05,0.0,0.0,0.0,7.6855475e-05,-0.028094128,-0.0038163315,0.0,-0.006297049,-0.019604433,-7.131969e-05,-0.00027172227,0.13123257,0.047687728,0.003506448,0.0004254509,-0.000581064,0.017659793,0.0025939085,0.0013403193,0.0014818693,-0.00010926255,0.13458827,0.0039064065,0.002186881,0.1980462,0.04996168,-0.013683038,-0.00028963687,0.0,0.0,0.15352772,0.30309728,-0.0036266383,0.006268375,0.0,0.005254505,-0.001197784,0.106954776,0.07522411,-5.143743e-05,-0.0059643155,0.0023742486,-0.0018755121,-0.0016317632,0.0,0.05335464,0.0016871544,-0.007811205,0.005312374,0.102615185,0.0017601512
1617,0.005121365,0.0,0.00508062,-0.025356172,-0.006727787,-0.0005964899,0.034484945,0.0013547573,0.030808669,0.008150764,-0.0013338625,-3.711055e-05,0.0,0.0,0.0,7.6855475e-05,0.01327493,0.0012398444,0.0,-0.0077481605,-0.019604433,-7.131969e-05,-0.00027172227,0.17586373,0.051264185,0.003506448,0.0004254509,-0.000581064,0.019502735,-0.0057107974,0.0013403193,0.0014818693,-0.00010926255,0.13347824,0.005805243,0.002186881,0.17793585,0.04221483,-0.013683038,-0.00047404435,0.0,0.0,0.15069585,0.27693418,-0.0036266383,0.014921772,0.0,0.008694519,-0.001197784,0.10805149,0.08818697,-5.143743e-05,-0.0059643155,0.0023742486,-0.0018755121,-0.0016317632,0.0,0.05363019,0.0016871544,-0.007811205,0.005312374,0.10107168,0.004141545
1618,0.005121365,0.0,0.00508062,-0.025356172,-0.006727787,-0.0005964899,0.034484945,0.0013547573,0.034445718,0.008150764,-0.0013338625,-3.711055e-05,0.0,0.0,0.0,7.6855475e-05,0.0067645246,-0.0007578486,0.0,-0.0077481605,-0.019604433,-7.131969e-05,-0.00027172227,0.183032,0.051264185,0.003506448,0.0004254509,-0.000581064,0.019502735,-0.0057107974,0.0015888758,0.0014818693,-0.00010926255,0.13458827,0.005805243,0.002186881,0.17793585,0.04532721,-0.013683038,-0.00028963687,0.0,0.0,0.15326197,0.28164372,-0.0036266383,0.014921772,0.0,0.002395678,-0.001197784,0.10805149,0.08057196,-5.143743e-05,-0.0059643155,0.0023742486,-0.0018755121,-0.0016317632,0.0,0.05331576,0.0016871544,-0.007811205,0.005312374,0.10107168,0.004141545
1619,0.004619045,0.0,0.00508062,-0.025356172,-0.006727787,-0.0005964899,0.032626018,0.0013547573,-0.11157004,0.06611581,-0.0013338625,-3.711055e-05,0.0,0.0,0.0,7.6855475e-05,-0.028094128,-0.0038163315,0.0,-0.0077481605,-0.019604433,-7.131969e-05,-0.00027172227,0.13330573,0.047687728,0.003506448,0.0004254509,-0.000581064,0.019502735,-0.0057107974,0.0015888758,0.0014818693,-0.00010926255,0.13458827,0.0039064065,0.002186881,0.1980462,0.04532721,-0.013683038,-0.00028963687,0.0,0.0,0.15352772,0.30176485,-0.0036266383,0.006268375,0.0,0.005254505,-0.001197784,0.106954776,0.07522411,-5.143743e-05,-0.0059643155,0.0023742486,-0.0018755121,-0.0016317632,0.0,0.053040206,0.0016871544,-0.007811205,0.005312374,0.10107168,0.0017601512
1620,0.005121365,0.0,0.00508062,-0.025356172,-0.006727787,-0.0005964899,0.034484945,0.0013547573,0.027671365,0.008150764,-0.0013338625,-3.711055e-05,0.0,0.0,0.0,7.6855475e-05,0.0138105005,-0.0007578486,0.0,-0.0077481605,-0.019604433,-7.131969e-05,-0.00027172227,0.18411164,0.051264185,0.003506448,0.0004254509,-0.000581064,0.019502735,-0.0057107974,0.0015888758,0.0014818693,-0.00010926255,0.13093592,0.005805243,0.002186881,0.17793585,0.04221483,-0.013683038,-0.00028963687,0.0,0.0,0.15384525,0.2755933,-0.0036266383,0.014921772,0.0,0.002395678,-0.001197784,0.10805149,0.08774177,-5.143743e-05,-0.0059643155,0.0023742486,-0.0018755121,-0.0016317632,0.0,0.05331576,-0.0054432973,-0.007811205,0.005312374,0.10107168,0.004141545
1621,0.005121365,0.0,0.00508062,-0.025356172,-0.006727787,-0.0005964899,0.034484945,0.0013547573,0.030808669,0.008150764,-0.0013338625,-3.711055e-05,0.0,0.0,0.0,7.6855475e-05,0.01327493,0.0012398444,0.0,-0.0077481605,-0.019604433,-7.131969e-05,-0.00027172227,0.17586373,0.051264185,0.003506448,0.0004254509,-0.000581064,0.019502735,-0.0057107974,0.0013403193,0.0014818693,-0.00010926255,0.13458827,0.005805243,0.002186881,0.17845665,0.04221483,-0.013683038,-0.00047404435,0.0,0.0,0.15384525,0.2786155,-0.0036266383,0.014921772,0.0,0.002395678,-0.001197784,0.10805149,0.08911633,-5.143743e-05,-0.0059643155,0.0023742486,-0.0018755121,-0.0016317632,0.0,0.05363019,0.0016871544,-0.007811205,0.003128245,0.10216374,0.004141545
1622,0.005121365,0.0,0.00508062,-0.025356172,-0.006727787,-0.0005964899,0.034484945,0.0013547573,0.030014843,0.008150764,-0.0013338625,-3.711055e-05,0.0,0.0,0.0,7.6855475e-05,0.0067645246,-0.0007578486,0.0,-0.0077481605,-0.019604433,-7.131969e-05,-0.00027172227,0.183032,0.051264185,0.003506448,0.0004254509,-0.000581064,0.019502735,-0.0057107974,0.0013403193,0.0014818693,-0.00010926255,0.13458827,0.0046333447,0.002186881,0.18465008,0.04532721,-0.013683038,-0.00028963687,0.0,0.0,0.15326197,0.28157783,-0.0036266383,0.014921772,0.0,0.002395678,-0.001197784,0.10805149,0.08057196,-5.143743e-05,-0.0059643155,0.0023742486,-0.0018755121,-0.0016317632,0.0,0.05363019,0.0016871544,-0.007811205,0.005312374,0.10107168,0.003030107
1623,0.005121365,0.0,0.00508062,-0.025356172,-0.006727787,-0.0005964899,0.033856794,0.0013547573,-0.03084603,0.015114445,-0.0013338625,-3.711055e-05,0.0,0.0,0.0,7.6855475e-05,0.005410147,-0.0007578486,0.0,-0.0077481605,-0.019604433,-7.131969e-05,-0.00027172227,0.1648902,0.049826264,0.003506448,0.0004254509,-0.000581064,0.019502735,-0.0057107974,0.0013403193,0.0014818693,-0.00010926255,0.13458827,0.0039064065,0.002186881,0.1980462,0.04532721,-0.013683038,-0.00028963687,0.0,0.0,0.15681471,0.29032326,-0.0036266383,0.013172737,0.0,0.005254505,-0.001197784,0.10832294,0.07522411,-5.143743e-05,-0.0059643155,0.0023742486,-0.0018755121,-0.0016317632,0.0,0.05363019,0.0016871544,-0.007811205,0.005312374,0.10107168,0.003030107
1624,0.005121365,0.0,0.00508062,-0.025356172,-0.006727787,-0.0005964899,0.034484945,0.0013547573,0.054597132,0.008150764,-0.0013338625,-3.711055e-05,0.0,0.0,0.0,7.6855475e-05,0.0138105005,-0.0007578486,0.0,-0.0077481605,-0.019604433,-7.131969e-05,-0.00027172227,0.16197419,0.051264185,0.003506448,0.0004254509,-0.000581064,0.019502735,-0.0057107974,0.0015888758,0.0014818693,-0.00010926255,0.13458827,0.005805243,0.002186881,0.17793585,0.04179483,-0.013683038,-0.00047404435,0.0,0.0,0.13540883,0.27751324,-0.0036266383,0.014921772,0.0,0.002395678,-0.001197784,0.10805149,0.10013284,-5.143743e-05,-0.0059643155,0.0023742486,-0.0018755121,-0.0016317632,0.0,0.05331576,0.0016871544,-0.007811205,0.005312374,0.10107168,0.004141545
1625,-0.00041890726,0.0,0.0022524595,-0.007144718,0.00045964296,-0.0005878034,0.003504174,-0.0051013334,-0.09762904,-0.0035073415,-0.00040794368,-0.00011040977,0.0,0.0,0.0,-0.0029003767,-0.03170369,0.0071609705,0.0,0.0019207823,0.0027645868,0.0012648392,0.005947278,-0.12364195,0.011318443,-0.0013676862,0.0015546875,-0.0018472747,-0.0020749695,0.00068117527,-2.8816874e-05,-0.00034665375,-0.0003888607,0.010334987,0.012525845,0.0033276365,-0.09518206,-0.034908414,-0.020113213,-0.00095420436,0.0,0.0,-0.08001106,-0.20242919,0.010554878,-0.003557119,0.0,0.0005201276,3.3630393e-05,-0.16442628,-0.03396557,-0.000169137,0.007346302,0.0003826445,0.012199596,0.0017612072,0.0,-0.15058821,0.0015618203,-0.0015734943,-0.0015737796,0.050962757,0.002964073
1626,-0.00041890726,0.0,0.0022524595,-0.007144718,0.00045964296,-0.0023874808,0.0028464466,-0.0051013334,-0.09762904,-0.0035073415,0.0001492801,0.0011245208,0.0,0.0,0.0,-0.0029003767,-0.03170369,0.0071609705,0.0,0.0019207823,0.0027645868,-0.00014776754,0.005947278,-0.11634916,0.009737579,-0.0013676862,0.0015546875,-0.0018472747,-0.0029655478,0.00068117527,0.001439382,-0.00034665375,-0.0003888607,0.08126994,0.012525845,0.0033276365,-0.09259217,-0.03257525,-0.018439747,-0.00095420436,0.0,0.0,-0.07387556,-0.17683673,0.010554878,-0.003557119,0.0,0.0005201276,3.3630393e-05,-0.17239124,-0.033481285,-0.000169137,0.004550391,0.0021184068,0.012199596,0.0017612072,0.0,-0.14935,0.0015618203,-0.0015734943,-0.00027650304,0.077663675,0.002964073
1627,-0.00041890726,0.0,0.0022524595,-0.007144718,0.00045964296,-0.0023874808,0.0028464466,-0.0051013334,-0.09762904,-0.0035073415,0.0001492801,0.0011245208,0.0,0.0,0.0,-0.0029003767,-0.027638761,7.780861e-05,0.0,0.0019207823,0.0027645868,-0.00014776754,0.005947278,-0.11634916,0.01122451,-0.0013676862,0.0015546875,-0.0018472747,-0.0020749695,0.00068117527,-2.8816874e-05,-0.00034665375,-0.0003888607,0.08126994,0.012525845,0.0033276365,-0.091230825,-0.03257525,-0.018439747,-0.00095420436,0.0,0.0,-0.07387556,-0.17597498,0.010554878,-0.003557119,0.0,0.0005201276,3.3630393e-05,-0.17773217,-0.033904795,-0.000169137,0.004550391,0.0021184068,0.012199596,0.0017612072,0.0,-0.14864337,0.0015618203,-0.0015734943,-0.00027650304,0.077663675,0.002964073
1628,-0.00041890726,0.0,0.0022524595,-0.007144718,0.00045964296,-0.0023874808,-0.048555017,-0.005386394,-0.073641166,-0.0035073415,0.0001492801,0.0011245208,0.0,0.0,0.0,-0.0029003767,-0.024218252,7.780861e-05,0.0,0.0019207823,0.0027645868,-0.00014776754,0.005947278,-0.11621825,0.008785212,-0.0013676862,0.0015546875,-0.0018472747,-0.0020749695,0.00068117527,0.001439382,-0.00034665375,-0.0003888607,0.0826799,0.012525845,0.0033276365,-0.08802471,-0.02842028,-0.020113213,-0.00095420436,0.0,0.0,-0.075800516,-0.17163861,0.010554878,-0.003557119,0.0,0.0005201276,3.3630393e-05,-0.16949165,-0.032457132,-0.000169137,0.007346302,0.0003826445,0.012199596,0.0017612072,0.0,-0.13988179,0.0015618203,-0.0015734943,-0.00027650304,0.079033166,0.0024836925
1629,-0.0007153209,0.0,0.0022524595,-0.008405641,0.00045964296,-0.0024328914,0.0041236766,-0.0051013334,-0.083479516,-0.0035073415,0.0001492801,0.0011245208,0.0,0.0,0.0,-0.0029003767,-0.03170369,0.0071609705,0.0,-0.00013550714,0.0027645868,0.0012648392,-0.0007265513,-0.122074865,0.009737579,-0.0016298512,-0.00449361,-0.0012661478,-0.0058186366,0.00068117527,0.001439382,-0.0018722179,-8.170852e-05,-0.03434237,0.00880548,0.00063123147,-0.10623432,-0.034626734,-0.017119637,-0.00095420436,0.0,0.0,-0.08517555,-0.21251453,0.0020655552,-0.003557119,0.0,0.0005201276,3.3630393e-05,-0.18154626,-0.033171512,-0.000169137,0.007346302,0.0003826445,0.002696652,0.0017612072,0.0,-0.14864337,0.0003384709,-0.0015734943,-0.0008451531,-0.05059985,0.002964073
1630,-0.00029403094,0.0,0.0022524595,-0.007144718,0.00045964296,-0.0005878034,0.003504174,-0.0051013334,-0.09762904,-0.0035073415,-0.00040794368,-0.00011040977,0.0,0.0,0.0,-0.0029003767,-0.03170369,0.0071609705,0.0,0.0019207823,0.0027645868,0.0012648392,0.005947278,-0.12364195,0.0117135905,-0.0013676862,0.0015546875,-0.0018472747,-0.0020749695,0.00068117527,-2.8816874e-05,-0.00034665375,-0.0003888607,0.010334987,0.012525845,0.0033276365,-0.11542013,-0.034908414,-0.020113213,-0.00095420436,0.0,0.0,-0.08001106,-0.20480542,0.010554878,-0.003557119,0.0,0.0005201276,3.3630393e-05,-0.13579264,-0.03396557,-0.000169137,0.0045637824,0.0003826445,0.012199596,0.0017612072,0.0,-0.15058821,0.0015618203,-0.0015734943,-0.0015737796,0.047205884,0.002964073
1631,-0.0007153209,0.0,0.0022524595,-0.008405641,0.00045964296,-0.0024328914,0.0041236766,-0.0051013334,-0.09762904,-0.0035073415,0.0001492801,0.0011245208,0.0,0.0,0.0,-0.0029003767,-0.03170369,0.0071609705,0.0,-0.00013550714,0.0027645868,0.0012648392,-0.0007265513,-0.1254249,0.01122451,-0.0016298512,0.0015546875,0.01867286,-0.0058186366,0.00068117527,-2.8816874e-05,-0.0018722179,-8.170852e-05,-0.03408268,0.012525845,0.00063123147,-0.10295189,-0.034626734,-0.017119637,-0.00095420436,0.0,0.0,-0.09140664,-0.20952839,0.0020655552,-0.003557119,0.0,0.0005201276,3.3630393e-05,-0.18160374,-0.03396557,-0.000169137,0.007346302,0.0003826445,0.002696652,0.0017612072,0.0,-0.14657252,0.0003384709,-0.0015734943,-0.0021424298,-0.053087544,0.002964073
1632,0.00049521663,0.0,0.0016479281,-0.0057917996,0.00045964296,0.00010407438,0.003935764,-0.0051013334,-0.15895967,-0.0075886087,0.0020317135,0.0011245208,0.0,0.0,0.0,-0.0029003767,-0.041107967,0.01118245,0.0,0.0019207823,0.0054325443,-0.00014776754,0.005947278,0.090817265,0.010682845,-0.00082366617,0.0015546875,-0.0018472747,-0.0015260202,0.00068117527,-2.8816874e-05,-0.0029609716,-0.0003888607,0.081655644,0.012525845,0.0033276365,-0.084682226,-0.03257525,-0.021046422,-0.0008746208,0.0,0.0,-0.08164913,-0.1713932,0.010554878,-0.006153207,0.0,0.0030066771,3.3630393e-05,-0.16631682,-0.009227754,-0.000169137,0.010519118,0.0003826445,0.012199596,0.0017612072,0.0,-0.15776443,0.0015618203,-0.0015734943,-0.00079342426,0.077053316,0.002964073
1633,-0.0007153209,0.0,0.0022524595,-0.008405641,0.00045964296,-0.0024328914,0.0041236766,-0.0051013334,-0.09762904,-0.0035073415,0.0001492801,0.0011245208,0.0,0.0,0.0,-0.0029003767,-0.027638761,7.780861e-05,0.0,-0.00013550714,0.0027645868,0.0012648392,-0.0007265513,-0.1254249,0.009737579,-0.0016298512,-0.00449361,0.0007291363,-0.0058186366,0.00068117527,-2.8816874e-05,-0.00034665375,-8.170852e-05,-0.03434237,0.00880548,0.00063123147,-0.10487297,-0.034626734,-0.017119637,-0.00095420436,0.0,0.0,-0.087385885,-0.21538821,0.0020655552,-0.003557119,0.0,0.0005201276,3.3630393e-05,-0.18094358,-0.03438908,-0.000169137,0.006047063,0.0003826445,0.002696652,0.0017612072,0.0,-0.14828518,0.0003384709,-0.0015734943,-0.0021424298,-0.04995023,0.002964073
1634,-0.0007153209,0.0,0.0022524595,-0.008405641,0.00045964296,-0.0024328914,0.0041236766,-0.0051013334,-0.09762904,-0.0035073415,0.0001492801,0.0011245208,0.0,0.0,0.0,-0.0029003767,-0.027638761,7.780861e-05,0.0,-0.00013550714,0.0027645868,0.0012648392,0.005947278,-0.122074865,0.01122451,-0.0016298512,0.0015546875,-0.0012661478,-0.0058186366,0.00068117527,0.001439382,-0.00034665375,-8.170852e-05,-0.03434237,0.012525845,0.00063123147,-0.10431324,-0.037767857,-0.020113213,-0.00095420436,0.0,0.0,-0.087385885,-0.2247406,0.0020655552,-0.003557119,0.0,0.0005201276,3.3630393e-05,-0.17437375,-0.03438908,-0.000169137,0.007346302,0.0003826445,0.002696652,0.0017612072,0.0,-0.14963993,0.0003384709,-0.0015734943,-0.0021424298,-0.05059985,0.002964073
1635,0.005121365,0.0,0.00508062,-0.025356172,-0.006727787,-0.0005964899,0.033185087,0.0013547573,-0.040127784,0.023000464,-0.0013338625,-3.711055e-05,0.0,0.0,0.0,7.6855475e-05,0.0032308924,-0.0007578486,0.0,-0.0077481605,-0.019604433,-7.131969e-05,-0.00027172227,0.16322921,0.049826264,0.003506448,0.0004254509,-0.000581064,0.019502735,-0.0057107974,0.0013403193,0.0014818693,-0.00010926255,0.13458827,0.0039064065,0.002186881,0.1980462,0.04532721,-0.013683038,-0.00028963687,0.0,0.0,0.15681471,0.29955006,-0.0036266383,0.009227485,0.0,0.005254505,-0.001197784,0.10832294,0.07522411,-5.143743e-05,-0.0059643155,0.0023742486,-0.0018755121,-0.0016317632,0.0,0.05363019,0.0016871544,-0.007811205,0.005312374,0.10107168,0.003030107
1636,0.005121365,0.0,0.00508062,-0.025356172,-0.006727787,-0.0005964899,0.034484945,0.0013547573,0.03389573,0.008150764,-0.0013338625,-3.711055e-05,0.0,0.0,0.0,7.6855475e-05,0.0138105005,-0.0007578486,0.0,-0.0077481605,-0.019604433,-7.131969e-05,-0.00027172227,0.183032,0.051264185,0.003506448,0.0004254509,-0.000581064,0.019502735,-0.0057107974,0.0015888758,0.0014818693,-0.00010926255,0.13458827,0.005805243,0.002186881,0.17793585,0.04221483,-0.013683038,-0.00028963687,0.0,0.0,0.14892913,0.27764323,-0.0036266383,0.014921772,0.0,0.002395678,-0.001197784,0.10805149,0.085521705,-5.143743e-05,-0.0059643155,0.0023742486,-0.0018755121,-0.0016317632,0.0,0.05331576,0.0016871544,-0.007811205,0.005312374,0.10107168,0.004141545
1637,0.0010909351,0.0,0.0011307407,-0.0038902268,-0.0015572418,-0.0016956031,0.00170981,2.5617685e-05,-0.23507915,-0.010670769,-0.0055521447,-1.7086602e-05,0.0,0.0,0.0,5.8168927e-05,-0.0632112,-0.0037401372,0.0,2.5665504e-05,-0.015109408,0.00024205932,-0.00012462793,0.12919548,0.013426504,-0.00082366617,0.0015546875,-0.0012752893,-0.0020261798,0.0025939085,0.0004001735,-0.004976103,-0.0003888607,0.0780099,0.008680194,0.0016330713,-0.15800488,-0.01126139,-0.03100913,-0.0008746208,0.0,0.0,-0.12200141,-0.28655198,-0.012199642,0.018455999,0.0,0.0033008878,3.3630393e-05,-0.023203181,0.17383397,-5.143743e-05,-0.007174536,0.0023073244,0.012072272,0.0017612072,0.0,0.014867197,0.0017262277,-0.0011807671,-0.0006981108,0.067414425,0.002964073
1638,0.005121365,0.0,0.00508062,-0.025356172,-0.006727787,-0.0005964899,0.033185087,0.0013547573,-0.03702549,0.023000464,-0.0013338625,-3.711055e-05,0.0,0.0,0.0,7.6855475e-05,0.005410147,-0.0007578486,0.0,-0.006297049,-0.019604433,-7.131969e-05,-0.00027172227,0.16115606,0.049826264,0.003506448,0.0004254509,-0.000581064,0.019502735,-0.0057107974,0.0015888758,0.0014818693,-0.00010926255,0.13458827,0.0039064065,0.002186881,0.1980462,0.04532721,-0.013683038,-0.00028963687,0.0,0.0,0.15681471,0.29038915,-0.0036266383,0.013172737,0.0,0.005254505,-0.001197784,0.10832294,0.07522411,-5.143743e-05,-0.0059643155,0.0023742486,-0.0018755121,-0.0016317632,0.0,0.05331576,0.0016871544,-0.007811205,0.005312374,0.10169371,0.003030107
1639,0.0010909351,0.0,0.0011307407,-0.0038902268,-0.0015572418,0.00010407438,0.008024559,2.5617685e-05,-0.23507915,-0.010670769,-0.0055521447,-1.7086602e-05,0.0,0.0,0.0,5.8168927e-05,-0.0632112,-0.0037401372,0.0,2.5665504e-05,-0.015109408,0.00024205932,-0.00012462793,0.13130307,0.02324432,-0.00082366617,0.0015546875,-0.0012752893,-0.0020261798,0.0025939085,0.0004001735,0.00018787092,-0.0003888607,0.0780099,0.008680194,0.0016330713,-0.1579425,-0.008184952,-0.03100913,-0.0008746208,0.0,0.0,-0.12195876,-0.28655198,-0.012199642,0.018455999,0.0,0.0033008878,3.3630393e-05,-0.030224098,0.18156153,-5.143743e-05,-0.007174536,0.0023073244,0.012072272,0.0017612072,0.0,0.015232071,0.0017262277,-0.0011807671,-0.0006981108,0.057276916,0.002964073
1640,0.005121365,0.0,0.00508062,-0.01867512,-0.0014581572,-0.0005964899,0.034484945,0.0014820453,0.007641614,0.008150764,-0.0013338625,-3.711055e-05,0.0,0.0,0.0,0.00023646321,0.003220169,0.004099873,0.0,-0.0077481605,-0.014592432,3.8063037e-05,-0.00027172227,0.19263959,0.051264185,0.003506448,0.0004254509,-0.000581064,0.019502735,-0.0057107974,0.0014352177,0.0014818693,-0.00010926255,0.12945439,0.0039064065,0.002186881,0.19376805,0.04574721,0.03704303,-0.00028963687,0.0,0.0,0.1598625,0.3540855,-0.0035767227,0.01447763,0.0,0.0072539262,-0.001197784,0.10826757,0.071308345,-5.143743e-05,-0.0059643155,0.00082398654,-0.0018755121,-0.0016317632,0.0,0.05363019,-0.0020607328,-0.002626686,0.005312374,0.096492805,0.003030107
1641,0.005121365,0.0,0.00508062,-0.01867512,-0.0014581572,-0.0005964899,0.034484945,0.0014820453,0.048097637,0.008150764,-0.0013338625,-3.711055e-05,0.0,0.0,0.0,0.00023646321,0.01327493,0.004099873,0.0,-0.0077481605,-0.014592432,3.8063037e-05,-0.00027172227,0.16923268,0.051264185,0.003506448,0.0004254509,-0.000581064,0.019502735,-0.0057107974,0.0014352177,0.0014818693,-0.00010926255,0.13056442,0.005805243,0.002186881,0.17793585,0.04221483,0.03704303,-0.00047404435,0.0,0.0,0.13851477,0.3423196,-0.0035767227,0.014921772,0.0,0.0009550852,-0.001197784,0.10805149,0.098817535,-5.143743e-05,-0.0059643155,0.00082398654,-0.0018755121,-0.0016317632,0.0,0.05363019,-0.0020607328,-0.002626686,0.005312374,0.096492805,0.004141545
1642,0.005121365,0.0,0.00508062,-0.025356172,-0.006727787,-0.0005964899,0.034484945,0.0013547573,0.01644068,0.008150764,-0.0013338625,-3.711055e-05,0.0,0.0,0.0,7.6855475e-05,0.005410147,-0.0007578486,0.0,-0.0077481605,-0.019604433,-7.131969e-05,-0.00027172227,0.1810609,0.051264185,0.003506448,0.0004254509,-0.000581064,0.019502735,-0.0057107974,0.0013403193,0.0014818693,-0.00010926255,0.13458827,0.0039064065,0.002186881,0.19376805,0.04532721,-0.013683038,-0.00028963687,0.0,0.0,0.15990598,0.29032326,-0.0036266383,0.013172737,0.0,0.002395678,-0.001197784,0.10826757,0.07522411,-5.143743e-05,-0.0059643155,0.0023742486,-0.0018755121,-0.0016317632,0.0,0.05363019,0.0016871544,-0.007811205,0.005312374,0.10107168,0.003030107
1643,0.005121365,0.0,0.00508062,-0.01867512,-0.0014581572,-0.0005964899,0.034484945,0.0014820453,0.025646657,0.008150764,-0.0013338625,-3.711055e-05,0.0,0.0,0.0,0.00023646321,0.0045745466,0.004099873,0.0,-0.0077481605,-0.014592432,3.8063037e-05,-0.00027172227,0.19461069,0.051264185,0.003506448,0.0004254509,-0.000581064,0.019502735,-0.0057107974,0.0014352177,0.0014818693,-0.00010926255,0.12945439,0.005805243,0.002186881,0.17793585,0.04574721,0.03704303,-0.00028963687,0.0,0.0,0.15636793,0.34534004,-0.0035767227,0.016226666,0.0,0.0009550852,-0.001197784,0.10805149,0.07980562,-5.143743e-05,-0.0059643155,0.00082398654,-0.0018755121,-0.0016317632,0.0,0.05363019,-0.0020607328,-0.002626686,0.005312374,0.096492805,0.004141545
1644,0.005121365,0.0,0.00508062,-0.025356172,-0.006727787,-0.0005964899,0.034484945,0.0013547573,0.015390088,0.008150764,-0.0013338625,-3.711055e-05,0.0,0.0,0.0,7.6855475e-05,0.004874577,4.005528e-05,0.0,-0.0077481605,-0.019604433,-7.131969e-05,-0.00027172227,0.1810609,0.051264185,0.003506448,0.0004254509,-0.000581064,0.019502735,-0.0057107974,0.0013403193,0.0014818693,-0.00010926255,0.13204595,0.0039064065,0.002186881,0.19376805,0.04574721,-0.013683038,-0.00028963687,0.0,0.0,0.15990598,0.28952304,-0.0036266383,0.013172737,0.0,0.002395678,-0.001197784,0.10826757,0.07522411,-5.143743e-05,-0.0059643155,0.0023742486,-0.0018755121,-0.0016317632,0.0,0.05363019,-0.0054432973,-0.007811205,0.005312374,0.10107168,0.003030107
1645,0.005121365,0.0,0.00508062,-0.025356172,-0.006727787,-0.0005964899,0.034484945,0.0013547573,0.016872842,0.008150764,-0.0013338625,-3.711055e-05,0.0,0.0,0.0,7.6855475e-05,0.0067645246,-0.0007578486,0.0,-0.0077481605,-0.019604433,-7.131969e-05,-0.00027172227,0.18087977,0.051264185,0.003506448,0.0004254509,-0.000581064,0.019502735,-0.0057107974,0.0015888758,0.0014818693,-0.00010926255,0.13458827,0.0046333447,0.002186881,0.19376805,0.04532721,-0.013683038,-0.00028963687,0.0,0.0,0.15778972,0.29038915,-0.0036266383,0.013172737,0.0,0.002395678,-0.001197784,0.10805149,0.07522411,-5.143743e-05,-0.0059643155,0.0023742486,-0.0018755121,-0.0016317632,0.0,0.05331576,0.0016871544,-0.007811205,0.005312374,0.10107168,0.003030107
1646,0.005121365,0.0,0.00508062,-0.011726536,-0.0014581572,-0.0005964899,0.034484945,0.0016731084,0.048097637,0.008150764,-0.0013338625,-3.711055e-05,0.0,0.0,0.0,0.00031905598,0.0116205225,0.004099873,0.0,-0.0077481605,-0.005806243,3.8063037e-05,-0.00027172227,0.17069952,0.051264185,0.003506448,0.0004254509,-0.000581064,0.019502735,-0.002030258,0.0014352177,0.0014818693,-0.00010926255,0.12945439,0.005805243,0.002186881,0.17793585,0.042679887,0.03704303,-0.00047404435,0.0,0.0,0.14080146,0.43502152,-0.0035767227,0.016226666,0.0,0.0072539262,-0.001197784,0.108365946,0.095694445,-5.143743e-05,-0.0059643155,0.00082398654,-0.0018755121,-0.0016317632,0.0,0.05363019,-0.0020607328,-0.002626686,0.005312374,0.096492805,0.004141545
1647,0.005121365,0.0,0.00508062,-0.011726536,-0.0014581572,-0.0005964899,0.034484945,0.0016731084,0.045798074,0.008150764,-0.0013338625,-3.711055e-05,0.0,0.0,0.0,0.00031905598,0.0116205225,0.004099873,0.0,-0.0077481605,-0.005806243,3.8063037e-05,-0.00027172227,0.17467019,0.051264185,0.003506448,0.0004254509,-0.000581064,0.019502735,-0.002030258,0.0014352177,0.0014818693,-0.00010926255,0.13014095,0.005805243,0.002186881,0.17793585,0.042679887,0.03704303,-0.00047404435,0.0,0.0,0.14395088,0.421596,-0.0035767227,0.016226666,0.0,0.0009550852,-0.001197784,0.108365946,0.09717276,-5.143743e-05,-0.0059643155,0.00082398654,-0.0018755121,-0.0016317632,0.0,0.05363019,0.00057696406,-0.002626686,0.005312374,0.096492805,0.004141545
1648,0.005121365,0.0,0.00508062,-0.01867512,-0.0014581572,-0.0005964899,0.034484945,0.0014820453,0.025646657,0.008150764,-0.0013338625,-3.711055e-05,0.0,0.0,0.0,0.00023646321,0.0062289545,0.004099873,0.0,-0.0077481605,-0.014592432,3.8063037e-05,-0.00027172227,0.19426116,0.051264185,0.003506448,0.0004254509,-0.000581064,0.019502735,-0.0057107974,0.0014352177,0.0014818693,-0.00010926255,0.13014095,0.005805243,0.002186881,0.17793585,0.04574721,0.03704303,-0.00028963687,0.0,0.0,0.15636793,0.3420158,-0.0035767227,0.014921772,0.0,0.0009550852,-0.001197784,0.10805149,0.07980562,-5.143743e-05,-0.0059643155,0.00082398654,-0.0018755121,-0.0016317632,0.0,0.05363019,0.00057696406,-0.002626686,0.005312374,0.096492805,0.004141545
1649,0.005121365,0.0,0.00508062,-0.025356172,-0.006727787,-0.0005964899,0.034484945,0.0013547573,0.032332774,0.008150764,-0.0013338625,-3.711055e-05,0.0,0.0,0.0,7.6855475e-05,0.01327493,4.005528e-05,0.0,-0.0077481605,-0.019604433,-7.131969e-05,-0.00027172227,0.17553942,0.051264185,0.003506448,0.0004254509,-0.000581064,0.019502735,-0.0057107974,0.0015888758,0.0014818693,-0.00010926255,0.13458827,0.005805243,0.002186881,0.17793585,0.04221483,-0.013683038,-0.00047404435,0.0,0.0,0.15384525,0.27811012,-0.0036266383,0.014921772,0.0,0.002395678,-0.001197784,0.10805149,0.08911633,-5.143743e-05,-0.0059643155,0.0023742486,-0.0018755121,-0.0016317632,0.0,0.05331576,0.0016871544,-0.007811205,0.005312374,0.10107168,0.004141545
1700,-0.0004924268,0.0,-0.00043736555,0.004231303,0.0011349958,-0.0024328914,0.0053044157,-0.0051013334,0.025733948,-0.00094848796,0.0001492801,-0.00011040977,0.0,0.0,0.0,-0.0029003767,0.008237085,-0.00010618098,0.0,-0.0012366981,0.0027645868,-0.00014776754,0.005947278,-0.19054145,0.011164978,-0.0016298512,-0.00449361,0.0027953999,-0.0058186366,0.00068117527,-2.8816874e-05,-0.00034665375,0.0025634265,-0.031691767,0.017176652,0.00063123147,-0.13479352,-0.03816998,-0.020113213,-0.0018545807,0.0,0.0,-0.11130983,-0.2678937,-0.003172952,-0.005869464,0.0,-5.9574144e-05,3.3630393e-05,-0.13603643,-0.05083283,-0.000169137,0.0053630853,0.0003826445,-0.0007186803,0.0017612072,0.0,-0.15246047,0.0003384709,-0.00040820174,-0.0008451531,-0.049826268,-0.0035538897
1701,-0.00032088952,0.0,-0.00043736555,0.005492224,0.0011349958,-0.0005878034,0.0042049224,-0.0051013334,0.017388199,-0.00094848796,0.0001492801,-0.00011040977,0.0,0.0,0.0,-0.0029003767,0.005487303,-0.00010618098,0.0,-0.0036447921,0.0027645868,-0.00014776754,0.005947278,-0.19001725,0.010769832,-0.0013676862,-0.00449361,0.024905648,-0.0020749695,0.00068117527,-2.8816874e-05,-0.00034665375,0.012199657,0.007248622,0.017176652,-0.0014931285,-0.10792431,-0.035561413,-0.020113213,-0.00095420436,0.0,0.0,-0.11240791,-0.23189978,-0.012199642,-0.005869464,0.0,-5.9574144e-05,3.3630393e-05,-0.16486697,-0.039198093,-0.000169137,0.006047063,0.0003826445,0.012072272,0.0017612072,0.0,-0.1507478,0.0015618203,-0.00040820174,-0.00027650304,0.0485938,-0.0035538897
1702,-0.0006173031,0.0,-0.00043736555,0.004231303,0.0011349958,-0.0024328914,-0.023882171,-0.005386394,0.0031526987,-0.00094848796,0.0001492801,-0.00011040977,0.0,0.0,0.0,-0.0029003767,0.0054096864,-0.00010618098,0.0,-0.0012366981,0.0027645868,-0.00014776754,0.005947278,-0.19359045,0.009817465,-0.0016298512,-0.00449361,0.01867286,-0.0058186366,0.00068117527,-2.8816874e-05,-0.00034665375,0.0025634265,-0.03205875,0.012114231,0.00063123147,-0.112249345,-0.035586886,-0.020113213,-0.00095420436,0.0,0.0,-0.108031936,-0.25544655,-0.003172952,-0.0048646173,0.0,-5.9574144e-05,3.3630393e-05,-0.16259569,-0.03328081,-0.000169137,0.006047063,0.0003826445,0.0025693276,0.0017612072,0.0,-0.14345011,0.0003384709,-0.00040820174,-0.0008451531,-0.04797215,-0.0006354258
1703,-0.0006173031,0.0,-0.00043736555,0.004231303,0.0011349958,-0.0024328914,0.0050935727,-0.0051013334,0.017388199,-0.00094848796,0.0001492801,-0.00011040977,0.0,0.0,0.0,-0.0029003767,0.005487303,-0.00010618098,0.0,-0.0012366981,0.0027645868,-0.00014776754,0.005947278,-0.1919367,0.010769832,-0.0016298512,-0.00449361,0.0007291363,-0.0058186366,0.00068117527,-2.8816874e-05,-0.00034665375,0.0025634265,-0.0337284,0.017176652,0.00063123147,-0.11424468,-0.038420852,-0.020113213,-0.00095420436,0.0,0.0,-0.11215177,-0.2618806,-0.003172952,-0.005869464,0.0,-5.9574144e-05,3.3630393e-05,-0.16486697,-0.03799152,-0.000169137,0.006047063,0.0003826445,0.0025693276,0.0017612072,0.0,-0.15246047,0.0003384709,-0.00040820174,-0.0008451531,-0.046853937,-0.0035538897
1704,-0.0004924268,0.0,-0.00043736555,0.004231303,0.0011349958,-0.0024328914,0.0053044157,-0.0051013334,0.025733948,-0.00094848796,0.0001492801,-0.00011040977,0.0,0.0,0.0,-0.0029003767,0.008237085,-0.00010618098,0.0,-0.0012366981,0.0027645868,0.0012648392,-0.0007265513,-0.1902135,0.010212611,0.0061644185,-0.00449361,0.01867286,-0.0058186366,0.00068117527,0.001439382,-2.3254252e-06,0.0025634265,-0.03190968,0.017176652,0.00063123147,-0.13477738,-0.035214383,-0.017119637,-0.0018545807,0.0,0.0,-0.113036744,-0.25877434,-0.003172952,-0.005869464,0.0,-5.9574144e-05,3.3630393e-05,-0.14166509,-0.04969494,-0.000169137,0.0053630853,0.0003826445,-0.0007186803,0.0017612072,0.0,-0.15174437,0.0003384709,-0.00040820174,-0.0021424298,-0.04966815,-0.0035538897
1705,0.0050096945,0.0,0.00508062,-0.008888745,-0.0014581572,-0.0005764565,0.03167647,0.001239541,0.035280824,0.0077877026,-0.0013338625,-3.711055e-05,0.0,0.0,0.0,0.00031905598,0.009377251,0.003052714,0.0,-0.0011269004,-0.005806243,0.0005477939,-0.00027172227,0.21333908,0.04917798,0.0018509205,0.0004254509,0.00021947213,0.020134209,-0.002030258,0.0014352177,0.00090940244,-0.00010926255,-0.0018500916,0.0066954717,-0.00023897382,0.25103575,0.06691149,0.05588764,-0.00057256105,0.0,0.0,0.1919395,0.5671729,-0.0035767227,0.019480899,0.0,0.010181659,-5.609441e-05,0.10805445,-0.015275967,-5.143743e-05,-0.006089593,-0.0023717568,-0.00090175366,-0.0016317632,0.0,0.052913986,-0.0020607328,-0.0006856936,0.005312374,0.0010249151,-0.0041969083
1706,0.0050096945,0.0,0.00508062,-0.008888745,-0.0014581572,-0.0005764565,0.03167647,0.001239541,0.035280824,0.0077877026,-0.0013338625,-3.711055e-05,0.0,0.0,0.0,0.00031905598,0.009377251,0.003052714,0.0,-0.0011269004,-0.005806243,0.0005477939,-0.00027172227,0.21333908,0.04917798,0.0018509205,0.0004254509,0.0028177914,0.020134209,-0.002030258,0.0014352177,0.00090940244,-0.00010926255,-0.0018500916,0.0066954717,-0.00023897382,0.25103575,0.06691149,0.05588764,-0.00057256105,0.0,0.0,0.1919395,0.5636211,-0.0035767227,0.019480899,0.0,0.010181659,-5.609441e-05,0.10805445,-0.015275967,-5.143743e-05,-0.006089593,-0.0023717568,-0.00090175366,-0.0016317632,0.0,0.052913986,-0.0020607328,-0.0006856936,0.005312374,0.0019784013,-0.0041969083
1707,0.0050096945,0.0,0.00508062,-0.008888745,-0.0014581572,-0.0005764565,0.03167647,0.001239541,0.035280824,0.0077877026,-0.0013338625,-3.711055e-05,0.0,0.0,0.0,0.00031905598,0.009377251,0.003052714,0.0,-0.0011269004,-0.005806243,0.0005477939,-0.00027172227,0.21333908,0.04917798,0.0018509205,0.0004254509,0.00021947213,0.020134209,-0.002030258,0.0014352177,0.00090940244,-0.00010926255,-0.0018500916,0.0066954717,-0.00023897382,0.25103575,0.06691149,0.05588764,-0.00057256105,0.0,0.0,0.20207535,0.5671729,-0.0035767227,0.019480899,0.0,0.0003896059,-5.609441e-05,0.10805445,-0.015619758,-5.143743e-05,-0.006089593,-0.0023717568,-0.00090175366,-0.0016317632,0.0,0.052913986,-0.0020607328,-0.0006856936,0.005312374,0.0010249151,-0.0041969083
1708,0.0050096945,0.0,0.00508062,-0.008888745,-0.0014581572,-0.0005764565,0.03167647,0.001239541,0.035280824,0.0077877026,-0.0013338625,-3.711055e-05,0.0,0.0,0.0,0.00031905598,0.009377251,0.003052714,0.0,-0.0011269004,-0.005806243,0.0005477939,-0.00027172227,0.21333908,0.049718823,0.0018509205,0.0004254509,0.0028177914,0.020134209,-0.002030258,0.0014352177,0.00090940244,-0.00010926255,-0.0018500916,0.0066954717,-0.00023897382,0.25103575,0.06691149,0.05588764,-0.00057256105,0.0,0.0,0.1919395,0.56378967,-0.0035767227,0.019480899,0.0,0.010181659,-5.609441e-05,0.10734507,-0.015275967,-5.143743e-05,-0.006089593,-0.0023717568,-0.00090175366,-0.0016317632,0.0,0.052913986,-0.0020607328,-0.0006856936,0.005312374,0.0019784013,-0.0041969083
1709,0.0050096945,0.0,0.00508062,-0.008888745,-0.0014581572,-0.0005764565,0.03167647,0.001239541,0.035280824,0.0077877026,-0.0013338625,-3.711055e-05,0.0,0.0,0.0,0.00031905598,0.009377251,0.003052714,0.0,-0.0011269004,-0.005806243,0.0005477939,-0.00027172227,0.21333908,0.049718823,0.0018509205,0.0004254509,0.0028177914,0.020134209,-0.002030258,0.0014352177,0.00090940244,-0.00010926255,-0.0018500916,0.0066954717,-0.00023897382,0.25103575,0.06691149,0.05588764,-0.00057256105,0.0,0.0,0.1919395,0.56378967,-0.0035767227,0.019480899,0.0,0.010181659,-5.609441e-05,0.10734507,-0.015275967,-5.143743e-05,-0.006089593,-0.0023717568,-0.00090175366,-0.0016317632,0.0,0.052913986,-0.0020607328,-0.0006856936,0.005312374,0.0019784013,-0.0041969083
1710,-0.0006173031,0.0,-0.00043736555,0.004231303,0.0011349958,-0.0024328914,0.010731522,-0.0051013334,0.025733948,-0.00094848796,0.0001492801,-0.00011040977,0.0,0.0,0.0,-0.0029003767,0.008237085,-0.00010618098,0.0,-0.0012366981,0.0027645868,0.0012648392,-0.0007265513,-0.19155683,0.012256764,-0.0010697764,-0.00449361,0.01867286,-0.0058186366,0.00068117527,-2.8816874e-05,-2.3254252e-06,0.0025634265,-0.037371792,0.017176652,0.00063123147,-0.11317796,-0.035028856,-0.017119637,-0.0018545807,0.0,0.0,-0.11491397,-0.25393164,-0.003172952,-0.005869464,0.0,-5.9574144e-05,3.3630393e-05,-0.17100702,-0.051868554,-0.000169137,0.006047063,0.0003826445,-0.0007186803,0.0017612072,0.0,-0.1507478,0.0003384709,-0.00040820174,-0.0008451531,-0.047827553,-0.0035538897
1711,-0.0004924268,0.0,-0.00043736555,0.004231303,0.0011349958,-0.0024328914,0.0053044157,-0.004943043,0.025733948,-0.00094848796,0.0001492801,-0.00011040977,0.0,0.0,0.0,-0.0029003767,0.008237085,-0.00010618098,0.0,-0.0012366981,0.0027645868,-0.00014776754,-0.0007265513,-0.1902135,0.010212611,0.0061644185,-0.00449361,0.0027953999,-0.0058186366,0.00068117527,-2.8816874e-05,-2.3254252e-06,0.0025634265,-0.03235637,0.017176652,0.00063123147,-0.13338733,-0.035214383,-0.017119637,-0.0018545807,0.0,0.0,-0.11130983,-0.25893152,-0.003172952,-0.005869464,0.0,-5.9574144e-05,3.3630393e-05,-0.14387573,-0.04969494,-0.000169137,0.0053630853,0.0003826445,-0.0007186803,0.0017612072,0.0,-0.15246047,0.0003384709,-0.00040820174,-0.0008451531,-0.04966815,-0.0035538897
1712,-0.0006173031,0.0,-0.00043736555,0.004231303,0.0011349958,-0.0024328914,0.0053044157,-0.004943043,0.025733948,-0.00094848796,0.0001492801,-0.00011040977,0.0,0.0,0.0,-0.0029003767,0.008237085,-0.00010618098,0.0,-0.0012366981,0.0027645868,-0.00014776754,-0.0007265513,-0.1902135,0.009817465,0.0061644185,-0.00449361,0.01867286,-0.0058186366,0.00068117527,-2.8816874e-05,-2.3254252e-06,0.0025634265,-0.032096677,0.017176652,0.00063123147,-0.11314926,-0.035214383,-0.017119637,-0.0018545807,0.0,0.0,-0.115330584,-0.2487243,-0.003172952,-0.005869464,0.0,-5.9574144e-05,3.3630393e-05,-0.17295976,-0.04969494,-0.000169137,0.006047063,0.0003826445,-0.0007186803,0.0017612072,0.0,-0.1507478,0.0003384709,-0.00040820174,-0.0008451531,-0.047306012,-0.0035538897
1713,-0.0006173031,0.0,-0.00043736555,0.004231303,0.0011349958,-0.0024328914,0.0048376424,-0.0051013334,-0.02162176,-0.0015233477,0.0001492801,-0.00011040977,0.0,0.0,0.0,-0.0029003767,-0.00026042847,-0.00010618098,0.0,-0.0012366981,0.0027645868,-1.7201775e-05,0.005947278,-0.16672248,0.009525403,-0.0016298512,-0.00449361,0.01867286,-0.0058186366,0.00068117527,-2.8816874e-05,-0.00034665375,0.0025634265,-0.03158679,0.00880548,0.00063123147,-0.117638126,-0.03860638,-0.020113213,-0.00095420436,0.0,0.0,-0.11860924,-0.25848126,-0.003172952,-0.0029840842,0.0,0.0005201276,3.3630393e-05,-0.16355184,-0.03328081,-0.000169137,0.006047063,0.0003826445,-0.0007186803,0.0017612072,0.0,-0.1507478,0.0003384709,-0.00040820174,-0.0008451531,-0.047464132,-0.0018705805
1714,-0.0006173031,0.0,-0.00043736555,0.004231303,0.0011349958,-0.0024328914,0.0053044157,-0.004943043,0.025733948,-0.00094848796,0.0001492801,-0.00011040977,0.0,0.0,0.0,-0.0029003767,0.008237085,-0.00010618098,0.0,-0.0012366981,0.0027645868,-0.00014776754,0.005947278,-0.18719141,0.012256764,-0.0010697764,-0.00449361,-0.0012661478,-0.0058186366,0.00068117527,-2.8816874e-05,-0.0026545175,0.0025634265,-0.03235637,0.017176652,0.00063123147,-0.11314926,-0.03816998,-0.020113213,-0.0018545807,0.0,0.0,-0.11130983,-0.26184443,-0.003172952,-0.005869464,0.0,-5.9574144e-05,3.3630393e-05,-0.1657262,-0.05083283,-0.000169137,0.006047063,0.0003826445,-0.0007186803,0.0017612072,0.0,-0.15381522,0.0003384709,-0.00040820174,-0.0008451531,-0.045160506,-0.0035538897
1715,0.0050096945,0.0,0.00508062,-0.008888745,-0.0014581572,-0.0005764565,0.03167647,0.001239541,0.042080276,-0.0017007211,-0.0013338625,-3.711055e-05,0.0,0.0,0.0,0.00031905598,0.011975117,0.0050504073,0.0,-0.0011269004,-0.005806243,0.0006187412,-0.00027172227,0.21182297,0.04917798,0.0018509205,0.0004254509,0.008440861,0.020134209,-0.002030258,0.0016837742,0.00090940244,-0.00010926255,-0.0018290693,0.0066954717,-0.00023897382,0.25103575,0.06691149,0.05588764,-0.00057256105,0.0,0.0,0.19825944,0.5587177,-0.0035767227,0.019480899,0.0,0.0003896059,-5.609441e-05,0.10805445,-0.015482887,-5.143743e-05,-0.006089593,0.0011962887,-0.00090175366,-0.0016317632,0.0,0.051574387,-0.0020607328,-0.0006856936,0.005312374,0.0019784013,-0.0041969083
1716,0.0050096945,0.0,0.00508062,-0.008888745,-0.0014581572,-0.0005764565,0.03167647,0.001239541,0.042080276,-0.0017007211,-0.0013338625,-3.711055e-05,0.0,0.0,0.0,0.00031905598,0.011975117,0.0050504073,0.0,-0.0011269004,-0.005806243,0.0006187412,-0.00027172227,0.21182297,0.04917798,0.0018509205,0.0004254509,0.008440861,0.020134209,-0.002030258,0.0016837742,0.00090940244,-0.00010926255,-0.0018290693,0.0066954717,-0.00023897382,0.25103575,0.06691149,0.05588764,-0.00057256105,0.0,0.0,0.19825944,0.5587177,-0.0035767227,0.019480899,0.0,0.0003896059,-5.609441e-05,0.10805445,-0.015482887,-5.143743e-05,-0.006089593,0.0011962887,-0.00090175366,-0.0016317632,0.0,0.051574387,-0.0020607328,-0.0006856936,0.005312374,0.0019784013,-0.0041969083
1717,0.0050096945,0.0,0.00508062,-0.008888745,-0.0014581572,-0.0005764565,0.03167647,0.001239541,0.042080276,-0.0017007211,-0.0013338625,-3.711055e-05,0.0,0.0,0.0,0.00031905598,0.011975117,0.0050504073,0.0,-0.0011269004,-0.005806243,0.0006187412,-0.00027172227,0.21182297,0.049718823,0.0018509205,0.0004254509,0.008440861,0.020134209,-0.002030258,0.0016837742,0.00090940244,-0.00010926255,-0.0018290693,0.0066954717,-0.00023897382,0.25103575,0.06691149,0.05588764,-0.00057256105,0.0,0.0,0.19825944,0.5588863,-0.0035767227,0.019480899,0.0,0.0003896059,-5.609441e-05,0.10734507,-0.015482887,-5.143743e-05,-0.006089593,0.0011962887,-0.00090175366,-0.0016317632,0.0,0.051574387,-0.0020607328,-0.0006856936,0.005312374,0.0019784013,-0.0041969083
1718,0.0050096945,0.0,0.00508062,-0.008888745,-0.0014581572,-0.0005764565,0.03167647,0.001239541,0.042080276,-0.0017007211,-0.0013338625,-3.711055e-05,0.0,0.0,0.0,0.00031905598,0.011975117,0.0050504073,0.0,-0.0011269004,-0.005806243,0.0006187412,-0.00027172227,0.21182297,0.04917798,0.0018509205,0.0004254509,0.008440861,0.020134209,-0.002030258,0.0016837742,0.00090940244,-0.00010926255,-0.0018290693,0.0066954717,-0.00023897382,0.25103575,0.06691149,0.05588764,-0.00057256105,0.0,0.0,0.19825944,0.5587177,-0.0035767227,0.019480899,0.0,0.0003896059,-5.609441e-05,0.10805445,-0.015482887,-5.143743e-05,-0.006089593,0.0011962887,-0.00090175366,-0.0016317632,0.0,0.051574387,-0.0020607328,-0.0006856936,0.005312374,0.0019784013,-0.0041969083
1719,0.0050096945,0.0,0.00508062,-0.008888745,-0.0014581572,-0.0005764565,0.03167647,0.001239541,0.042080276,-0.0017007211,-0.0013338625,-3.711055e-05,0.0,0.0,0.0,0.00031905598,0.011975117,0.0050504073,0.0,-0.0011269004,-0.005806243,0.0005477939,-0.00027172227,0.21182297,0.04917798,0.0018509205,0.0004254509,0.008440861,0.020134209,-0.002030258,0.0016837742,0.00090940244,-0.00010926255,-0.0017935957,0.0066954717,-0.00023897382,0.25103575,0.06691149,0.05588764,-0.00057256105,0.0,0.0,0.19825944,0.5587532,-0.0035767227,0.019480899,0.0,0.0003896059,-5.609441e-05,0.10805445,-0.015482887,-5.143743e-05,-0.006089593,0.0011962887,-0.00090175366,-0.0016317632,0.0,0.051574387,-0.0020607328,-0.0006856936,0.005312374,0.0019784013,-0.0041969083
1720,0.0050096945,0.0,0.00508062,-0.008888745,-0.0014581572,-0.0005764565,0.03167647,0.001239541,0.042080276,-0.0017007211,-0.0013338625,-3.711055e-05,0.0,0.0,0.0,0.00031905598,0.011975117,0.0050504073,0.0,-0.0011269004,-0.005806243,0.0006187412,-0.00027172227,0.21182297,0.04917798,0.0018509205,0.0004254509,0.008440861,0.020134209,-0.002030258,0.0016837742,0.00090940244,-0.00010926255,-0.0018290693,0.0066954717,-0.00023897382,0.25103575,0.06691149,0.05588764,-0.00057256105,0.0,0.0,0.1881236,0.5587177,-0.0035767227,0.019480899,0.0,0.010181659,-5.609441e-05,0.10805445,-0.015139096,-5.143743e-05,-0.006089593,0.0011962887,-0.00090175366,-0.0016317632,0.0,0.051574387,-0.0020607328,-0.0006856936,0.005312374,0.0019784013,-0.0041969083
1721,0.0050096945,0.0,0.00508062,-0.008888745,-0.0014581572,-0.0005764565,0.03167647,0.001239541,0.042080276,-0.0017007211,-0.0013338625,-3.711055e-05,0.0,0.0,0.0,0.00031905598,0.011975117,0.0050504073,0.0,-0.0011269004,-0.005806243,0.0005477939,-0.00027172227,0.21182297,0.04917798,0.0018509205,0.0004254509,0.008440861,0.020134209,-0.002030258,0.0016837742,0.00090940244,-0.00010926255,-0.0017935957,0.0066954717,-0.00023897382,0.25103575,0.06691149,0.05588764,-0.00057256105,0.0,0.0,0.1881236,0.5587532,-0.0035767227,0.019480899,0.0,0.010181659,-5.609441e-05,0.10805445,-0.015139096,-5.143743e-05,-0.006089593,0.0011962887,-0.00090175366,-0.0016317632,0.0,0.051574387,-0.0020607328,-0.0006856936,0.005312374,0.0019784013,-0.0041969083
1722,0.0050096945,0.0,0.00508062,-0.008888745,-0.0014581572,-0.0005764565,0.03167647,0.001239541,0.042080276,-0.0017007211,-0.0013338625,-3.711055e-05,0.0,0.0,0.0,0.00031905598,0.011975117,0.0050504073,0.0,-0.0011269004,-0.005806243,0.0006187412,-0.00027172227,0.21182297,0.04917798,0.0018509205,0.0004254509,0.008440861,0.020134209,-0.002030258,0.0016837742,0.00090940244,-0.00010926255,-0.0018290693,0.0066954717,-0.00023897382,0.25103575,0.06691149,0.05588764,-0.00057256105,0.0,0.0,0.19825944,0.5587177,-0.0035767227,0.019480899,0.0,0.0003896059,-5.609441e-05,0.10805445,-0.015482887,-5.143743e-05,-0.006089593,0.0011962887,-0.00090175366,-0.0016317632,0.0,0.051574387,-0.0020607328,-0.0006856936,0.005312374,0.0019784013,-0.0041969083
1723,0.0050096945,0.0,0.00508062,-0.008888745,-0.0014581572,-0.0005764565,0.03167647,0.001239541,0.042080276,-0.0017007211,-0.0013338625,-3.711055e-05,0.0,0.0,0.0,0.00031905598,0.011975117,0.0050504073,0.0,-0.0011269004,-0.005806243,0.0006187412,-0.00027172227,0.21182297,0.04917798,0.0018509205,0.0004254509,0.0028177914,0.020134209,-0.002030258,0.0016837742,0.00090940244,-0.00010926255,-0.0018855652,0.0066954717,-0.00023897382,0.25103575,0.06691149,0.05588764,-0.00057256105,0.0,0.0,0.19804455,0.56358695,-0.0035767227,0.019480899,0.0,0.0003896059,-5.609441e-05,0.10805445,-0.015482887,-5.143743e-05,-0.006089593,0.0011962887,-0.00090175366,-0.0016317632,0.0,0.052599553,-0.0020607328,-0.0006856936,0.005312374,0.0019784013,-0.0041969083
1724,0.0050096945,0.0,0.00508062,-0.008888745,-0.0014581572,-0.0005764565,0.03167647,0.001239541,0.042080276,-0.0017007211,-0.0013338625,-3.711055e-05,0.0,0.0,0.0,0.00031905598,0.011975117,0.0050504073,0.0,-0.0011269004,-0.005806243,0.0006187412,-0.00027172227,0.21182297,0.04917798,0.0018509205,0.0004254509,0.008440861,0.020134209,-0.002030258,0.0016837742,0.00090940244,-0.00010926255,-0.0018290693,0.0066954717,-0.00023897382,0.25103575,0.06691149,0.05588764,-0.00057256105,0.0,0.0,0.19825944,0.5587177,-0.0035767227,0.019480899,0.0,0.0003896059,-5.609441e-05,0.10805445,-0.015482887,-5.143743e-05,-0.006089593,0.0011962887,-0.00090175366,-0.0016317632,0.0,0.051574387,-0.0020607328,-0.0006856936,0.005312374,0.0019784013,-0.0041969083
1725,0.0050096945,0.0,0.00508062,-0.008888745,-0.0014581572,-0.0005764565,0.03167647,0.001239541,0.042080276,-0.0017007211,-0.0013338625,-3.711055e-05,0.0,0.0,0.0,0.00031905598,0.011975117,0.0050504073,0.0,-0.0011269004,-0.005806243,0.0006187412,-0.00027172227,0.21182297,0.049718823,0.0018509205,0.0004254509,0.008440861,0.020134209,-0.002030258,0.0016837742,0.00090940244,-0.00010926255,-0.0018290693,0.0066954717,-0.00023897382,0.25103575,0.06691149,0.05588764,-0.00057256105,0.0,0.0,0.19825944,0.5588863,-0.0035767227,0.019480899,0.0,0.0003896059,-5.609441e-05,0.10734507,-0.015482887,-5.143743e-05,-0.006089593,0.0011962887,-0.00090175366,-0.0016317632,0.0,0.051574387,-0.0020607328,-0.0006856936,0.005312374,0.0019784013,-0.0041969083
1726,0.0050096945,0.0,0.00508062,-0.008888745,-0.0014581572,-0.0005764565,0.03167647,0.001239541,0.042080276,-0.0017007211,-0.0013338625,-3.711055e-05,0.0,0.0,0.0,0.00031905598,0.011975117,0.0050504073,0.0,-0.0011269004,-0.005806243,0.0005477939,-0.00027172227,0.21182297,0.04917798,0.0018509205,0.0004254509,0.008440861,0.020134209,-0.002030258,0.0016837742,0.00090940244,-0.00010926255,-0.0017935957,0.0066954717,-0.00023897382,0.25103575,0.06691149,0.05588764,-0.00057256105,0.0,0.0,0.19825944,0.5587532,-0.0035767227,0.019480899,0.0,0.0003896059,-5.609441e-05,0.10805445,-0.015482887,-5.143743e-05,-0.006089593,0.0011962887,-0.00090175366,-0.0016317632,0.0,0.051574387,-0.0020607328,-0.0006856936,0.005312374,0.0019784013,-0.0041969083
1727,0.0050096945,0.0,0.00508062,-0.008888745,-0.0014581572,-0.0005764565,0.03167647,0.001239541,0.042080276,-0.0017007211,-0.0013338625,-3.711055e-05,0.0,0.0,0.0,0.00031905598,0.011975117,0.0050504073,0.0,-0.0011269004,-0.005806243,0.0006187412,-0.00027172227,0.21182297,0.049718823,0.0018509205,0.0004254509,0.008440861,0.020134209,-0.002030258,0.0016837742,0.00090940244,-0.00010926255,-0.0018290693,0.0066954717,-0.00023897382,0.25103575,0.06691149,0.05588764,-0.00057256105,0.0,0.0,0.19825944,0.5588863,-0.0035767227,0.019480899,0.0,0.0003896059,-5.609441e-05,0.10734507,-0.015482887,-5.143743e-05,-0.006089593,0.0011962887,-0.00090175366,-0.0016317632,0.0,0.051574387,-0.0020607328,-0.0006856936,0.005312374,0.0019784013,-0.0041969083
1728,0.0050096945,0.0,0.00508062,-0.008888745,-0.0014581572,-0.0005764565,0.03167647,0.001239541,0.042080276,-0.0017007211,-0.0013338625,-3.711055e-05,0.0,0.0,0.0,0.00031905598,0.011975117,0.0050504073,0.0,-0.0011269004,-0.005806243,0.0006187412,-0.00027172227,0.21182297,0.04917798,0.0018509205,0.0004254509,0.008440861,0.020134209,-0.002030258,0.0016837742,0.00090940244,-0.00010926255,-0.0018290693,0.0066954717,-0.00023897382,0.25103575,0.06691149,0.05588764,-0.00057256105,0.0,0.0,0.1881236,0.5587177,-0.0035767227,0.019480899,0.0,0.010181659,-5.609441e-05,0.10805445,-0.015139096,-5.143743e-05,-0.006089593,0.0011962887,-0.00090175366,-0.0016317632,0.0,0.051574387,-0.0020607328,-0.0006856936,0.005312374,0.0019784013,-0.0041969083
1729,0.0050096945,0.0,0.00508062,-0.008888745,-0.0014581572,-0.0005764565,0.03167647,0.001239541,0.042080276,-0.0017007211,-0.0013338625,-3.711055e-05,0.0,0.0,0.0,0.00031905598,0.011975117,0.0050504073,0.0,-0.0011269004,-0.005806243,0.0006187412,-0.00027172227,0.21182297,0.04917798,0.0018509205,0.0004254509,0.008440861,0.020134209,-0.002030258,0.0016837742,0.00090940244,-0.00010926255,-0.0018290693,0.0066954717,-0.00023897382,0.25103575,0.06691149,0.05588764,-0.00057256105,0.0,0.0,0.1881236,0.5587177,-0.0035767227,0.019480899,0.0,0.010181659,-5.609441e-05,0.10805445,-0.015139096,-5.143743e-05,-0.006089593,0.0011962887,-0.00090175366,-0.0016317632,0.0,0.051574387,-0.0020607328,-0.0006856936,0.005312374,0.0019784013,-0.0041969083
1730,0.0050096945,0.0,0.00508062,-0.008888745,-0.0014581572,-0.0005764565,0.03167647,0.001239541,0.042080276,-0.0017007211,-0.0013338625,-3.711055e-05,0.0,0.0,0.0,0.00031905598,0.011975117,0.0050504073,0.0,-0.0011269004,-0.005806243,0.0006187412,-0.00027172227,0.21182297,0.04917798,0.0018509205,0.0004254509,0.008440861,0.020134209,-0.002030258,0.0016837742,0.00090940244,-0.00010926255,-0.0018290693,0.0066954717,-0.00023897382,0.25103575,0.06691149,0.05588764,-0.00057256105,0.0,0.0,0.1881236,0.5587177,-0.0035767227,0.019480899,0.0,0.010181659,-5.609441e-05,0.10805445,-0.015139096,-5.143743e-05,-0.006089593,0.0011962887,-0.00090175366,-0.0016317632,0.0,0.051574387,-0.0020607328,-0.0006856936,0.005312374,0.0019784013,-0.0041969083
1731,0.0050096945,0.0,0.00508062,-0.008888745,-0.0014581572,-0.0005764565,0.03167647,0.001239541,0.042080276,-0.0017007211,-0.0013338625,-3.711055e-05,0.0,0.0,0.0,0.00031905598,0.011975117,0.0050504073,0.0,-0.0011269004,-0.005806243,0.0006187412,-0.00027172227,0.21182297,0.049718823,0.0018509205,0.0004254509,0.008440861,0.020134209,-0.002030258,0.0016837742,0.00090940244,-0.00010926255,-0.0018290693,0.0066954717,-0.00023897382,0.25103575,0.06691149,0.05588764,-0.00057256105,0.0,0.0,0.19825944,0.5588863,-0.0035767227,0.019480899,0.0,0.0003896059,-5.609441e-05,0.10734507,-0.015482887,-5.143743e-05,-0.006089593,0.0011962887,-0.00090175366,-0.0016317632,0.0,0.051574387,-0.0020607328,-0.0006856936,0.005312374,0.0019784013,-0.0041969083
1732,0.0050096945,0.0,0.00508062,-0.008888745,-0.0014581572,-0.0005764565,0.03167647,0.001239541,0.042080276,-0.0017007211,-0.0013338625,-3.711055e-05,0.0,0.0,0.0,0.00031905598,0.011975117,0.0050504073,0.0,-0.0011269004,-0.005806243,0.0006187412,-0.00027172227,0.21182297,0.04917798,0.0018509205,0.0004254509,0.008440861,0.020134209,-0.002030258,0.0016837742,0.00090940244,-0.00010926255,-0.0018290693,0.0066954717,-0.00023897382,0.25103575,0.06691149,0.05588764,-0.00057256105,0.0,0.0,0.19825944,0.5587177,-0.0035767227,0.019480899,0.0,0.0003896059,-5.609441e-05,0.10805445,-0.015482887,-5.143743e-05,-0.006089593,0.0011962887,-0.00090175366,-0.0016317632,0.0,0.051574387,-0.0020607328,-0.0006856936,0.005312374,0.0019784013,-0.0041969083
1733,0.0050096945,0.0,0.00508062,-0.008888745,-0.0014581572,-0.0005764565,0.03167647,0.001239541,0.042080276,-0.0017007211,-0.0013338625,-3.711055e-05,0.0,0.0,0.0,0.00031905598,0.011975117,0.0050504073,0.0,-0.0011269004,-0.005806243,0.0006187412,-0.00027172227,0.21182297,0.04917798,0.0018509205,0.0004254509,0.008440861,0.020134209,-0.002030258,0.0016837742,0.00090940244,-0.00010926255,-0.0018290693,0.0066954717,-0.00023897382,0.25103575,0.06691149,0.05588764,-0.00057256105,0.0,0.0,0.19825944,0.5587177,-0.0035767227,0.019480899,0.0,0.0003896059,-5.609441e-05,0.10805445,-0.015482887,-5.143743e-05,-0.006089593,0.0011962887,-0.00090175366,-0.0016317632,0.0,0.051574387,-0.0020607328,-0.0006856936,0.005312374,0.0019784013,-0.0041969083
1734,0.0050096945,0.0,0.00508062,-0.008888745,-0.0014581572,-0.0005764565,0.03167647,0.001239541,0.042080276,-0.0017007211,-0.0013338625,-3.711055e-05,0.0,0.0,0.0,0.00031905598,0.011975117,0.0050504073,0.0,-0.0011269004,-0.005806243,0.0006187412,-0.00027172227,0.21182297,0.04917798,0.0018509205,0.0004254509,0.008440861,0.020134209,-0.002030258,0.0016837742,0.00090940244,-0.00010926255,-0.0018290693,0.0066954717,-0.00023897382,0.25103575,0.06691149,0.05588764,-0.00057256105,0.0,0.0,0.19825944,0.5587177,-0.0035767227,0.019480899,0.0,0.0003896059,-5.609441e-05,0.10805445,-0.015482887,-5.143743e-05,-0.006089593,0.0011962887,-0.00090175366,-0.0016317632,0.0,0.051574387,-0.0020607328,-0.0006856936,0.005312374,0.0019784013,-0.0041969083
1735,-0.0004924268,0.0,-0.00043736555,0.004231303,0.0011349958,-0.0024328914,0.005418365,-0.004943043,0.025733948,-0.00094848796,0.0001492801,-0.00011040977,0.0,0.0,0.0,-0.0029003767,0.008237085,-0.00010618098,0.0,-0.0012366981,0.0027645868,-0.00014776754,-0.0007265513,-0.1902135,0.010481231,0.0061644185,-0.00449361,0.01867286,-0.0058186366,0.00068117527,-2.8816874e-05,-2.3254252e-06,0.0025634265,-0.032096677,0.017176652,0.00063123147,-0.13338733,-0.035214383,-0.017119637,-0.0018545807,0.0,0.0,-0.115330584,-0.27953357,-0.003172952,-0.005869464,0.0,-5.9574144e-05,3.3630393e-05,-0.11976893,-0.04969494,-0.000169137,0.0053630853,0.0003826445,-0.0007186803,0.0017612072,0.0,-0.1507478,0.0003384709,-0.00040820174,-0.0008451531,-0.04966815,-0.0035538897
1736,-0.0004924268,0.0,-0.00043736555,0.004231303,0.0011349958,-0.0024328914,0.005418365,-0.004943043,0.025733948,-0.00094848796,0.0001492801,-0.00011040977,0.0,0.0,0.0,-0.0029003767,0.008237085,-0.00010618098,0.0,-0.0012366981,0.0027645868,-0.00014776754,-0.0007265513,-0.1902135,0.010481231,0.0061644185,-0.00449361,0.0007291363,-0.0058186366,0.00068117527,-2.8816874e-05,-2.3254252e-06,0.0025634265,-0.03235637,0.017176652,0.00063123147,-0.13338733,-0.035214383,-0.017119637,-0.0018545807,0.0,0.0,-0.11130983,-0.28384233,-0.003172952,-0.005869464,0.0,-5.9574144e-05,3.3630393e-05,-0.11976893,-0.04969494,-0.000169137,0.0053630853,0.0003826445,-0.0007186803,0.0017612072,0.0,-0.15246047,0.0003384709,-0.00040820174,-0.0008451531,-0.047180455,-0.0035538897
1737,-0.0004924268,0.0,-0.00043736555,0.004231303,0.0011349958,-0.0024328914,0.0053044157,-0.0051013334,0.025733948,-0.00094848796,0.0001492801,-0.00011040977,0.0,0.0,0.0,-0.0029003767,0.008237085,-0.00010618098,0.0,-0.0012366981,0.0027645868,-0.00014776754,0.005947278,-0.19179066,0.01265191,-0.0010697764,-0.00449361,0.01867286,-0.0058186366,0.00068117527,0.00082395785,-0.00015609548,0.0025634265,-0.03190968,0.017176652,0.00063123147,-0.13341603,-0.03816998,-0.020113213,-0.0018545807,0.0,0.0,-0.115330584,-0.26537848,-0.003172952,-0.005869464,0.0,-5.9574144e-05,3.3630393e-05,-0.13789137,-0.05083283,-0.000169137,0.0053630853,0.0003826445,-0.0007186803,0.0017612072,0.0,-0.1500777,0.0003384709,-0.00040820174,-0.0008451531,-0.05001033,-0.0035538897
1738,-0.0004924268,0.0,-0.00043736555,0.004231303,0.0011349958,-0.0024328914,0.0052075223,-0.004943043,0.025733948,-0.00094848796,0.0001492801,-0.00011040977,0.0,0.0,0.0,-0.0029003767,0.008237085,-0.00010618098,0.0,-0.0012366981,0.0027645868,0.0012648392,-0.0007265513,-0.19179066,0.010481231,-0.0016298512,-0.00449361,0.0007291363,-0.0067092148,0.00068117527,0.001439382,-0.00015609548,0.0025634265,-0.031878762,0.017176652,0.00063123147,-0.13474868,-0.035214383,-0.017119637,-0.0018545807,0.0,0.0,-0.10905864,-0.28681478,-0.003172952,-0.005869464,0.0,-5.9574144e-05,3.3630393e-05,-0.117367774,-0.04969494,-0.000169137,0.0053630853,0.0003826445,-0.0007186803,0.0017612072,0.0,-0.15416366,0.0003384709,-0.00040820174,-0.0021424298,-0.047338575,-0.0035538897
1739,-0.0006173031,0.0,-0.00043736555,0.004231303,0.0011349958,-0.0024328914,-0.059162337,-0.0052281036,0.0012946557,-0.00094848796,0.0001492801,-0.00011040977,0.0,0.0,0.0,-0.0029003767,0.000116347626,-0.00010618098,0.0,-0.0012366981,0.0027645868,-0.00014776754,0.005947278,-0.18354784,0.009817465,-0.0016298512,-0.00449361,0.0027953999,-0.0058186366,0.00068117527,0.001439382,-0.00034665375,0.0025634265,-0.030468814,0.00880548,0.00063123147,-0.11389277,-0.034265883,-0.020113213,-0.00095420436,0.0,0.0,-0.09754797,-0.25001284,-0.003172952,-0.0048646173,0.0,-5.9574144e-05,3.3630393e-05,-0.1558632,-0.03328081,-0.000169137,0.006047063,0.0003826445,-0.0007186803,0.0017612072,0.0,-0.14369889,0.0003384709,-0.00040820174,-0.0008451531,-0.046094652,-0.0006354258
1740,0.0050096945,0.0,0.00508062,-0.024650898,-0.0014581572,-0.0005764565,0.03167647,0.001239541,0.040208552,-0.0017007211,-0.0013338625,-3.711055e-05,0.0,0.0,0.0,0.00031905598,0.011975117,0.0050504073,0.0,-0.0011269004,-0.005806243,0.00028094708,-0.00027172227,0.20026158,0.049718823,0.0018509205,0.0004254509,0.008440861,0.020134209,-0.002030258,0.00076530856,0.0002844036,-0.00010926255,-0.0018290693,0.0066954717,-0.00023897382,0.22274163,0.058824755,0.05588764,-0.00057256105,0.0,0.0,0.19567178,0.53143406,-0.0035767227,0.019480899,0.0,0.0003896059,-5.609441e-05,-0.08387985,-0.015619758,-5.143743e-05,-0.032116354,-0.0023717568,-0.00090175366,-0.008249152,0.0,0.051574387,-0.0020607328,-0.0006856936,0.005312374,0.0019784013,-0.0041969083
1741,0.0050096945,0.0,0.00508062,-0.008888745,-0.0014581572,-0.0005764565,0.03167647,0.001239541,0.042080276,-0.0017007211,-0.0013338625,-3.711055e-05,0.0,0.0,0.0,0.00031905598,0.011975117,0.0050504073,0.0,-0.0011269004,-0.005806243,0.0006187412,-0.00027172227,0.21182297,0.049718823,0.0018509205,0.0004254509,0.008440861,0.020134209,-0.002030258,0.0016837742,0.00090940244,-0.00010926255,-0.0018290693,0.0066954717,-0.00023897382,0.25103575,0.06691149,0.05588764,-0.00057256105,0.0,0.0,0.1881236,0.5588863,-0.0035767227,0.019480899,0.0,0.010181659,-5.609441e-05,0.10734507,-0.015139096,-5.143743e-05,-0.006089593,0.0011962887,-0.00090175366,-0.0016317632,0.0,0.051574387,-0.0020607328,-0.0006856936,0.005312374,0.0019784013,-0.0041969083
1742,0.0050096945,0.0,0.00508062,-0.024650898,-0.0014581572,-0.0005764565,0.03167647,0.001239541,0.041732658,-0.0017007211,-0.0013338625,-3.711055e-05,0.0,0.0,0.0,0.00031905598,0.011975117,0.0038506181,0.0,-0.0011269004,-0.005806243,0.00028094708,-0.00027172227,0.19993724,0.049718823,0.0018509205,0.0004254509,0.008440861,0.020134209,-0.002030258,0.00076530856,0.0002844036,-0.00010926255,-0.0018290693,0.0066954717,-0.00023897382,0.22274163,0.058824755,0.05588764,-0.00057256105,0.0,0.0,0.19567178,0.53143406,-0.0035767227,0.019480899,0.0,0.0003896059,-5.609441e-05,-0.08387985,-0.015619758,-5.143743e-05,-0.032116354,-0.0023717568,-0.00090175366,-0.008249152,0.0,0.051574387,-0.0020607328,-0.0006856936,0.005312374,0.0019784013,-0.0041969083
1743,0.0050096945,0.0,0.00508062,-0.008888745,-0.0014581572,-0.0005764565,0.03167647,0.001239541,0.042080276,-0.0017007211,-0.0013338625,-3.711055e-05,0.0,0.0,0.0,0.00031905598,0.011975117,0.0050504073,0.0,-0.0011269004,-0.005806243,0.0006187412,-0.00027172227,0.21182297,0.04917798,0.0018509205,0.0004254509,0.008440861,0.020134209,-0.002030258,0.0014352177,0.00090940244,-0.00010926255,-0.0018290693,0.0066954717,-0.00023897382,0.25103575,0.06691149,0.05588764,-0.00057256105,0.0,0.0,0.1881236,0.55865186,-0.0035767227,0.019480899,0.0,0.010181659,-5.609441e-05,0.10805445,-0.015139096,-5.143743e-05,-0.006089593,0.0011962887,-0.00090175366,-0.0016317632,0.0,0.05188882,-0.0020607328,-0.0006856936,0.005312374,0.0019784013,-0.0041969083
1744,0.0050096945,0.0,0.00508062,-0.008888745,-0.0014581572,-0.0005764565,0.03167647,0.001239541,0.04360438,-0.0017007211,-0.0013338625,-3.711055e-05,0.0,0.0,0.0,0.00031905598,0.011975117,0.0038506181,0.0,-0.0011269004,-0.005806243,0.0006187412,-0.00027172227,0.21149863,0.049718823,0.0018509205,0.0004254509,0.008440861,0.020134209,-0.002030258,0.0016837742,0.00090940244,-0.00010926255,-0.0018290693,0.0066954717,-0.00023897382,0.25103575,0.06691149,0.05588764,-0.00057256105,0.0,0.0,0.20196436,0.5588863,-0.0035767227,0.019480899,0.0,0.0003896059,-5.609441e-05,0.10734507,-0.015619758,-5.143743e-05,-0.006089593,-0.0023717568,-0.00090175366,-0.0016317632,0.0,0.051574387,-0.0020607328,-0.0006856936,0.005312374,0.0019784013,-0.0041969083
1745,0.0050096945,0.0,0.00508062,-0.008888745,-0.0014581572,-0.0005764565,0.03167647,0.001239541,0.042080276,-0.0017007211,-0.0013338625,-3.711055e-05,0.0,0.0,0.0,0.00031905598,0.011975117,0.0050504073,0.0,-0.0011269004,-0.005806243,0.0006187412,-0.00027172227,0.21182297,0.04917798,0.0018509205,0.0004254509,0.008440861,0.020134209,-0.002030258,0.0016837742,0.00090940244,-0.00010926255,-0.0018290693,0.0066954717,-0.00023897382,0.25103575,0.06691149,0.05588764,-0.00057256105,0.0,0.0,0.19825944,0.5587177,-0.0035767227,0.019480899,0.0,0.0003896059,-5.609441e-05,0.10805445,-0.015482887,-5.143743e-05,-0.006089593,0.0011962887,-0.00090175366,-0.0016317632,0.0,0.051574387,-0.0020607328,-0.0006856936,0.005312374,0.0019784013,-0.0041969083
1746,0.0050096945,0.0,0.00508062,-0.008888745,-0.0014581572,-0.0005764565,0.03167647,0.001239541,0.042080276,-0.0017007211,-0.0013338625,-3.711055e-05,0.0,0.0,0.0,0.00031905598,0.011975117,0.0050504073,0.0,-0.0011269004,-0.005806243,0.0006187412,-0.00027172227,0.21182297,0.04917798,0.0018509205,0.0004254509,0.008440861,0.020134209,-0.002030258,0.0016837742,0.00090940244,-0.00010926255,-0.0018290693,0.0066954717,-0.00023897382,0.25103575,0.06691149,0.05588764,-0.00057256105,0.0,0.0,0.19825944,0.5587177,-0.0035767227,0.019480899,0.0,0.0003896059,-5.609441e-05,0.10805445,-0.015482887,-5.143743e-05,-0.006089593,0.0011962887,-0.00090175366,-0.0016317632,0.0,0.051574387,-0.0020607328,-0.0006856936,0.005312374,0.0019784013,-0.0041969083
1747,0.0050096945,0.0,0.00508062,-0.008888745,-0.0014581572,-0.0005764565,0.03167647,0.001239541,0.042080276,-0.0017007211,-0.0013338625,-3.711055e-05,0.0,0.0,0.0,0.00031905598,0.011975117,0.0050504073,0.0,-0.0011269004,-0.005806243,0.0006187412,-0.00027172227,0.21182297,0.04917798,0.0018509205,0.0004254509,0.008440861,0.020134209,-0.002030258,0.0016837742,0.00090940244,-0.00010926255,-0.0018290693,0.0066954717,-0.00023897382,0.25103575,0.06691149,0.05588764,-0.00057256105,0.0,0.0,0.19825944,0.5587177,-0.0035767227,0.019480899,0.0,0.0003896059,-5.609441e-05,0.10805445,-0.015482887,-5.143743e-05,-0.006089593,0.0011962887,-0.00090175366,-0.0016317632,0.0,0.051574387,-0.0020607328,-0.0006856936,0.005312374,0.0019784013,-0.0041969083
1748,0.0050096945,0.0,0.00508062,-0.008888745,-0.0014581572,-0.0005764565,0.03167647,0.001239541,0.033256114,0.0077877026,-0.0013338625,-3.711055e-05,0.0,0.0,0.0,0.00031905598,0.00884168,0.0050504073,0.0,-0.0011269004,-0.005806243,0.0005477939,-0.00027172227,0.21366341,0.049718823,0.0018509205,0.0004254509,0.008440861,0.020134209,-0.002030258,0.0016837742,0.00090940244,-0.00010926255,-0.0017935957,0.0066954717,-0.00023897382,0.25103575,0.06691149,0.05588764,-0.00057256105,0.0,0.0,0.19858533,0.5592246,-0.0035767227,0.019480899,0.0,0.0003896059,-5.609441e-05,0.10734507,-0.015482887,-5.143743e-05,-0.006089593,0.0011962887,-0.00090175366,-0.0016317632,0.0,0.051574387,-0.0020607328,-0.0006856936,0.005312374,0.0019784013,-0.0041969083
1749,0.0050096945,0.0,0.00508062,-0.008888745,-0.0014581572,-0.0005764565,0.03167647,0.001239541,0.042080276,-0.0017007211,-0.0013338625,-3.711055e-05,0.0,0.0,0.0,0.00031905598,0.011975117,0.0050504073,0.0,-0.0011269004,-0.005806243,0.0006187412,-0.00027172227,0.21182297,0.049718823,0.0018509205,0.0004254509,0.008440861,0.020134209,-0.002030258,0.0016837742,0.00090940244,-0.00010926255,-0.0018290693,0.0066954717,-0.00023897382,0.25103575,0.06691149,0.05588764,-0.00057256105,0.0,0.0,0.19825944,0.5588863,-0.0035767227,0.019480899,0.0,0.0003896059,-5.609441e-05,0.10734507,-0.015482887,-5.143743e-05,-0.006089593,0.0011962887,-0.00090175366,-0.0016317632,0.0,0.051574387,-0.0020607328,-0.0006856936,0.005312374,0.0019784013,-0.0041969083
1800,0.0003591064,0.0,0.0011307407,-0.006057779,-0.0015572418,-0.0023874808,-0.057361465,0.0018623496,-0.17310204,-0.010670769,-0.0055521447,-0.00011040977,0.0,0.0,0.0,5.8168927e-05,-0.04976082,0.00031911826,0.0,-0.0014254453,0.0083121415,-0.00014776754,-0.0007265513,0.16345133,0.010313129,-0.00026359133,0.0015546875,0.014354186,0.03372643,-0.0057107974,0.001439382,0.00017365097,-0.0003888607,0.04740399,0.012525845,0.0033276365,-0.07791537,0.0037156974,-0.022629611,-0.0008746208,0.0,0.0,-0.06325436,-0.15268478,-0.012199642,0.024232198,0.0,0.031952947,-0.000102375736,-0.20290801,-0.017487893,-0.00073358836,-0.0071879276,0.0021184068,-0.0029831724,0.0017612072,0.0,-0.1405065,0.0015618203,-0.0011807671,-0.00079342426,0.055132564,0.0024836925
1801,0.0038736707,0.0,0.0011307407,-0.044218022,-0.006727787,-0.0005764565,0.017742066,0.0009211898,-0.29961836,-0.014807757,-0.0013338625,-3.711055e-05,0.0,0.0,0.0,7.6855475e-05,-0.083010375,-0.0047243726,0.0,-0.0011269004,-0.019604433,-0.00067251903,-0.003698383,0.13877574,0.039038867,0.0018509205,0.0004254509,0.008440861,0.020134209,-0.0057107974,0.00042185365,-0.00027274343,-0.00010926255,-0.00060624245,0.0047966354,-0.00023897382,0.20939218,0.052952155,-0.014814049,-0.00038815362,0.0,0.0,0.14313178,0.2897957,-0.0036266383,0.0081426,0.0,0.014985032,-5.609441e-05,-0.22839455,-0.012558891,-5.143743e-05,-0.032116354,0.0023351966,-0.00090175366,-0.008249152,0.0,0.04177445,0.0016871544,-0.0010115153,-0.0005759197,0.016025227,0.0017601512
1802,0.0038736707,0.0,0.0011307407,-0.044218022,-0.006727787,-0.0005764565,0.015421975,0.0009211898,-0.29961836,-0.014807757,-0.0013338625,-3.711055e-05,0.0,0.0,0.0,7.6855475e-05,-0.083010375,-0.0047243726,0.0,-0.0011269004,-0.019604433,-0.00067251903,-0.003698383,0.14053778,0.03333518,-0.0002683327,0.0004254509,0.0028177914,0.020134209,0.0025939085,-0.00042957283,-0.00064060173,-0.00010926255,-0.00066273834,0.0047966354,-0.00023897382,0.17734788,0.056665152,-0.014814049,-0.00038815362,0.0,0.0,0.11016436,0.25136226,-0.0036266383,0.0081426,0.0,0.014985032,-5.609441e-05,-0.49530882,-0.012558891,-5.143743e-05,-0.032116354,0.0023351966,-0.00090175366,-0.008249152,0.0,0.042799614,0.0016871544,-0.0010115153,-0.0005759197,0.016210396,0.0017601512
1803,0.0038736707,0.0,0.0011307407,-0.044218022,-0.006727787,-0.0005764565,0.017742066,0.0009211898,-0.29961836,-0.014807757,-0.0013338625,-3.711055e-05,0.0,0.0,0.0,7.6855475e-05,-0.083010375,-0.0047243726,0.0,-0.0011269004,-0.019604433,-0.00067251903,-0.003698383,0.14032806,0.039038867,-0.0002683327,0.0004254509,-0.00063078577,0.020134209,-0.0057107974,0.0008461165,-0.00027274343,-0.00010926255,-0.00066273834,0.0047966354,-0.00023897382,0.20945558,0.052952155,-0.016946193,-0.00038815362,0.0,0.0,0.14291689,0.29846677,-0.0036266383,0.0081426,0.0,0.013136283,-5.609441e-05,-0.22896017,-0.013361446,-5.143743e-05,-0.032116354,0.0023351966,-0.00090175366,-0.008249152,0.0,0.043859597,0.0016871544,-0.0010115153,-0.0005759197,0.0010895745,0.0017601512
1804,0.0031293673,0.0,0.0011307407,-0.044218022,-0.006727787,-0.0005764565,-0.026707528,0.0009211898,-0.27572504,-0.014807757,-0.0013338625,-3.711055e-05,0.0,0.0,0.0,7.6855475e-05,-0.083010375,-0.0047243726,0.0,-0.0011269004,-0.0003163903,-0.00067251903,-0.003698383,0.14110704,0.030920986,-0.0002683327,0.0004254509,0.0028177914,0.020134209,-0.0057107974,0.0071077803,-0.00064060173,-0.00010926255,-0.0031628276,0.0047966354,-0.00023897382,0.14405496,0.049576275,-0.014814049,-0.00038815362,0.0,0.0,0.11108575,0.24783075,-0.0036266383,0.0081426,0.0,0.014985032,-5.609441e-05,-0.5859619,-0.012558891,-5.143743e-05,-0.032129746,0.0023351966,-0.00090175366,-0.008249152,0.0,0.041856986,0.0016871544,-0.0010115153,-0.0005759197,0.01754798,-0.0011461555
1805,0.0003591064,0.0,0.0011307407,-0.006057779,-0.0015572418,-0.0023874808,-0.0029216567,0.00040184276,-0.18158904,-0.010670769,0.0020317135,-0.00011040977,0.0,0.0,0.0,5.8168927e-05,-0.05318133,0.009915476,0.0,-0.0014254453,0.0083121415,-1.7201775e-05,-0.0007265513,0.1729361,0.010313129,-0.00026359133,0.0015546875,0.030231645,0.030218083,0.0025939085,-2.8816874e-05,0.00017365097,-0.0003888607,0.047508977,0.012525845,0.0033276365,-0.07883823,0.003527675,-0.019213062,-0.0008746208,0.0,0.0,-0.06961152,-0.15305352,-0.012199642,0.024232198,0.0,0.031952947,-0.000102375736,-0.21086189,-0.017487893,-0.00073358836,-0.0071879276,0.0021184068,-0.0029831724,0.0017612072,0.0,-0.15669414,0.0015618203,-0.0011807671,0.0005038524,0.05938485,0.0024836925
1806,0.0031293673,0.0,0.0011307407,-0.044218022,-0.006727787,-0.0005764565,0.015421975,0.0009211898,-0.29961836,-0.014807757,-0.0013338625,-3.711055e-05,0.0,0.0,0.0,7.6855475e-05,-0.083010375,-0.0047243726,0.0,-0.0011269004,-0.019604433,-0.00067251903,-0.003698383,0.14053778,0.030920986,-0.0002683327,0.0004254509,0.008440861,0.020134209,0.0025939085,-0.00042957283,-0.00064060173,-0.00010926255,-0.00060624245,0.0047966354,-0.00023897382,0.14582828,0.056665152,-0.014814049,-0.00038815362,0.0,0.0,0.110379234,0.23713848,-0.0036266383,0.0081426,0.0,0.014985032,-5.609441e-05,-0.5925225,-0.012558891,-5.143743e-05,-0.032129746,0.0023351966,-0.00090175366,-0.008249152,0.0,0.04177445,0.0016871544,-0.0010115153,-0.0005759197,0.019967267,0.0017601512
1807,0.0031293673,0.0,0.0011307407,-0.044218022,-0.006727787,-0.0005764565,0.015421975,0.0009211898,-0.29961836,-0.014807757,-0.0013338625,-3.711055e-05,0.0,0.0,0.0,7.6855475e-05,-0.083010375,-0.0047243726,0.0,-0.0011269004,0.010697728,-0.00067251903,-0.003698383,0.14317422,0.030433439,-0.0002683327,0.0004254509,0.008440861,0.020134209,0.0025939085,-0.00042957283,-0.00064060173,-0.00010926255,-0.00060624245,0.0047966354,-0.00023897382,0.14582828,0.056665152,-0.012965499,-0.00038815362,0.0,0.0,0.114193186,0.24263963,-0.0036266383,0.0081426,0.0,0.013136283,-5.609441e-05,-0.6107833,-0.013361446,-5.143743e-05,-0.032129746,0.0023351966,-0.00090175366,-0.008249152,0.0,0.04177445,0.0016871544,-0.0010115153,-0.0005759197,0.0057999305,0.0017601512
1808,0.0031293673,0.0,0.0011307407,-0.044218022,-0.006727787,-0.0005764565,0.002034342,0.0009211898,-0.29961836,-0.014807757,-0.0013338625,-3.711055e-05,0.0,0.0,0.0,7.6855475e-05,-0.083010375,-0.0047243726,0.0,-0.0011269004,0.010697728,-0.00067251903,-0.003698383,0.13659407,0.030433439,-0.0002683327,0.0004254509,0.008440861,0.020134209,0.0025939085,-0.00042957283,-0.00064060173,-0.00010926255,-0.00060624245,0.0047966354,-0.00023897382,0.15047897,0.056665152,-0.010833355,-0.00038815362,0.0,0.0,0.114193186,0.23828757,-0.0036266383,0.0081426,0.0,0.014985032,-5.609441e-05,-0.6257022,-0.015215362,-5.143743e-05,-0.032129746,0.0023351966,-0.00090175366,-0.008249152,0.0,0.041409574,0.0016871544,-0.0010115153,-0.0005759197,0.01754798,0.0017601512
1809,0.0031293673,0.0,0.0011307407,-0.044218022,-0.006727787,-0.0005764565,0.015421975,0.0009211898,-0.29961836,-0.014807757,-0.0013338625,-3.711055e-05,0.0,0.0,0.0,7.6855475e-05,-0.083010375,-0.0047243726,0.0,-0.0011269004,0.010697728,-0.00060157175,-0.003698383,0.14118,0.030433439,-0.0002683327,0.0004254509,0.0028177914,0.020134209,0.0025939085,-0.00042957283,-0.00064060173,-0.00010926255,-0.00069821195,0.0047966354,-0.00023897382,0.15047897,0.056665152,-0.012965499,-0.00038815362,0.0,0.0,0.11397831,0.24312136,-0.0036266383,0.0081426,0.0,0.013136283,-5.609441e-05,-0.6257022,-0.016017916,-5.143743e-05,-0.032129746,0.0023351966,-0.00090175366,-0.008249152,0.0,0.042799614,0.0016871544,-0.0010115153,-0.0005759197,0.0057999305,0.0017601512
1810,-0.0010752715,0.0,0.0022524595,-0.008743528,0.00045964296,-0.0005878034,0.00080467376,0.00040184276,-0.09762904,-0.0035073415,0.0001492801,-0.00011040977,0.0,0.0,0.0,5.8168927e-05,-0.027638761,7.780861e-05,0.0,0.0019207823,0.0027645868,-0.00014776754,-0.0007265513,-0.11481069,0.008785212,-0.0013676862,0.0015546875,0.024905648,0.037028532,0.0025939085,0.001439382,-2.3254252e-06,-0.0003888607,-0.022966456,0.012525845,-0.0014931285,-0.09558034,-0.014887341,-0.0133140255,-0.00095420436,0.0,0.0,-0.07492881,-0.1823812,-0.012199642,-0.003557119,0.0,0.0023688774,-0.000102375736,-0.18646243,-0.032213286,-0.000169137,0.0016555829,0.0021184068,-0.0029831724,0.0017612072,0.0,-0.14650874,0.0015618203,-0.00040820174,0.01613136,0.033366203,0.002964073
1811,0.0003591064,0.0,0.0016479281,-0.00739061,-0.0015572418,-0.0005878034,-7.543617e-05,0.00040184276,-0.14165708,-0.0077295452,0.0020317135,-0.00011040977,0.0,0.0,0.0,5.8168927e-05,-0.03677076,0.0040992876,0.0,-0.0036447921,0.0054325443,-0.00014776754,-0.0007265513,0.07511975,0.009636545,-0.00026359133,0.0015546875,0.009136885,0.03684313,0.0025939085,0.001439382,0.00017365097,-0.0003888607,-0.023703752,0.012525845,-0.0014931285,-0.09248507,0.00010037888,-0.015382391,-0.0008746208,0.0,0.0,-0.064265646,-0.18200083,-0.012199642,-0.006153207,0.0,0.004855427,-0.000102375736,-0.19072746,-0.02749477,-0.00073358836,0.0076243086,0.0021184068,-0.0029831724,0.0017612072,0.0,-0.16004077,0.0015618203,-0.00040820174,-0.00079342426,0.028741792,0.002964073
1812,0.0003591064,0.0,0.0011307407,-0.006021294,-0.0015572418,-0.0005878034,0.0042684353,0.00040184276,-0.18798473,-0.012931383,0.0020317135,-0.00011040977,0.0,0.0,0.0,5.8168927e-05,-0.04594023,0.0028323138,0.0,-0.0014254453,0.0083121415,-1.7201775e-05,-0.0007265513,0.16776891,0.010313129,-0.00026359133,0.0015546875,0.005474006,0.03372643,0.0025939085,-2.8816874e-05,0.00017365097,-0.0003888607,-0.019982245,0.012525845,-0.0024697937,-0.08469686,0.00010037888,-0.019213062,-0.0008746208,0.0,0.0,-0.06131408,-0.17465773,-0.012199642,-0.006153207,0.0,0.031952947,-0.000102375736,-0.21113767,-0.018704103,-0.00073358836,-0.0071879276,0.0021184068,-0.0029831724,0.0017612072,0.0,-0.17383939,0.0015618203,-0.0015734943,0.007812109,0.011472378,0.0034008818
1813,-0.0010752715,0.0,0.0022524595,-0.008743528,-0.0015572418,-0.0005878034,0.0010976844,0.00040184276,-0.09762904,-0.0035073415,0.0001492801,-0.00011040977,0.0,0.0,0.0,5.8168927e-05,-0.027366484,7.780861e-05,0.0,-0.0036447921,0.0027645868,-0.00014776754,-0.0007265513,-0.11987176,0.008785212,-0.0013676862,0.0015546875,0.025014345,-0.0024332006,0.0025939085,-2.8816874e-05,-2.3254252e-06,-0.0003888607,0.0023753038,0.012525845,-0.0014931285,-0.09590363,-0.0012886645,-0.0133140255,-0.00095420436,0.0,0.0,-0.07398883,-0.18487395,-0.012199642,-0.003557119,0.0,0.0023688774,-0.000102375736,-0.18904752,-0.032224294,-0.00073358836,-0.0018855379,0.0021184068,-0.0029831724,0.0017612072,0.0,-0.15730594,0.0015618203,-0.00040820174,-0.0015737796,0.05080908,0.002964073
1814,-0.0010752715,0.0,0.0022524595,-0.008743528,0.00045964296,-0.0005878034,0.0030573339,0.00040184276,-0.09762904,-0.0035073415,0.0001492801,-0.00011040977,0.0,0.0,0.0,5.8168927e-05,-0.027638761,7.780861e-05,0.0,0.0019207823,0.0027645868,0.0012648392,-0.0007265513,-0.1202657,0.008785212,-0.0013676862,0.0015546875,0.00014800939,0.037028532,0.0025939085,0.001439382,-2.3254252e-06,-0.0003888607,-0.023226148,0.012525845,-0.0014931285,-0.09598683,-0.01904378,-0.0133140255,-0.00095420436,0.0,0.0,-0.070908055,-0.19192336,-0.012199642,-0.003557119,0.0,0.0023688774,-0.000102375736,-0.18428496,-0.032213286,-0.000169137,0.004550391,0.0021184068,-0.0029831724,0.0017612072,0.0,-0.15059279,0.0015618203,-0.00040820174,-0.0015737796,0.034564324,0.002964073
1815,0.0031293673,0.0,0.0011307407,-0.044218022,-0.006727787,-0.0005764565,0.015534101,0.0009211898,-0.29961836,-0.014807757,-0.0013338625,-3.711055e-05,0.0,0.0,0.0,7.6855475e-05,-0.083010375,-0.0047243726,0.0,-0.0011269004,0.010697728,0.0062615187,-0.003698383,0.14767455,0.030920986,-0.0002683327,0.0004254509,0.0028177914,0.020134209,0.0025939085,0.0071077803,-0.00064060173,-0.00010926255,-0.00066273834,0.0047966354,-0.00023897382,0.15218762,0.056665152,-0.010833355,-0.00038815362,0.0,0.0,0.1240581,0.25237685,-0.0036266383,0.0081426,0.0,0.0051929792,-5.609441e-05,-0.5803007,-0.01529283,-5.143743e-05,-0.032129746,0.0023351966,-0.00090175366,-0.008249152,0.0,0.042455837,0.0016871544,-0.0010115153,-0.0005759197,0.019967267,0.0017601512
1816,0.0003591064,0.0,0.0016479281,-0.00739061,0.00045964296,-0.0023874808,-0.015735168,0.0018623496,-0.13768187,-0.0077295452,0.0020317135,-0.00011040977,0.0,0.0,0.0,5.8168927e-05,-0.03511923,0.0040992876,0.0,-0.0036447921,0.0054325443,-0.00014776754,-0.0007265513,0.082526445,0.009636545,-0.00026359133,0.0015546875,0.00014800939,0.03333478,0.0025939085,0.001439382,0.00017365097,-0.0003888607,0.049927667,0.012525845,0.0033276365,-0.08411608,-0.013691125,-0.019188002,-0.0008746208,0.0,0.0,-0.080711536,-0.16422707,-0.012199642,-0.006153207,0.0,0.0030066771,-0.000102375736,-0.18740919,-0.028679531,-0.000169137,0.010519118,0.0003826445,-0.0029831724,0.0017612072,0.0,-0.14431725,0.0015618203,-0.0015734943,-0.00079342426,0.054083813,0.0024836925
1817,0.0031293673,0.0,0.0011307407,-0.044218022,-0.006727787,-0.0005764565,0.015421975,0.0009211898,-0.29961836,-0.014807757,-0.0013338625,-3.711055e-05,0.0,0.0,0.0,7.6855475e-05,-0.083010375,0.0048719845,0.0,-0.0011269004,0.010697728,-0.00067251903,-0.003698383,0.14470623,0.030433439,-0.0002683327,0.0004254509,0.0028177914,0.020134209,-0.0057107974,-0.00042957283,-0.00064060173,-0.00010926255,-0.00066273834,0.0047966354,-0.00023897382,0.15047897,0.052952155,-0.0074168053,-0.00038815362,0.0,0.0,0.11397831,0.24618801,-0.0036266383,0.0081426,0.0,0.014985032,-5.609441e-05,-0.6107833,-0.01494904,-5.143743e-05,-0.032129746,0.0023351966,-0.00090175366,-0.008249152,0.0,0.042455837,0.0016871544,-0.0010115153,-0.0005759197,0.019967267,0.0017601512
1818,0.0031293673,0.0,0.0011307407,-0.044218022,0.0035988744,-0.0005764565,-0.026707528,0.0009211898,-0.27572504,-0.014807757,-0.0013338625,-3.711055e-05,0.0,0.0,0.0,7.6855475e-05,-0.083010375,-0.0047243726,0.0,-0.0011269004,0.010697728,-0.00067251903,-0.003698383,0.13659407,0.030433439,-0.0002683327,0.0004254509,0.008440861,0.020134209,0.0025939085,0.0071077803,-0.00064060173,-0.00010926255,-0.0031063317,0.0047966354,-0.00023897382,0.14870566,0.05328928,-0.010833355,-0.00038815362,0.0,0.0,0.111300625,0.24731162,-0.0036266383,0.0081426,0.0,0.014985032,-5.609441e-05,-0.6191416,-0.01494904,-5.143743e-05,-0.032129746,0.0023351966,-0.00090175366,-0.008249152,0.0,0.040488046,0.0016871544,-0.0010115153,-0.0005759197,0.01754798,-0.0011461555
1819,6.269281e-05,0.0,0.0011307407,-0.0073186993,0.00045964296,-0.0024328914,-0.046816718,0.0018623496,-0.1639105,-0.010811706,0.0020317135,-0.00011040977,0.0,0.0,0.0,5.8168927e-05,-0.050033096,0.009915476,0.0,-0.00094085064,0.0083121415,-0.00014776754,-0.0007265513,0.16050951,0.010313129,-0.0010858311,0.0015546875,0.02389016,0.08037038,0.0025939085,-2.8816874e-05,0.00017365097,-8.170852e-05,-0.01506419,0.012525845,0.00063123147,-0.08396868,-0.00853025,-0.019213062,-0.0008746208,0.0,0.0,-0.06820741,-0.1758459,-0.003172952,0.024232198,0.0,0.031952947,-0.000102375736,-0.2042948,-0.027399907,-0.000169137,-0.0071879276,0.0021184068,-0.0007186803,0.0017612072,0.0,-0.14550795,0.0003384709,-0.0011807671,-0.0013620744,-0.030560834,0.0024836925
1820,0.0045073745,0.0,0.0011307407,-0.042461608,-0.006727787,-0.0005764565,0.018805675,0.0009211898,-0.29961836,-0.014807757,-0.0013338625,-3.711055e-05,0.0,0.0,0.0,7.6855475e-05,-0.083010375,-0.0047243726,0.0,-0.0011269004,-0.019604433,0.00010061709,-0.00027172227,0.14053778,0.04370906,-0.0002683327,0.0004254509,0.00021947213,0.020134209,0.0025939085,0.0008461165,0.0002844036,-0.00010926255,-0.00066273834,0.0047966354,-0.00023897382,0.20945558,0.06332873,-0.009666816,-0.00038815362,0.0,0.0,0.15085113,0.3473291,-0.0036266383,0.0081426,0.0,0.013136283,-5.609441e-05,-0.057359163,-0.013361446,-5.143743e-05,-0.032116354,0.0023351966,-0.00090175366,-0.008249152,0.0,0.042799614,0.0016871544,-0.0010115153,-0.0005759197,0.0010895745,0.0017601512
1821,0.0038736707,0.0,0.0011307407,-0.044218022,-0.006727787,-0.0005764565,0.01691617,0.0009211898,-0.29961836,-0.014807757,-0.0013338625,-3.711055e-05,0.0,0.0,0.0,7.6855475e-05,-0.083010375,-0.0047243726,0.0,-0.0011269004,-0.019604433,0.0062615187,-0.003698383,0.14053778,0.039550096,-0.0002683327,0.0004254509,0.00021947213,0.020134209,-0.0057107974,0.00042185365,-0.00027274343,-0.00010926255,-0.00066273834,0.0047966354,-0.00023897382,0.20939218,0.05269654,-0.016946193,-0.00038815362,0.0,0.0,0.13270682,0.30147225,-0.0036266383,0.0081426,0.0,0.013136283,-5.609441e-05,-0.24561581,-0.01361706,-5.143743e-05,-0.032116354,0.0023351966,-0.00090175366,-0.008249152,0.0,0.042799614,0.0016871544,-0.0010115153,-0.0005759197,0.0010895745,0.0017601512
1822,0.0038736707,0.0,0.0011307407,-0.044218022,-0.006727787,-0.0005764565,0.01691617,0.0009211898,-0.29961836,-0.014807757,-0.0013338625,-3.711055e-05,0.0,0.0,0.0,7.6855475e-05,-0.083010375,-0.0047243726,0.0,-0.0011269004,0.010697728,0.0062615187,-0.003698383,0.14966877,0.03824539,-0.0002683327,0.0004254509,0.0028177914,0.020134209,0.0025939085,0.0008461165,-0.00064060173,-0.00010926255,-0.00066273834,0.0047966354,-0.00023897382,0.19912718,0.056665152,-0.010833355,-0.00038815362,0.0,0.0,0.13652076,0.3048847,-0.0036266383,0.0081426,0.0,0.014985032,-5.609441e-05,-0.26993603,-0.012558891,-5.143743e-05,-0.032116354,0.0023351966,-0.00090175366,-0.008249152,0.0,0.042799614,0.0016871544,-0.0010115153,-0.0005759197,0.016210396,0.0017601512
1823,0.0038736707,0.0,0.0011307407,-0.044218022,-0.006727787,-0.0005764565,0.01691617,0.0009211898,-0.29961836,-0.014807757,-0.0013338625,-3.711055e-05,0.0,0.0,0.0,7.6855475e-05,-0.083010375,-0.0047243726,0.0,-0.0011269004,0.010697728,-0.00067251903,-0.003698383,0.14966877,0.039038867,-0.0002683327,0.0004254509,0.008440861,0.020134209,0.0025939085,0.00042185365,-0.00027274343,-0.00010926255,-0.00060624245,0.0047966354,-0.00023897382,0.20939218,0.056665152,-0.010833355,-0.00038815362,0.0,0.0,0.13673565,0.2968803,-0.0036266383,0.0081426,0.0,0.014985032,-5.609441e-05,-0.2513331,-0.012558891,-5.143743e-05,-0.032116354,0.0023351966,-0.00090175366,-0.008249152,0.0,0.04177445,0.0016871544,-0.0010115153,-0.0005759197,0.016210396,0.0017601512
1824,0.0045073745,0.0,0.0011307407,-0.042461608,-0.006727787,-0.0005764565,0.0189178,0.0009211898,-0.29961836,-0.014807757,-0.0013338625,-3.711055e-05,0.0,0.0,0.0,7.6855475e-05,-0.083010375,-0.0047243726,0.0,-0.0011269004,-0.019604433,0.0006308956,-0.00027172227,0.14053778,0.04370906,-0.0002683327,0.0004254509,0.0028177914,0.020134209,-0.0057107974,0.0008461165,0.0002844036,-0.00010926255,-0.00066273834,0.0047966354,-0.00023897382,0.20945558,0.05961573,-0.0075346716,-0.00038815362,0.0,0.0,0.15079506,0.34253523,-0.0036266383,0.0081426,0.0,0.014985032,-5.609441e-05,-0.05810169,-0.012558891,-5.143743e-05,-0.032116354,0.0023351966,-0.00090175366,-0.008249152,0.0,0.042799614,0.0016871544,-0.0010115153,-0.0005759197,0.016210396,0.0017601512
1825,0.0003591064,0.0,0.0011307407,-0.00639247,0.00045964296,-0.0023874808,0.006646132,0.00040184276,-0.15472598,-0.00917909,0.0020317135,-0.00011040977,0.0,0.0,0.0,5.8168927e-05,-0.049388684,0.0028323138,0.0,-0.0036447921,0.0054325443,-0.00014776754,-0.0007265513,0.1304298,0.01015937,-0.00026359133,0.0015546875,0.030122949,0.031866174,0.0025939085,-2.8816874e-05,0.00017365097,-0.0003888607,0.046153553,0.012525845,0.0033276365,-0.080714986,-0.009662544,-0.017514536,-0.0008746208,0.0,0.0,-0.07022656,-0.15412547,-0.012199642,0.024232198,0.0,0.0030066771,-0.000102375736,-0.2110521,-0.019400097,-0.000169137,-0.0071879276,0.0021184068,-0.0029831724,0.0017612072,0.0,-0.15301077,0.0015618203,-0.0011807671,0.007812109,0.052165855,0.002964073
1826,0.0031293673,0.0,0.0011307407,-0.044218022,0.0035988744,-0.0005764565,0.015421975,0.0009211898,-0.29961836,-0.014807757,-0.0013338625,-3.711055e-05,0.0,0.0,0.0,7.6855475e-05,-0.083010375,0.0048719845,0.0,-0.0011269004,0.010697728,-0.00067251903,-0.003698383,0.14296423,0.02994405,-0.0002683327,0.0004254509,0.009744978,0.020134209,0.0025939085,-0.00042957283,-0.00064060173,-0.00010926255,-0.00066273834,0.0047966354,-0.00023897382,0.15047897,0.056665152,-0.0074168053,-0.00038815362,0.0,0.0,0.114193186,0.25038323,-0.0036266383,0.0081426,0.0,0.014985032,-5.609441e-05,-0.6257022,-0.015215362,-5.143743e-05,-0.032129746,0.0023351966,-0.00090175366,-0.008249152,0.0,0.035351984,0.0016871544,-0.0010115153,-0.0005759197,0.019967267,0.0017601512
1827,0.0031293673,0.0,0.0011307407,-0.044218022,0.0035988744,-0.0005764565,0.015421975,0.0009211898,-0.29961836,-0.014807757,-0.0013338625,-3.711055e-05,0.0,0.0,0.0,7.6855475e-05,-0.083010375,0.0048719845,0.0,-0.0011269004,0.010697728,-0.00067251903,-0.003698383,0.14470623,0.030433439,-0.0002683327,0.0004254509,0.008440861,0.020134209,0.0025939085,-0.00042957283,-0.00064060173,-0.00010926255,-0.00060624245,0.0047966354,-0.00023897382,0.15047897,0.056665152,-0.0074168053,-0.00038815362,0.0,0.0,0.114193186,0.24986601,-0.0036266383,0.0081426,0.0,0.014985032,-5.609441e-05,-0.6107833,-0.015215362,-5.143743e-05,-0.032129746,0.0023351966,-0.00090175366,-0.008249152,0.0,0.04177445,0.0016871544,-0.0010115153,-0.0005759197,0.019967267,0.0017601512
1828,0.0031293673,0.0,0.0011307407,-0.044218022,-0.006727787,-0.0005764565,0.015534101,0.0009211898,-0.29961836,-0.014807757,-0.0013338625,-3.711055e-05,0.0,0.0,0.0,7.6855475e-05,-0.083010375,0.0048719845,0.0,-0.0011269004,0.010697728,-0.00067251903,-0.003698383,0.14011501,0.030433439,-0.0002683327,0.0004254509,0.00021947213,0.020134209,0.0025939085,-0.00042957283,-0.00064060173,-0.00010926255,-0.00066273834,0.0047966354,-0.00023897382,0.15047897,0.056665152,-0.0074168053,-0.00038815362,0.0,0.0,0.1240581,0.2510607,-0.0036266383,0.0081426,0.0,0.0051929792,-5.609441e-05,-0.6108149,-0.015559151,-5.143743e-05,-0.032129746,0.0023351966,-0.00090175366,-0.008249152,0.0,0.042917185,0.0016871544,-0.0010115153,0.0038732663,0.019013783,0.0017601512
1829,0.0038736707,0.0,0.0011307407,-0.044218022,-0.006727787,-0.0005764565,0.015534101,0.0009211898,-0.29961836,-0.014807757,-0.0013338625,-3.711055e-05,0.0,0.0,0.0,7.6855475e-05,-0.083010375,-0.0047243726,0.0,-0.0011269004,-0.0003163903,0.0062615187,-0.003698383,0.13889782,0.03333518,-0.0002683327,0.0004254509,-0.00063078577,0.020134209,-0.0057107974,0.0071077803,-0.00064060173,-0.00010926255,-0.0032050512,0.0047966354,-0.00023897382,0.18318643,0.052952155,-0.016946193,-0.00038815362,0.0,0.0,0.11392225,0.26214507,-0.0036266383,0.0081426,0.0,0.013136283,-5.609441e-05,-0.48306257,-0.015751593,-5.143743e-05,-0.032116354,0.0023351966,-0.00090175366,-0.008249152,0.0,0.04363339,-0.0054432973,-0.0010115153,0.0060573947,-2.4905894e-06,0.0017601512
1830,0.0003591064,0.0,0.0016479281,-0.00739061,-0.0015572418,-0.0005878034,0.0040510823,0.00040184276,-0.1558066,-0.0077295452,0.0020317135,-0.00011040977,0.0,0.0,0.0,5.8168927e-05,-0.03677076,0.0040992876,0.0,-0.0036447921,0.0054325443,0.0012648392,-0.0007265513,0.07604701,0.009636545,-0.00082366617,0.0015546875,0.0002567058,0.03684313,0.0025939085,0.001439382,0.00017365097,-0.0003888607,-0.023226148,0.012525845,-0.0014931285,-0.09248507,0.00010037888,-0.015382391,-0.0008746208,0.0,0.0,-0.06876982,-0.18728362,-0.012199642,-0.006153207,0.0,0.004855427,-0.000102375736,-0.18968894,-0.028288824,-0.00073358836,0.0076243086,0.0021184068,-0.0029831724,0.0017612072,0.0,-0.168937,0.0015618203,-0.00040820174,-0.00079342426,0.02701892,0.002964073
1831,-0.0010752715,0.0,0.0022524595,-0.008743528,-0.0015572418,-0.0005878034,0.0033503445,0.00040184276,-0.09762904,-0.0035073415,0.0001492801,-0.00011040977,0.0,0.0,0.0,5.8168927e-05,-0.027366484,7.780861e-05,0.0,-0.0036447921,0.0027645868,-0.00014776754,-0.0007265513,-0.12230702,0.008785212,-0.0013676862,0.0015546875,0.009136885,0.040536877,0.0025939085,0.001439382,-2.3254252e-06,-0.0003888607,-0.023226148,0.012525845,-0.0014931285,-0.09598683,0.00010037888,-0.0133140255,-0.00095420436,0.0,0.0,-0.06946696,-0.18674219,-0.012199642,-0.003557119,0.0,0.0023688774,-0.000102375736,-0.18637045,-0.031920735,-0.00073358836,0.0016555829,0.0021184068,-0.0029831724,0.0017612072,0.0,-0.16081251,0.0015618203,-0.00040820174,-0.0015737796,0.031547185,0.002964073
1832,-0.0013716852,0.0,0.0022524595,-0.008405641,0.00045964296,-0.0024328914,-0.045768216,0.0018623496,-0.073641166,-0.0035073415,0.0001492801,-0.00011040977,0.0,0.0,0.0,5.8168927e-05,-0.024218252,7.780861e-05,0.0,-0.0012366981,0.0027645868,-0.00014776754,-0.0007265513,-0.122803934,0.008785212,-0.0010697764,-0.00449361,0.01867286,0.07806427,0.00068117527,0.001439382,-2.3254252e-06,-8.170852e-05,-0.018330652,0.00880548,0.00063123147,-0.09521819,-0.027842253,-0.017119637,-0.00095420436,0.0,0.0,-0.08285058,-0.19379105,-0.003172952,-0.003557119,0.0,0.0005201276,-0.000102375736,-0.17739393,-0.032183193,-0.000169137,0.007346302,0.0003826445,-0.0007186803,0.0017612072,0.0,-0.14011851,0.0003384709,-0.00040820174,-0.0021424298,-0.038203083,0.0024836925
1833,-0.0010752715,0.0,0.0022524595,-0.008743528,-0.0015572418,-0.0005878034,0.0033503445,0.00040184276,-0.09762904,-0.0035073415,0.0001492801,-0.00011040977,0.0,0.0,0.0,5.8168927e-05,-0.027366484,7.780861e-05,0.0,-0.0036447921,0.0027645868,-0.00014776754,-0.0007265513,-0.11895698,0.008785212,-0.0013676862,0.0015546875,-0.0017385783,0.040536877,0.0025939085,0.001439382,-2.3254252e-06,-0.0003888607,-0.023226148,0.012525845,-0.0014931285,-0.09598683,0.00010037888,-0.0133140255,-0.00095420436,0.0,0.0,-0.06946696,-0.18947224,-0.012199642,-0.003557119,0.0,0.0023688774,-0.000102375736,-0.18637045,-0.031920735,-0.00073358836,0.0016555829,0.0021184068,-0.0029831724,0.0017612072,0.0,-0.16216727,0.0015618203,-0.00040820174,-0.0015737796,0.02722096,0.002964073
1834,-0.0010752715,0.0,0.0022524595,-0.007144718,0.00045964296,-0.0005878034,-0.048514195,0.0018623496,-0.07754979,-0.0035073415,0.0001492801,-0.00011040977,0.0,0.0,0.0,5.8168927e-05,-0.018941637,7.780861e-05,0.0,0.0019207823,0.0027645868,-0.00014776754,-0.0007265513,-0.10215677,-0.15361896,-0.0008076114,-0.00449361,0.009028189,0.030578919,0.00068117527,0.001439382,-2.3254252e-06,-0.0003888607,-0.018313063,0.00880548,0.0033276365,-0.075018734,-0.025245689,-0.015393252,-0.00095420436,0.0,0.0,-0.06836188,-0.15445933,-0.012199642,-0.003557119,0.0,0.0005201276,-0.000102375736,-0.14185973,-0.03297725,-0.000169137,0.006047063,0.0003826445,-0.0029831724,0.0017612072,0.0,-0.111031234,0.0015618203,-0.00040820174,-0.0015737796,0.03201833,0.0024836925
1835,-0.0010752715,0.0,0.0022524595,-0.008743528,0.00045964296,-0.0023874808,-0.047045447,0.0018623496,-0.06340026,-0.0035073415,0.0001492801,-0.00011040977,0.0,0.0,0.0,5.8168927e-05,-0.018941637,7.780861e-05,0.0,-0.0036447921,0.0027645868,-0.00014776754,-0.0007265513,-0.10403924,-0.15361896,-0.0013676862,0.0015546875,0.024905648,0.037028532,0.00068117527,0.001439382,-2.3254252e-06,-0.0003888607,0.05066496,0.012525845,0.0033276365,-0.06769731,-0.02291252,-0.015393252,-0.00095420436,0.0,0.0,-0.06787846,-0.1300403,-0.012199642,-0.003557119,0.0,0.0005201276,-0.000102375736,-0.14365713,-0.032995135,-0.000169137,0.004550391,0.0003826445,-0.0029831724,0.0017612072,0.0,-0.109318554,0.0015618203,-0.0015734943,-0.0015737796,0.052604947,0.0024836925
1836,0.0003591064,0.0,0.0011307407,-0.006057779,-0.0015572418,-0.0005878034,-0.011764409,0.00040184276,-0.17431794,-0.010811706,0.0020317135,-0.00011040977,0.0,0.0,0.0,5.8168927e-05,-0.04594023,0.0028323138,0.0,-0.0014254453,0.0083121415,-0.00014776754,-0.0007265513,0.1627454,0.010313129,-0.00082366617,0.0015546875,0.014354186,0.030218083,0.0025939085,0.001439382,0.00017365097,-0.0003888607,-0.019768147,0.012525845,-0.0014931285,-0.08733532,-0.0016971219,-0.017080918,-0.0008746208,0.0,0.0,-0.068159886,-0.1822041,-0.012199642,-0.006153207,0.0,0.004855427,-0.000102375736,-0.20999,-0.031213282,-0.00073358836,-0.0071879276,0.0021184068,-0.0029831724,0.0017612072,0.0,-0.15940337,0.0015618203,-0.0015734943,-0.00079342426,0.037255805,0.0024836925
1837,-0.0010752715,0.0,0.0022524595,-0.008743528,0.00045964296,-0.0023874808,0.0020042723,0.00040184276,-0.09762904,-0.0035073415,0.0001492801,-0.00011040977,0.0,0.0,0.0,5.8168927e-05,-0.027638761,7.780861e-05,0.0,-0.0036447921,0.0027645868,-0.00014776754,-0.0007265513,-0.12207636,0.008785212,-0.0008076114,0.0015546875,0.009028189,0.037028532,0.00068117527,0.001439382,-2.3254252e-06,-0.0003888607,0.04851771,0.012525845,0.0033276365,-0.092185296,-0.028974548,-0.017119637,-0.00095420436,0.0,0.0,-0.08217168,-0.17205034,-0.012199642,-0.003557119,0.0,0.0005201276,-0.000102375736,-0.18532348,-0.03294763,-0.000169137,0.004550391,0.0003826445,-0.0029831724,0.0017612072,0.0,-0.14814618,0.0015618203,-0.0015734943,-0.0015737796,0.05242088,0.002964073
1838,0.0003591064,0.0,0.0011307407,-0.006057779,-0.0015572418,-0.0005878034,0.0042684353,0.00040184276,-0.17017676,-0.010811706,0.0020317135,-0.00011040977,0.0,0.0,0.0,5.8168927e-05,-0.04594023,0.0028323138,0.0,-0.0014254453,0.0083121415,-0.00014776754,-0.0007265513,0.14823194,0.01015937,-0.00026359133,0.0015546875,0.014354186,0.03372643,0.0025939085,-2.8816874e-05,0.00017365097,-0.0003888607,-0.01992771,0.012525845,-0.0014931285,-0.08785072,0.00010037888,-0.017080918,-0.0008746208,0.0,0.0,-0.06876982,-0.1803694,-0.012199642,-0.006153207,0.0,0.004855427,-0.000102375736,-0.21113767,-0.03138891,-0.00073358836,-0.0071879276,0.0021184068,-0.0029831724,0.0017612072,0.0,-0.17383939,0.0015618203,-0.0015734943,0.007812109,0.030202243,0.002964073
1839,-0.0007153209,0.0,0.0022524595,-0.008405641,0.00045964296,-0.0024328914,-0.045768216,0.0018623496,-0.084359355,-0.0035073415,0.0001492801,-0.00011040977,0.0,0.0,0.0,5.8168927e-05,-0.022375347,7.780861e-05,0.0,-0.00013550714,0.0027645868,-0.0048582875,-0.0007265513,-0.12164828,-0.12501244,-0.0016298512,-0.00449361,0.01867286,-0.0067092148,0.00068117527,0.00082395785,-2.3254252e-06,-8.170852e-05,-0.029116582,0.00880548,0.00063123147,-0.0815629,-0.028750237,-0.015393252,-0.00095420436,0.0,0.0,-0.07716822,-0.17621863,-0.003172952,-0.003557119,0.0,0.0005201276,-0.000102375736,-0.14554775,-0.03409275,-0.000169137,0.006047063,0.0003826445,-0.0007186803,0.0017612072,0.0,-0.1076519,0.0003384709,-0.0015734943,-0.0008451531,-0.04459462,0.0024836925
1840,-0.0010752715,0.0,0.0022524595,-0.008743528,0.00045964296,-0.0023874808,0.0023996069,0.00040184276,-0.083479516,-0.0035073415,0.0001492801,-0.00011040977,0.0,0.0,0.0,5.8168927e-05,-0.027638761,7.780861e-05,0.0,-0.0036447921,0.0027645868,0.0012648392,-0.0007265513,-0.11930831,0.008785212,-0.0008076114,0.0015546875,0.00014800939,0.037028532,0.00068117527,0.001439382,-2.3254252e-06,-0.0003888607,0.04851771,0.012525845,0.0033276365,-0.092185296,-0.028974548,-0.017119637,-0.00095420436,0.0,0.0,-0.077667505,-0.17573728,-0.012199642,-0.003557119,0.0,0.0005201276,-0.000102375736,-0.18428496,-0.032995135,-0.000169137,0.004550391,0.0003826445,-0.0029831724,0.0017612072,0.0,-0.15059279,0.0015618203,-0.0015734943,-0.0015737796,0.046725176,0.002964073
1841,0.0003591064,0.0,0.0016479281,-0.00739061,-0.0015572418,-0.0005878034,0.0040510823,0.00040184276,-0.1558066,-0.0077295452,0.0020317135,-0.00011040977,0.0,0.0,0.0,5.8168927e-05,-0.03677076,0.0040992876,0.0,-0.0036447921,0.0054325443,0.0012648392,-0.0007265513,0.0707836,0.009636545,-0.00026359133,0.0015546875,0.009136885,0.03333478,0.0025939085,0.001439382,0.00017365097,-0.0003888607,-0.022417238,0.012525845,-0.0014931285,-0.09263477,-0.0006435588,-0.015382391,-0.0008746208,0.0,0.0,-0.06876982,-0.18606745,-0.012199642,-0.006153207,0.0,0.004855427,-0.000102375736,-0.1979169,-0.028259205,-0.00073358836,-0.0071879276,0.0021184068,-0.0029831724,0.0017612072,0.0,-0.1682843,0.0015618203,-0.0015734943,-0.00079342426,0.035413362,0.002964073
1842,0.0003591064,0.0,0.0011307407,-0.006021294,-0.0015572418,-0.0005878034,-0.0071816416,0.00040184276,-0.19717628,-0.012931383,0.0020317135,-0.00011040977,0.0,0.0,0.0,5.8168927e-05,-0.04594023,0.0028323138,0.0,-0.0014254453,0.0083121415,-0.00014776754,-0.0007265513,0.1661479,0.010313129,-0.00082366617,0.0015546875,0.014354186,0.03372643,0.0025939085,-2.8816874e-05,0.00017365097,-0.0003888607,-0.019349927,0.012525845,-0.0014931285,-0.08825721,0.00010037888,-0.017080918,-0.0008746208,0.0,0.0,-0.07010255,-0.17252707,-0.012199642,-0.006153207,0.0,0.004855427,-0.000102375736,-0.21116212,-0.031213282,-0.00073358836,-0.0071879276,0.0021184068,-0.0029831724,0.0017612072,0.0,-0.15194811,0.0015618203,-0.0015734943,-0.00079342426,0.032767214,0.0034008818
1843,0.00060781284,0.0,0.0011307407,-0.014396869,-0.0015572418,-0.0005878034,0.012013679,0.0004976122,-0.24015768,-0.014788035,-0.0055521447,-1.7086602e-05,0.0,0.0,0.0,5.8168927e-05,-0.059513554,0.0019613975,0.0,-0.0014254453,0.0083121415,0.0013616353,-0.0024849852,0.15979035,0.014154011,-0.0001977745,0.0015546875,0.01532121,0.026388738,-0.0057107974,0.001632592,-0.00030037045,-0.00010926255,-0.0079542,0.012525845,-0.0019030209,-0.10317948,0.05685565,-0.0074168053,-0.0008746208,0.0,0.0,-0.05399814,-0.17132671,-0.012199642,0.017801648,0.0,0.014985032,-0.000102375736,-0.28432587,-0.027337098,-5.143743e-05,-0.021893715,0.0023351966,-0.0029831724,-0.0017542372,0.0,0.01329704,0.0017262277,-0.0011807671,0.007907422,0.02611305,0.0034008818
1844,-0.0013716852,0.0,0.0022524595,-0.008405641,0.00045964296,-0.0024328914,-0.045768216,0.0018623496,-0.07754979,-0.0035073415,0.0001492801,-0.00011040977,0.0,0.0,0.0,5.8168927e-05,-0.018941637,7.780861e-05,0.0,-0.0012366981,0.0027645868,-1.7201775e-05,-0.0007265513,-0.11155313,-0.15361896,-0.0016298512,-0.00449361,0.0027953999,-0.006176868,-0.001499688,0.001439382,-2.3254252e-06,-8.170852e-05,-0.026967898,0.00880548,0.00063123147,-0.08090573,-0.026339397,-0.015393252,-0.00095420436,0.0,0.0,-0.06337933,-0.18152632,-0.003172952,-0.003557119,0.0,0.029466396,-0.000102375736,-0.14185973,-0.031607054,-0.000169137,0.006047063,0.0003826445,-0.0007186803,0.0017612072,0.0,-0.11037853,-0.0018412904,-0.0015734943,-0.0021424298,-0.043221314,0.0024836925
1845,0.0031293673,0.0,0.0011307407,-0.044218022,-0.006727787,-0.0005764565,0.015421975,0.0009211898,-0.29961836,-0.014807757,-0.0013338625,-3.711055e-05,0.0,0.0,0.0,7.6855475e-05,-0.083010375,-0.0047243726,0.0,-0.0011269004,0.010697728,-0.00067251903,-0.003698383,0.14966877,0.030920986,-0.0002683327,0.0004254509,0.0028177914,0.020134209,0.0025939085,-0.00042957283,-0.00064060173,-0.00010926255,-0.00066273834,0.0047966354,-0.00023897382,0.14582828,0.056665152,-0.010833355,-0.00038815362,0.0,0.0,0.124114156,0.24750888,-0.0036266383,0.0081426,0.0,0.0051929792,-5.609441e-05,-0.5925225,-0.012902682,-5.143743e-05,-0.032129746,0.0023351966,-0.00090175366,-0.008249152,0.0,0.042799614,0.0016871544,-0.0010115153,-0.0005759197,0.019967267,0.0017601512
1846,0.0031293673,0.0,0.0011307407,-0.044218022,-0.006727787,-0.0005764565,0.002034342,0.0009211898,-0.29961836,-0.014807757,-0.0013338625,-3.711055e-05,0.0,0.0,0.0,7.6855475e-05,-0.083010375,-0.0047243726,0.0,-0.0011269004,0.010697728,-0.00067251903,-0.003698383,0.1339971,0.030433439,-0.0002683327,0.0004254509,0.00021947213,0.020134209,0.0025939085,0.0071077803,-0.00064060173,-0.00010926255,-0.00066273834,0.0047966354,-0.00023897382,0.14701612,0.056665152,-0.010833355,-0.00038815362,0.0,0.0,0.11397831,0.24785757,-0.0036266383,0.0081426,0.0,0.014985032,-5.609441e-05,-0.61911714,-0.012558891,-5.143743e-05,-0.032129746,0.0023351966,-0.00090175366,-0.008249152,0.0,0.042552307,0.0016871544,-0.0010115153,0.0060573947,0.01550243,0.0017601512
1847,0.0031293673,0.0,0.0011307407,-0.044218022,-0.006727787,-0.0005764565,0.015421975,0.0009211898,-0.29961836,-0.014807757,-0.0013338625,-3.711055e-05,0.0,0.0,0.0,7.6855475e-05,-0.083010375,-0.0047243726,0.0,-0.0011269004,0.010697728,-0.00067251903,-0.003698383,0.14507757,0.030920986,-0.0002683327,0.0004254509,0.0028177914,0.020134209,0.0025939085,0.0071077803,-0.00064060173,-0.00010926255,-0.00066273834,0.0047966354,-0.00023897382,0.14701612,0.056665152,-0.010833355,-0.00038815362,0.0,0.0,0.11397831,0.2486578,-0.0036266383,0.0081426,0.0,0.014985032,-5.609441e-05,-0.58593744,-0.012558891,-5.143743e-05,-0.032129746,0.0023351966,-0.00090175366,-0.008249152,0.0,0.042917185,0.0016871544,-0.0010115153,0.0060573947,0.018875204,0.0017601512
1848,0.0031293673,0.0,0.0011307407,-0.044218022,-0.006727787,-0.0005764565,0.015534101,0.0009211898,-0.29961836,-0.014807757,-0.0013338625,-3.711055e-05,0.0,0.0,0.0,7.6855475e-05,-0.083010375,-0.0047243726,0.0,-0.0011269004,0.010697728,0.0062615187,-0.003698383,0.14945905,0.030920986,-0.0002683327,0.0004254509,-0.00063078577,0.020134209,0.0025939085,0.0071077803,-0.00064060173,-0.00010926255,-0.00066273834,0.0047966354,-0.00023897382,0.14753692,0.056665152,-0.012965499,-0.00038815362,0.0,0.0,0.11392225,0.2558512,-0.0036266383,0.0081426,0.0,0.013136283,-5.609441e-05,-0.5803007,-0.013361446,-5.143743e-05,-0.032129746,0.0023351966,-0.00090175366,-0.008249152,0.0,0.043859597,0.0016871544,-0.0010115153,-0.0005759197,0.004846446,0.0017601512
1849,0.0031293673,0.0,0.0011307407,-0.044218022,-0.006727787,-0.0005764565,0.015421975,0.0009211898,-0.29961836,-0.014807757,-0.0013338625,-3.711055e-05,0.0,0.0,0.0,7.6855475e-05,-0.083010375,-0.0047243726,0.0,-0.0011269004,0.010697728,-0.00067251903,-0.003698383,0.14966877,0.030920986,-0.0002683327,0.0004254509,0.008440861,0.020134209,0.0025939085,-0.00042957283,-0.00064060173,-0.00010926255,-0.00060624245,0.0047966354,-0.00023897382,0.14582828,0.056665152,-0.010833355,-0.00038815362,0.0,0.0,0.12445824,0.24263963,-0.0036266383,0.0081426,0.0,0.0051929792,-5.609441e-05,-0.5925225,-0.012902682,-5.143743e-05,-0.032129746,0.0023351966,-0.00090175366,-0.008249152,0.0,0.041215338,0.0016871544,-0.0010115153,-0.00014600552,0.019967267,0.0017601512
1950,0.0050096945,0.0,0.00508062,-0.0078102536,-0.0014581572,-0.00077331695,0.033041984,0.0016731084,0.034741018,0.008150764,-0.0013338625,-3.711055e-05,0.0,0.0,0.0,0.00031905598,0.00884168,0.0050504073,0.0,-0.0077481605,-0.005806243,3.8063037e-05,-0.00027172227,0.20863605,0.04917798,0.003506448,0.0004254509,-0.00059893256,0.020134209,-0.002030258,0.0018594805,0.0014818693,-0.00010926255,0.14836662,0.0066954717,0.00010818662,0.20312649,0.05267296,0.04279189,-0.00047404435,0.0,0.0,0.17019343,0.4508858,-0.0035767227,0.019480899,0.0,0.0008935593,-0.001197784,0.10852287,-0.01414587,-5.143743e-05,-0.0059643155,-0.0023717568,-0.0018755121,-0.0016317632,0.0,0.05397397,-0.0020607328,-0.0037800334,0.005312374,0.10537867,0.004141545
1951,0.0050096945,0.0,0.00508062,-0.0078102536,-0.0014581572,-0.00077331695,0.033041984,0.0016731084,0.034741018,0.008150764,-0.0013338625,-3.711055e-05,0.0,0.0,0.0,0.00031905598,0.00884168,0.0050504073,0.0,-0.0077481605,-0.005806243,3.8063037e-05,-0.00027172227,0.20863605,0.04917798,0.003506448,0.0004254509,-0.00059893256,0.020134209,-0.002030258,0.0018594805,0.0014818693,-0.00010926255,0.14836662,0.0066954717,0.00010818662,0.20312649,0.05267296,0.04279189,-0.00047404435,0.0,0.0,0.17019343,0.4508858,-0.0035767227,0.019480899,0.0,0.0008935593,-0.001197784,0.10852287,-0.01414587,-5.143743e-05,-0.0059643155,-0.0023717568,-0.0018755121,-0.0016317632,0.0,0.05397397,-0.0020607328,-0.0037800334,0.005312374,0.10537867,0.004141545
1952,0.0050096945,0.0,0.00508062,-0.0078102536,-0.0014581572,-0.00077331695,0.033041984,0.0016731084,0.034741018,0.008150764,-0.0013338625,-3.711055e-05,0.0,0.0,0.0,0.00031905598,0.00884168,0.0050504073,0.0,-0.0077481605,-0.005806243,3.8063037e-05,-0.00027172227,0.20863605,0.04917798,0.003506448,0.0004254509,-0.00059893256,0.020134209,-0.002030258,0.0018594805,0.0014818693,-0.00010926255,0.14836662,0.0066954717,0.00010818662,0.20312649,0.05267296,0.04279189,-0.00047404435,0.0,0.0,0.17019343,0.4508858,-0.0035767227,0.019480899,0.0,0.0008935593,-0.001197784,0.10852287,-0.01414587,-5.143743e-05,-0.0059643155,-0.0023717568,-0.0018755121,-0.0016317632,0.0,0.05397397,-0.0020607328,-0.0037800334,0.005312374,0.10537867,0.004141545
1953,0.0050096945,0.0,0.00508062,-0.0078102536,-0.0014581572,-0.00077331695,0.033041984,0.0016731084,0.034741018,0.008150764,-0.0013338625,-3.711055e-05,0.0,0.0,0.0,0.00031905598,0.00884168,0.0050504073,0.0,-0.0077481605,-0.005806243,3.8063037e-05,-0.00027172227,0.20863605,0.04917798,0.003506448,0.0004254509,-0.00059893256,0.020134209,-0.002030258,0.0018594805,0.0014818693,-0.00010926255,0.14836662,0.0066954717,0.00010818662,0.20312649,0.05267296,0.04279189,-0.00047404435,0.0,0.0,0.16005759,0.4508858,-0.0035767227,0.019480899,0.0,0.010685612,-0.001197784,0.10852287,-0.0138020795,-5.143743e-05,-0.0059643155,-0.0023717568,-0.0018755121,-0.0016317632,0.0,0.05397397,-0.0020607328,-0.0037800334,0.005312374,0.10537867,0.004141545
1954,0.0050096945,0.0,0.00508062,-0.0078102536,-0.0014581572,-0.00077331695,0.033041984,0.0016731084,0.034741018,0.008150764,-0.0013338625,-3.711055e-05,0.0,0.0,0.0,0.00031905598,0.00884168,0.0050504073,0.0,-0.0077481605,-0.005806243,3.8063037e-05,-0.00027172227,0.20863605,0.04917798,0.003506448,0.0004254509,-0.00059893256,0.020134209,-0.002030258,0.0018594805,0.0014818693,-0.00010926255,0.14836662,0.0066954717,0.00010818662,0.20312649,0.05267296,0.04279189,-0.00047404435,0.0,0.0,0.16005759,0.4508858,-0.0035767227,0.019480899,0.0,0.010685612,-0.001197784,0.10852287,-0.0138020795,-5.143743e-05,-0.0059643155,-0.0023717568,-0.0018755121,-0.0016317632,0.0,0.05397397,-0.0020607328,-0.0037800334,0.005312374,0.10537867,0.004141545
1955,-0.0007896195,0.0,-0.00043736555,0.0018449017,0.00045964296,-0.0024328914,0.0072618593,-0.0048472737,0.030751258,-0.00094848796,0.0001492801,-1.7086602e-05,0.0,0.0,0.0,-0.0029003767,0.008237085,-0.00010618098,0.0,-0.00013550714,0.0027645868,0.00024205932,-0.00012462793,-0.1913821,0.014990918,-0.0010697764,-0.00449361,-0.0007300108,0.09611955,0.00068117527,0.0004001735,0.00016566459,0.0025634265,-0.01700744,0.017176652,0.00063123147,-0.18630879,-0.05572673,-0.022881385,-0.0018545807,0.0,0.0,-0.1658607,-0.37686244,-0.003172952,-0.005869464,0.0,-5.9574144e-05,-0.000102375736,-0.018673455,-0.050456766,-2.64441e-05,0.0053630853,0.0003826445,-0.0007186803,0.0017612072,0.0,0.013473103,0.00050287833,-0.0015734943,0.023532664,-0.038580075,0.008336948
1956,-0.0004932059,0.0,0.0022524595,0.0075166603,0.00045964296,-0.0007846639,0.0064063603,0.0023745382,0.032391515,-0.0051876553,0.0001492801,-1.7086602e-05,0.0,0.0,0.0,5.8168927e-05,0.008237085,-0.00010618098,0.0,-0.027554324,0.0027645868,-0.0042937146,-0.00012462793,-0.19174151,0.014990918,0.012116294,0.0015546875,-0.0011647191,0.040617272,-0.0057107974,0.0004001735,0.002568654,-0.0003888607,0.36780906,0.020897018,5.9574377e-05,-0.15336509,-0.03631583,-0.013759323,-0.0014298286,0.0,0.0,-0.1300563,-0.28258872,-0.012199642,-0.005869464,0.0,0.0017891757,-0.005011922,-0.01386217,-0.035644494,-2.64441e-05,0.0074849706,0.0021184068,-0.007227344,0.0017612072,0.0,0.010118241,0.0017262277,-0.013682395,0.016226673,0.245781,0.009795231
1957,-0.0004932059,0.0,0.0022524595,0.0074801757,0.00045964296,-0.0007846639,0.0064063603,0.0023745382,0.030751258,-0.0050445995,0.0001492801,-1.7086602e-05,0.0,0.0,0.0,5.8168927e-05,0.008237085,-0.00010618098,0.0,-0.027554324,0.0027645868,-0.0042937146,-0.00012462793,-0.19624993,0.014990918,0.012116294,0.0015546875,-0.0011647191,0.040617272,-0.0057107974,0.0004001735,0.002568654,-0.0003888607,0.35160595,0.020897018,5.9574377e-05,-0.15377158,-0.03631583,-0.013759323,-0.0014298286,0.0,0.0,-0.13453485,-0.30279228,-0.012199642,-0.005869464,0.0,0.0017891757,-0.005011922,-0.014202369,-0.035644494,-2.64441e-05,0.0074849706,0.0021184068,-0.007227344,0.0017612072,0.0,0.009540782,0.0017262277,-0.013682395,-0.0014784662,0.2510538,0.008336948
1958,-0.0004932059,0.0,0.0022524595,0.0076209796,-0.0015572418,-0.0007846639,0.009373915,0.0023745382,0.034430284,-0.0051876553,0.0001492801,-1.7086602e-05,0.0,0.0,0.0,5.8168927e-05,0.008035144,-0.00013837314,0.0,-0.027554324,0.0027645868,-0.0042937146,-0.00012462793,-0.19174151,0.015788222,0.011825772,0.0015546875,-0.0010560227,0.037520792,-0.0057107974,0.00044067425,0.0025447877,-0.00010926255,0.35912174,0.020897018,5.9574377e-05,-0.15336509,-0.01128286,-0.013759323,-0.0014298286,0.0,0.0,-0.13309376,-0.17403096,-0.012199642,-0.005869464,0.0,0.0017891757,-0.005011922,-0.015615949,-0.03441773,-5.143743e-05,0.011585629,0.0021184068,-0.007227344,0.0017612072,0.0,0.014249373,0.0017262277,-0.013682395,0.016226673,0.24039787,0.009795231
1959,-0.0004932059,0.0,0.0022524595,0.003142307,0.00045964296,-0.0005878034,0.0061955173,0.0004976122,0.032391515,-0.0010915437,0.0001492801,-1.7086602e-05,0.0,0.0,0.0,5.8168927e-05,0.008237085,-0.00010618098,0.0,0.0019207823,0.0027645868,0.00024205932,-0.00012462793,-0.19014464,0.014038551,0.005007194,0.0015546875,-0.0013111377,0.040617272,0.0025939085,-0.0009422139,0.00016566459,-0.0003888607,-0.022417238,0.020897018,-0.0014931285,-0.1853626,-0.042029344,-0.017733386,-0.0018545807,0.0,0.0,-0.15329534,-0.3567715,-0.012199642,-0.005869464,0.0,0.0017891757,-0.000102375736,-0.018309217,-0.048554916,-2.64441e-05,0.0073596933,0.0021184068,-0.0029831724,0.0017612072,0.0,0.010118241,0.0017262277,-0.0015734943,0.016226673,0.020200446,0.009795231
1960,0.0050096945,0.0,0.00508062,-0.0078102536,-0.0014581572,-0.00077331695,0.033041984,0.0016731084,0.034741018,0.008150764,-0.0013338625,-3.711055e-05,0.0,0.0,0.0,0.00031905598,0.00884168,0.0050504073,0.0,-0.0077481605,-0.005806243,3.8063037e-05,-0.00027172227,0.20863605,0.04917798,0.003506448,0.0004254509,-0.00059893256,0.020134209,-0.002030258,0.0018594805,0.0014818693,-0.00010926255,0.14252838,0.0066954717,0.00010818662,0.20312649,0.05267296,0.04279189,-0.00047404435,0.0,0.0,0.17607976,0.45038658,-0.0035767227,0.018904226,0.0,0.0008935593,-0.001197784,0.108474754,-0.013879547,-5.143743e-05,-0.0059643155,-0.0023717568,-0.0018755121,-0.0016317632,0.0,0.05363019,-0.0020607328,-0.002626686,0.005312374,0.10537867,0.004141545
1961,0.0050096945,0.0,0.00508062,-0.0078102536,-0.0014581572,-0.00077331695,0.033041984,0.0016731084,0.034741018,0.008150764,-0.0013338625,-3.711055e-05,0.0,0.0,0.0,0.00031905598,0.00884168,0.0050504073,0.0,-0.0077481605,-0.005806243,3.8063037e-05,-0.00027172227,0.20863605,0.04917798,0.003506448,0.0004254509,-0.00059893256,0.020134209,-0.002030258,0.0018594805,0.0014818693,-0.00010926255,0.14836662,0.0066954717,0.00010818662,0.20312649,0.05267296,0.04279189,-0.00047404435,0.0,0.0,0.17019343,0.4508858,-0.0035767227,0.019480899,0.0,0.0008935593,-0.001197784,0.10852287,-0.01414587,-5.143743e-05,-0.0059643155,-0.0023717568,-0.0018755121,-0.0016317632,0.0,0.05397397,-0.0020607328,-0.0037800334,0.005312374,0.10537867,0.004141545
1962,0.0050096945,0.0,0.00508062,-0.0078102536,-0.0014581572,-0.00077331695,0.033041984,0.0016731084,0.034741018,0.008150764,-0.0013338625,-3.711055e-05,0.0,0.0,0.0,0.00031905598,0.00884168,0.0050504073,0.0,-0.0077481605,-0.005806243,3.8063037e-05,-0.00027172227,0.20863605,0.04917798,0.003506448,0.0004254509,-0.00059893256,0.020134209,-0.002030258,0.0018594805,0.0014818693,-0.00010926255,0.14836662,0.0066954717,0.00010818662,0.20312649,0.05267296,0.04279189,-0.00047404435,0.0,0.0,0.17019343,0.45096326,-0.0035767227,0.019480899,0.0,0.0008935593,-0.001197784,0.10852287,-0.013879547,-5.143743e-05,-0.0059643155,-0.0023717568,-0.0018755121,-0.0016317632,0.0,0.05363019,-0.0020607328,-0.0037800334,0.005312374,0.10537867,0.004141545
1963,0.0050096945,0.0,0.00508062,-0.0078102536,-0.0014581572,-0.00077331695,0.033041984,0.0016731084,0.034741018,0.008150764,-0.0013338625,-3.711055e-05,0.0,0.0,0.0,0.00031905598,0.00884168,0.0050504073,0.0,-0.0077481605,-0.005806243,3.8063037e-05,-0.00027172227,0.20863605,0.04917798,0.003506448,0.0004254509,-0.00059893256,0.020134209,-0.002030258,0.0018594805,0.0014818693,-0.00010926255,0.14836662,0.0066954717,0.00010818662,0.20312649,0.05267296,0.04279189,-0.00047404435,0.0,0.0,0.17019343,0.4508858,-0.0035767227,0.019480899,0.0,0.0008935593,-0.001197784,0.10852287,-0.01414587,-5.143743e-05,-0.0059643155,-0.0023717568,-0.0018755121,-0.0016317632,0.0,0.05397397,-0.0020607328,-0.0037800334,0.005312374,0.10537867,0.004141545
1964,0.0050096945,0.0,0.00508062,-0.0078102536,-0.0014581572,-0.00077331695,0.033041984,0.0016731084,0.034741018,0.008150764,-0.0013338625,-3.711055e-05,0.0,0.0,0.0,0.00031905598,0.00884168,0.0050504073,0.0,-0.0077481605,-0.005806243,3.8063037e-05,-0.00027172227,0.20863605,0.04917798,0.003506448,0.0004254509,-0.00059893256,0.020134209,-0.002030258,0.0018594805,0.0014818693,-0.00010926255,0.14836662,0.0066954717,0.00010818662,0.20312649,0.05267296,0.04279189,-0.00047404435,0.0,0.0,0.16005759,0.4508858,-0.0035767227,0.019480899,0.0,0.010685612,-0.001197784,0.10852287,-0.0138020795,-5.143743e-05,-0.0059643155,-0.0023717568,-0.0018755121,-0.0016317632,0.0,0.05397397,-0.0020607328,-0.0037800334,0.005312374,0.10537867,0.004141545
1965,0.0050096945,0.0,0.00508062,0.011446851,0.0035988744,-0.00077331695,0.026838558,0.0013547573,0.054105148,-0.0013376605,-0.0013338625,-3.711055e-05,0.0,0.0,0.0,7.6855475e-05,0.014165095,0.009789043,0.0,-0.006297049,0.010697728,-7.131969e-05,-0.00027172227,0.20927772,0.04917798,0.003506448,0.0004254509,-0.00059893256,0.020134209,-0.0057107974,0.00042219472,0.0014818693,-0.00010926255,0.15279534,0.0066954717,0.00010818662,0.18999963,0.054062285,-0.0055118287,-0.00047404435,0.0,0.0,0.17179903,0.32453302,-0.0036266383,0.016795997,0.0,0.002334152,-0.001197784,0.10220347,-0.012163272,-5.143743e-05,-0.0013750368,0.0023351966,-0.0018755121,-0.0016317632,0.0,0.05397397,0.0016871544,-0.008964553,0.005312374,0.11329923,0.004141545
1966,0.0050096945,0.0,0.00508062,-0.0043152976,0.0035988744,-0.00077331695,0.026838558,0.0013547573,0.049385205,-0.0013376605,-0.0013338625,-3.711055e-05,0.0,0.0,0.0,7.6855475e-05,0.013095229,0.009789043,0.0,-0.006297049,0.010697728,-0.00040911383,-0.00027172227,0.20394138,0.04917798,0.003506448,0.0004254509,-0.00059893256,0.020134209,-0.0057107974,0.0008461165,0.0008568703,-0.00010926255,0.14695711,0.0066954717,0.00010818662,0.17571753,0.04995957,-0.0068542156,-0.00047404435,0.0,0.0,0.17210004,0.32013896,-0.0036266383,-0.0022745123,0.0,0.002334152,-0.001197784,-0.05264093,-0.012341341,-5.143743e-05,0.0075570047,0.0023351966,-0.0018755121,0.008281928,0.0,0.05397397,0.0016871544,-0.009054195,0.005312374,0.11329923,0.004141545
1967,0.0042459806,0.0,0.00508062,0.028895617,0.0019496521,-0.0005764565,0.017525217,0.0004976122,0.06666428,-0.001681,-0.0055521447,-1.7086602e-05,0.0,0.0,0.0,5.8168927e-05,0.0139545,0.004774069,0.0,0.00016510286,0.0083121415,0.0006308956,-0.00023221885,0.24272352,0.034711212,0.0018509205,0.0015546875,-0.00063078577,0.025461959,-0.0057107974,-0.0008026291,0.00029895687,-0.00010926255,-0.0056052245,0.020897018,-0.00023897382,-0.1540263,-0.020744488,0.0012049596,-0.0010590283,0.0,0.0,-0.061089884,0.4531937,-0.007664593,-0.0027196133,0.0,0.002334152,-5.609441e-05,-0.02376864,-0.019973954,-5.143743e-05,0.009696923,0.0023351966,-0.0018675472,0.0017612072,0.0,0.039972395,0.0017262277,-0.0011364371,0.0062073413,0.016234592,0.009795231
1968,0.0050096945,0.0,0.00508062,0.011446851,0.0035988744,-0.00077331695,0.026838558,0.0013547573,0.051256932,-0.0013376605,-0.0013338625,-3.711055e-05,0.0,0.0,0.0,7.6855475e-05,0.013095229,0.009789043,0.0,-0.006297049,0.010697728,-7.131969e-05,-0.00027172227,0.20927772,0.04917798,0.003506448,0.0004254509,-0.00059893256,0.020134209,0.0025939085,0.00042219472,0.0014818693,-0.00010926255,0.14695711,0.0066954717,0.00010818662,0.19115807,0.061759308,-0.0055118287,-0.00047404435,0.0,0.0,0.17768538,0.34527487,-0.0036266383,-0.0022745123,0.0,0.002334152,-0.001197784,0.097655654,-0.012341341,-5.143743e-05,-0.0013750368,0.0023351966,-0.0018755121,0.0016382465,0.0,0.05397397,0.0016871544,-0.009054195,0.005312374,0.11329923,0.004141545
1969,0.0042459806,0.0,0.00508062,0.033269975,0.0019496521,-0.00077331695,0.017525217,0.0023745382,0.06503111,1.31877605e-05,-0.0055521447,-1.7086602e-05,0.0,0.0,0.0,5.8168927e-05,0.0139545,0.004774069,0.0,-0.017865213,0.0083121415,-0.00040911383,-0.00023221885,0.22417578,0.035134565,0.003506448,0.0015546875,-0.00059893256,0.025461959,-0.0057107974,0.0005397583,0.0008714236,-0.00010926255,0.2630592,0.020897018,0.00010818662,-0.119961016,-0.011317967,-0.0068542156,-0.0006342762,0.0,0.0,-0.04226174,0.3410168,-0.007664593,-0.0027196133,0.0,0.002334152,-0.001197784,-0.02143572,-0.012278111,-5.143743e-05,0.009822201,0.0023351966,-0.0028413055,0.0017612072,0.0,0.039972395,0.0017262277,-0.013245339,0.0062073413,0.1529325,0.009795231
1970,-0.0004932059,0.0,0.0022524595,0.003105822,0.00045964296,-0.0005878034,0.0066423574,2.5617685e-05,0.030751258,-0.00094848796,0.0001492801,-1.7086602e-05,0.0,0.0,0.0,5.8168927e-05,0.008237085,-0.00010618098,0.0,0.0019207823,0.0027645868,0.00024205932,-0.00012462793,-0.19465305,0.014038551,0.005007194,0.0015546875,-0.0013111377,0.040617272,-0.0057107974,0.0004001735,0.00016566459,-0.0003888607,-0.022417238,0.020897018,-0.0014931285,-0.18576911,-0.045742348,-0.019075774,-0.0018545807,0.0,0.0,-0.15301669,-0.37837338,-0.012199642,-0.005869464,0.0,0.0017891757,-0.000102375736,-0.018685393,-0.048554916,-2.64441e-05,0.0073596933,0.0021184068,-0.0029831724,0.0017612072,0.0,0.009540782,0.0017262277,-0.0015734943,-0.0014784662,0.025473256,0.008336948
1971,-0.0004932059,0.0,0.0022524595,0.003142307,0.00045964296,-0.0005878034,0.0061955173,0.0004976122,0.032391515,-0.00095060683,0.0001492801,-1.7086602e-05,0.0,0.0,0.0,5.8168927e-05,0.008237085,-0.00010618098,0.0,0.0019207823,0.0027645868,0.00024205932,-0.00012462793,-0.19014464,0.014038551,0.005007194,0.0015546875,-0.0013111377,0.040617272,0.0025939085,0.0004001735,0.00016566459,-0.0003888607,-0.02258881,0.020897018,-0.0014931285,-0.18533197,-0.042029344,-0.019075774,-0.0018545807,0.0,0.0,-0.15329534,-0.3567715,-0.012199642,-0.005869464,0.0,0.0017891757,-0.000102375736,-0.018309217,-0.048554916,-2.64441e-05,0.0073596933,0.0021184068,-0.0029831724,0.0017612072,0.0,0.010118241,0.0017262277,-0.0015734943,0.016226673,0.020200446,0.009795231
1972,-0.0004932059,0.0,0.0022524595,0.003105822,0.00045964296,-0.0005878034,0.0066423574,2.5617685e-05,0.030751258,-0.00094848796,0.0001492801,-1.7086602e-05,0.0,0.0,0.0,5.8168927e-05,0.008237085,-0.00010618098,0.0,0.0019207823,0.0027645868,0.00024205932,-0.00012462793,-0.19014464,0.014038551,0.005007194,0.0015546875,-0.0013111377,0.040617272,-0.001499688,0.0004001735,0.00016566459,-0.0003888607,-0.022417238,0.020897018,-0.0014931285,-0.1853626,-0.05188244,-0.021207917,-0.0018545807,0.0,0.0,-0.15301669,-0.37867934,-0.012199642,-0.005869464,0.0,-5.9574144e-05,-0.000102375736,-0.018562716,-0.050041165,-2.64441e-05,0.0073596933,0.0021184068,-0.0029831724,0.0017612072,0.0,0.010118241,0.0017262277,-0.0015734943,0.016226673,0.006269418,0.008336948
1973,-0.0004932059,0.0,0.0022524595,0.003105822,0.00045964296,-0.0005878034,0.0066423574,2.5617685e-05,0.030751258,-0.00094848796,0.0001492801,-1.7086602e-05,0.0,0.0,0.0,5.8168927e-05,0.008237085,-0.00010618098,0.0,0.0019207823,0.0027645868,0.00024205932,-0.00012462793,-0.19465305,0.014038551,0.005007194,0.0015546875,-0.0013111377,0.040617272,-0.0057107974,0.0004001735,0.00016566459,-0.0003888607,-0.022417238,0.020897018,-0.0014931285,-0.18576911,-0.045742348,-0.019075774,-0.0018545807,0.0,0.0,-0.15301669,-0.37837338,-0.012199642,-0.005869464,0.0,0.0017891757,-0.000102375736,-0.018685393,-0.048554916,-2.64441e-05,0.0073596933,0.0021184068,-0.0029831724,0.0017612072,0.0,0.009540782,0.0017262277,-0.0015734943,-0.0014784662,0.025473256,0.008336948
1974,-0.0004932059,0.0,-0.00043736555,0.0036562053,0.00045964296,-0.0023874808,0.0057737874,2.5617685e-05,0.030751258,-0.00094848796,0.0001492801,-1.7086602e-05,0.0,0.0,0.0,5.8168927e-05,0.008237085,-0.00010618098,0.0,0.0019207823,0.0027645868,0.00024205932,0.0010361107,-0.190823,0.014892341,-0.0013676862,-0.00449361,-0.0016472798,0.030659314,0.00068117527,-0.0009422139,0.00016566459,-0.0003888607,0.052437745,0.017176652,0.0033276365,-0.18373896,-0.05265843,-0.021687662,-0.0018545807,0.0,0.0,-0.16446823,-0.36199677,-0.012199642,-0.005869464,0.0,-5.9574144e-05,-0.000102375736,-0.019398194,-0.050456766,-2.64441e-05,0.0053630853,0.0003826445,-0.0029831724,0.0017612072,0.0,0.00842038,0.0017262277,-0.0015734943,-0.0014784662,0.052702803,0.008336948
1975,0.0050096945,0.0,0.00508062,-0.025607692,-0.006727787,-0.00077331695,0.033041984,0.0013547573,0.054105148,-0.0013376605,-0.0013338625,-3.711055e-05,0.0,0.0,0.0,7.6855475e-05,0.014165095,0.00019268572,0.0,-0.0077481605,-0.019604433,-7.131969e-05,-0.00027172227,0.19646426,0.04917798,0.003506448,0.0004254509,-0.00059893256,0.020134209,-0.0057107974,0.0017645821,0.0014818693,-0.00010926255,0.155015,0.0066954717,0.00010818662,0.18740264,0.054062285,-0.014251459,-0.00047404435,0.0,0.0,0.16401365,0.28808644,-0.0036266383,0.016795997,0.0,0.002334152,-0.001197784,0.10820841,-0.015025172,-5.143743e-05,-0.0059643155,0.0023351966,-0.0018755121,-0.0016317632,0.0,0.05397397,0.0016871544,-0.008964553,0.005312374,0.112677194,0.004141545
1976,0.0050096945,0.0,0.00508062,-0.025607692,-0.006727787,-0.00077331695,0.026838558,0.0013547573,0.054105148,-0.0013376605,-0.0013338625,-3.711055e-05,0.0,0.0,0.0,7.6855475e-05,0.014165095,0.00019268572,0.0,-0.006297049,-0.019604433,-7.131969e-05,-0.00027172227,0.19462627,0.04917798,0.003506448,0.0004254509,-0.00059893256,0.020134209,-0.0057107974,0.0017645821,0.0014818693,-0.00010926255,0.15279534,0.0066954717,0.00010818662,0.18740264,0.054062285,-0.014251459,-0.00047404435,0.0,0.0,0.16798511,0.29206774,-0.0036266383,0.016795997,0.0,0.002334152,-0.001197784,0.10823814,-0.014819741,-5.143743e-05,-0.0059643155,0.0023351966,-0.0018755121,-0.0016317632,0.0,0.05397397,0.0016871544,-0.008964553,0.005312374,0.11329923,0.004141545
1977,0.0050096945,0.0,0.00508062,-0.025607692,-0.006727787,-0.00077331695,0.026838558,0.0013547573,0.054105148,-0.0013376605,-0.0013338625,-3.711055e-05,0.0,0.0,0.0,7.6855475e-05,0.014165095,0.00019268572,0.0,-0.006297049,-0.019604433,-7.131969e-05,-0.00027172227,0.19462627,0.04917798,0.003506448,0.0004254509,-0.00059893256,0.020134209,-0.0057107974,0.0017645821,0.0014818693,-0.00010926255,0.15279534,0.0066954717,0.00010818662,0.18740264,0.054062285,-0.014251459,-0.00047404435,0.0,0.0,0.16798511,0.29206774,-0.0036266383,0.016795997,0.0,0.002334152,-0.001197784,0.10823814,-0.014819741,-5.143743e-05,-0.0059643155,0.0023351966,-0.0018755121,-0.0016317632,0.0,0.05397397,0.0016871544,-0.008964553,0.005312374,0.11329923,0.004141545
1978,0.0050096945,0.0,0.00508062,-0.025607692,-0.006727787,-0.00077331695,0.026838558,0.0013547573,0.054105148,-0.0013376605,-0.0013338625,-3.711055e-05,0.0,0.0,0.0,7.6855475e-05,0.014165095,0.00019268572,0.0,-0.006297049,-0.019604433,-7.131969e-05,-0.00027172227,0.19462627,0.04917798,0.003506448,0.0004254509,-0.00059893256,0.020134209,-0.0057107974,0.0017645821,0.0014818693,-0.00010926255,0.15279534,0.0066954717,0.00010818662,0.18740264,0.054062285,-0.014251459,-0.00047404435,0.0,0.0,0.16798511,0.29206774,-0.0036266383,0.016795997,0.0,0.002334152,-0.001197784,0.10823814,-0.014819741,-5.143743e-05,-0.0059643155,0.0023351966,-0.0018755121,-0.0016317632,0.0,0.05397397,0.0016871544,-0.008964553,0.005312374,0.11329923,0.004141545
1979,0.0050096945,0.0,0.00508062,-0.026633834,-0.006727787,-0.0005764565,0.026838558,0.0009211898,0.054105148,-0.0017007211,-0.0013338625,-3.711055e-05,0.0,0.0,0.0,7.6855475e-05,0.014165095,0.00019268572,0.0,0.00032421047,-0.019604433,0.00096868974,-0.00027172227,0.19744968,0.04917798,0.0018509205,0.0004254509,-0.00063078577,0.020134209,-0.0057107974,0.0017645821,0.00090940244,-0.00010926255,-0.00066273834,0.0066954717,-0.00023897382,0.23563875,0.06830082,-0.0075346716,-0.00057256105,0.0,0.0,0.19986704,0.4077891,-0.0036266383,0.016795997,0.0,0.002334152,-5.609441e-05,0.106530786,-0.01925262,-5.143743e-05,-0.006089593,0.0023351966,-0.00090175366,-0.0016317632,0.0,0.05397397,0.0016871544,-0.0010115153,0.005312374,0.014601711,0.004141545
1980,-0.0001332552,0.0,-0.00043736555,0.0018449017,0.00045964296,-0.0024328914,0.0072618593,-0.005005564,0.030751258,-0.00094848796,0.0001492801,-1.7086602e-05,0.0,0.0,0.0,-0.0029003767,0.008237085,-0.00010618098,0.0,-0.00013550714,0.0027645868,0.00024205932,0.0010361107,-0.20426531,0.014038551,-0.0010697764,-0.00449361,-0.0007300108,-0.00662882,0.00068117527,0.0004001735,0.00016566459,0.0025634265,-0.030922128,0.017176652,0.00063123147,-0.19345622,-0.058681674,-0.02303005,-0.0018545807,0.0,0.0,-0.16794749,-0.39272347,-0.003172952,-0.005869464,0.0,-5.9574144e-05,-0.000102375736,-0.019376498,-0.049622435,-2.64441e-05,0.0053630853,0.0003826445,-0.0007186803,0.0017612072,0.0,0.012795405,0.00050287833,-0.0015734943,-0.0018466422,-0.049231626,0.008336948
1981,-0.0007896195,0.0,-0.00043736555,0.0018449017,0.00045964296,-0.0024328914,0.0072618593,-0.005005564,0.030751258,-0.00094848796,0.0001492801,-1.7086602e-05,0.0,0.0,0.0,-0.0029003767,0.008237085,-0.00010618098,0.0,-0.00013550714,0.0027645868,0.00024205932,-0.00012462793,-0.2041413,0.014990918,-0.0010697764,-0.00449361,-0.0007300108,-0.0060964734,0.00068117527,0.0004001735,0.00016566459,-8.170852e-05,-0.03108236,0.017176652,0.00063123147,-0.19345622,-0.058356233,-0.022881385,-0.0018545807,0.0,0.0,-0.16784726,-0.39297137,-0.003172952,-0.005869464,0.0,-5.9574144e-05,3.3630393e-05,-0.018796133,-0.050760325,-2.64441e-05,0.0053630853,0.0003826445,-0.0007186803,0.0017612072,0.0,0.012895642,0.00050287833,-0.0015734943,-0.0020471164,-0.04602261,0.008336948
1982,-0.0001332552,0.0,-0.00043736555,0.0018449017,0.00045964296,-0.0024328914,-0.028351113,-0.005132334,0.030558826,-0.00094848796,0.0001492801,-1.7086602e-05,0.0,0.0,0.0,-0.0029003767,0.008159469,-0.00010618098,0.0,-0.00013550714,0.0027645868,-7.3305036e-06,-0.00012462793,-0.19838841,0.013939973,-0.0010697764,-0.00449361,-0.0010661529,-0.00662882,0.00068117527,0.0004001735,0.00016566459,-8.170852e-05,-0.029699173,0.017176652,0.00063123147,-0.1801313,-0.05474982,-0.022881385,-0.0018545807,0.0,0.0,-0.15957464,-0.3849329,-0.003172952,-0.005869464,0.0,-5.9574144e-05,-0.000102375736,-0.018644508,-0.049622435,-2.64441e-05,0.0053630853,0.0003826445,-0.0007186803,0.0017612072,0.0,0.007996817,0.00050287833,-0.0015734943,-0.0020471164,-0.04465313,0.007856567
1983,-0.0007896195,0.0,-0.00043736555,0.0023952853,0.00045964296,-0.0024328914,0.007051017,-0.0048472737,0.030751258,-0.00094848796,0.0001492801,-1.7086602e-05,0.0,0.0,0.0,-0.0029003767,0.008237085,-0.00010618098,0.0,-0.00013550714,0.0027645868,0.00024205932,-0.00012462793,-0.19923131,0.013939973,-0.0010697764,-0.00449361,-0.0010661529,-0.0060964734,0.00068117527,-0.0009422139,0.00016566459,-8.170852e-05,-0.031109126,0.017176652,0.00063123147,-0.1934275,-0.05854176,-0.021538997,-0.0018545807,0.0,0.0,-0.16803516,-0.39312553,-0.003172952,-0.005869464,0.0,-5.9574144e-05,-0.000102375736,-0.018817829,-0.049622435,-2.64441e-05,0.0053630853,0.0003826445,-0.0007186803,0.0017612072,0.0,0.00842038,0.00050287833,-0.0015734943,-0.0020471164,-0.04602261,0.008336948
1984,-0.0007896195,0.0,-0.00043736555,0.0018449017,0.00045964296,-0.0024328914,-0.075936526,-0.005132334,0.028695516,-0.00094848796,0.0001492801,-1.7086602e-05,0.0,0.0,0.0,-0.0029003767,0.007916533,-0.00010618098,0.0,-0.00013550714,0.0027645868,0.00024205932,-0.00012462793,-0.1886779,0.014038551,-0.0016298512,-0.00449361,-0.0007300108,-0.0060964734,0.00068117527,-0.0009422139,0.00016566459,-8.170852e-05,-0.029221566,0.017176652,0.00063123147,-0.17847097,-0.044649184,-0.021538997,-0.0018545807,0.0,0.0,-0.14449626,-0.36891934,-0.003172952,-0.005869464,0.0,-5.9574144e-05,-0.000102375736,-0.019120669,-0.04854222,-2.64441e-05,0.0053630853,0.0003826445,-0.0007186803,0.0017612072,0.0,0.012701045,0.00050287833,-0.0015734943,0.023532664,-0.04163092,0.007856567
1985,0.0050096945,0.0,0.00508062,-0.0078102536,-0.0014581572,-0.00077331695,0.033041984,0.0016731084,0.034741018,0.008150764,-0.0013338625,-3.711055e-05,0.0,0.0,0.0,0.00031905598,0.00884168,0.0050504073,0.0,-0.0077481605,-0.005806243,3.8063037e-05,-0.00027172227,0.20863605,0.04917798,0.003506448,0.0004254509,-0.00059893256,0.020134209,-0.002030258,0.0018594805,0.0014818693,-0.00010926255,0.14836662,0.0066954717,0.00010818662,0.20312649,0.05267296,0.04279189,-0.00047404435,0.0,0.0,0.17019343,0.45096326,-0.0035767227,0.019480899,0.0,0.0008935593,-0.001197784,0.10852287,-0.013879547,-5.143743e-05,-0.0059643155,-0.0023717568,-0.0018755121,-0.0016317632,0.0,0.05363019,-0.0020607328,-0.0037800334,0.005312374,0.10537867,0.004141545
1986,0.0050096945,0.0,0.00508062,-0.0078102536,-0.0014581572,-0.00077331695,0.033041984,0.0016731084,0.034741018,0.008150764,-0.0013338625,-3.711055e-05,0.0,0.0,0.0,0.00031905598,0.00884168,0.0050504073,0.0,-0.0077481605,-0.005806243,3.8063037e-05,-0.00027172227,0.20863605,0.04917798,0.003506448,0.0004254509,-0.00059893256,0.020134209,-0.002030258,0.0018594805,0.0014818693,-0.00010926255,0.14836662,0.0066954717,0.00010818662,0.20312649,0.05267296,0.04279189,-0.00047404435,0.0,0.0,0.17019343,0.4508858,-0.0035767227,0.019480899,0.0,0.0008935593,-0.001197784,0.10852287,-0.01414587,-5.143743e-05,-0.0059643155,-0.0023717568,-0.0018755121,-0.0016317632,0.0,0.05397397,-0.0020607328,-0.0037800334,0.005312374,0.10537867,0.004141545
1987,0.0050096945,0.0,0.00508062,-0.0078102536,-0.0014581572,-0.00077331695,0.033041984,0.0016731084,0.034741018,0.008150764,-0.0013338625,-3.711055e-05,0.0,0.0,0.0,0.00031905598,0.00884168,0.0050504073,0.0,-0.0077481605,-0.005806243,3.8063037e-05,-0.00027172227,0.20863605,0.04917798,0.003506448,0.0004254509,-0.00059893256,0.020134209,-0.002030258,0.0018594805,0.0014818693,-0.00010926255,0.14836662,0.0066954717,0.00010818662,0.20312649,0.05267296,0.04279189,-0.00047404435,0.0,0.0,0.17019343,0.4508858,-0.0035767227,0.019480899,0.0,0.0008935593,-0.001197784,0.10852287,-0.01414587,-5.143743e-05,-0.0059643155,-0.0023717568,-0.0018755121,-0.0016317632,0.0,0.05397397,-0.0020607328,-0.0037800334,0.005312374,0.10537867,0.004141545
1988,0.0050096945,0.0,0.00508062,-0.0078102536,-0.0014581572,-0.00077331695,0.033041984,0.0016731084,0.034741018,0.008150764,-0.0013338625,-3.711055e-05,0.0,0.0,0.0,0.00031905598,0.00884168,0.0050504073,0.0,-0.0077481605,-0.005806243,3.8063037e-05,-0.00027172227,0.20863605,0.04917798,0.003506448,0.0004254509,-0.00059893256,0.020134209,-0.002030258,0.0018594805,0.0014818693,-0.00010926255,0.14836662,0.0066954717,0.00010818662,0.20312649,0.05267296,0.04279189,-0.00047404435,0.0,0.0,0.17019343,0.4508858,-0.0035767227,0.019480899,0.0,0.0008935593,-0.001197784,0.10852287,-0.01414587,-5.143743e-05,-0.0059643155,-0.0023717568,-0.0018755121,-0.0016317632,0.0,0.05397397,-0.0020607328,-0.0037800334,0.005312374,0.10537867,0.004141545
1989,0.0050096945,0.0,0.00508062,-0.0078102536,-0.0014581572,-0.00077331695,0.033041984,0.0016731084,0.034741018,0.008150764,-0.0013338625,-3.711055e-05,0.0,0.0,0.0,0.00031905598,0.00884168,0.0050504073,0.0,-0.0077481605,-0.005806243,3.8063037e-05,-0.00027172227,0.20863605,0.04917798,0.003506448,0.0004254509,-0.00059893256,0.020134209,-0.002030258,0.0018594805,0.0014818693,-0.00010926255,0.14252838,0.0066954717,0.00010818662,0.20312649,0.05267296,0.04279189,-0.00047404435,0.0,0.0,0.17607976,0.4508858,-0.0035767227,0.019480899,0.0,0.0008935593,-0.001197784,0.108474754,-0.01414587,-5.143743e-05,-0.0059643155,-0.0023717568,-0.0018755121,-0.0016317632,0.0,0.05397397,-0.0020607328,-0.0037800334,0.005312374,0.10537867,0.004141545
1990,-0.0004932059,0.0,0.0022524595,0.0076209796,-0.0015572418,-0.0007846639,0.009373915,0.0023745382,0.034430284,0.00074358087,0.0001492801,-1.7086602e-05,0.0,0.0,0.0,5.8168927e-05,0.008035144,-0.00013837314,0.0,-0.027554324,0.0027645868,-0.0042937146,-0.00012462793,-0.19174151,0.015788222,0.011825772,0.0015546875,-0.0010560227,0.037520792,-0.0057107974,0.00044067425,0.0025447877,-0.00010926255,0.38094357,0.020897018,5.9574377e-05,-0.15126671,-0.01128286,-0.013759323,-0.0014298286,0.0,0.0,-0.12861522,-0.17403096,-0.012199642,-0.005869464,0.0,0.0017891757,-0.005011922,-0.015398428,-0.03441773,-5.143743e-05,0.011585629,0.0021184068,-0.007227344,0.0017612072,0.0,0.014249373,0.0017262277,-0.013682395,0.016226673,0.24039787,0.009795231
1991,0.0042459806,0.0,0.0016479281,0.031871513,0.0019496521,-0.00077331695,0.01676699,0.0023745382,0.061128475,0.00026596175,-0.0055521447,-1.7086602e-05,0.0,0.0,0.0,5.8168927e-05,0.012176468,0.0048706033,0.0,-0.015970096,0.0054325443,-0.00040911383,-0.00023221885,0.11685406,0.033414543,0.003506448,0.0015546875,-0.0005082159,0.028578654,0.0025939085,0.0005397583,0.0008714236,-0.00010926255,0.2605697,0.020897018,0.00010818662,-0.119961016,-0.007604965,-0.00515569,-0.0006342762,0.0,0.0,-0.04226174,0.3424151,-0.007664593,-0.0027196133,0.0,0.002334152,-0.001197784,-0.02306339,-0.013245997,-5.143743e-05,0.009822201,0.0023351966,-0.0028413055,0.0017612072,0.0,0.029528946,0.0017262277,-0.013245339,0.006952362,0.15132388,0.009795231
1992,-0.0007896195,0.0,-0.00043736555,0.0018449017,0.00045964296,-0.0024328914,0.007051017,-0.0048472737,0.030751258,-0.00094848796,0.0001492801,-1.7086602e-05,0.0,0.0,0.0,-0.0029003767,0.008237085,-0.00010618098,0.0,-0.00013550714,0.0027645868,0.00012323525,-0.00012462793,-0.1958905,0.014990918,-0.0010697764,-0.00449361,-0.0007300108,0.09611955,0.00068117527,0.000202795,0.00016566459,-8.170852e-05,-0.01716215,0.017176652,0.00063123147,-0.18791862,-0.05572673,-0.022881385,-0.0018545807,0.0,0.0,-0.16600357,-0.3792021,-0.003172952,-0.005869464,0.0,-5.9574144e-05,-0.000102375736,-0.018319251,-0.050456766,-2.64441e-05,0.0053630853,0.0003826445,-0.0007186803,0.0017612072,0.0,0.012795405,0.00050287833,-0.0015734943,-0.0018466422,-0.038209196,0.008336948
1993,-0.0004932059,0.0,0.0022524595,0.0075166603,0.00045964296,-0.0007846639,0.0064063603,0.0023745382,0.032391515,-0.0051876553,0.0001492801,-1.7086602e-05,0.0,0.0,0.0,5.8168927e-05,0.008237085,-0.00010618098,0.0,-0.027554324,0.0027645868,-0.0042937146,-0.00012462793,-0.19174151,0.014990918,0.012116294,0.0015546875,-0.0011647191,0.040617272,-0.0057107974,0.0004001735,0.002568654,-0.0003888607,0.36780906,0.020897018,5.9574377e-05,-0.15336509,-0.03631583,-0.013759323,-0.0014298286,0.0,0.0,-0.1300563,-0.28258872,-0.012199642,-0.005869464,0.0,0.0017891757,-0.005011922,-0.01386217,-0.035644494,-2.64441e-05,0.0074849706,0.0021184068,-0.007227344,0.0017612072,0.0,0.010118241,0.0017262277,-0.013682395,0.016226673,0.245781,0.009795231
1994,-0.0004932059,0.0,0.0022524595,0.003142307,-0.0015572418,-0.0005878034,0.0073452387,0.0004976122,0.032391515,-0.0010915437,0.0001492801,-1.7086602e-05,0.0,0.0,0.0,5.8168927e-05,0.008035144,-0.00010618098,0.0,0.0019207823,0.0027645868,0.00024205932,-0.00012462793,-0.19014464,0.014038551,0.005007194,0.0015546875,-0.0012024413,0.040617272,-0.0057107974,-0.0009422139,0.00016566459,-0.0003888607,-0.022417238,0.020897018,-0.0014931285,-0.1853626,-0.02070938,-0.017733386,-0.0018545807,0.0,0.0,-0.15181158,-0.35816982,-0.012199642,-0.005869464,0.0,0.0017891757,-0.000102375736,-0.018348053,-0.04731393,-5.143743e-05,0.0073596933,0.0021184068,-0.0029831724,0.0017612072,0.0,0.011161918,0.0017262277,-0.0015734943,0.016226673,0.020200446,0.009795231
1995,0.0050096945,0.0,0.00508062,-0.025607692,-0.006727787,-0.00077331695,0.033041984,0.0013547573,0.045280986,0.008150764,-0.0013338625,-3.711055e-05,0.0,0.0,0.0,7.6855475e-05,0.011031659,0.00019268572,0.0,-0.0077481605,-0.019604433,-7.131969e-05,-0.00027172227,0.19830468,0.04917798,0.003506448,0.0004254509,-0.00059893256,0.020134209,-0.0057107974,0.0017645821,0.0014818693,-0.00010926255,0.155015,0.0066954717,0.00010818662,0.18740264,0.054062285,-0.014251459,-0.00047404435,0.0,0.0,0.16433951,0.2883893,-0.0036266383,0.016795997,0.0,0.002334152,-0.001197784,0.10820841,-0.015025172,-5.143743e-05,-0.0059643155,0.0023351966,-0.0018755121,-0.0016317632,0.0,0.05397397,0.0016871544,-0.008964553,0.005312374,0.112677194,0.004141545
1996,0.0050096945,0.0,0.00508062,-0.025607692,-0.006727787,-0.00077331695,0.026838558,0.0013547573,0.045280986,0.008150764,-0.0013338625,-3.711055e-05,0.0,0.0,0.0,7.6855475e-05,0.011031659,0.00019268572,0.0,-0.006297049,-0.019604433,-7.131969e-05,-0.00027172227,0.19646671,0.04917798,0.003506448,0.0004254509,-0.00059893256,0.020134209,-0.0057107974,0.0017645821,0.0014818693,-0.00010926255,0.15279534,0.0066954717,0.00010818662,0.18740264,0.054062285,-0.014251459,-0.00047404435,0.0,0.0,0.16831097,0.2923706,-0.0036266383,0.016795997,0.0,0.002334152,-0.001197784,0.10823814,-0.014819741,-5.143743e-05,-0.0059643155,0.0023351966,-0.0018755121,-0.0016317632,0.0,0.05397397,0.0016871544,-0.008964553,0.005312374,0.11329923,0.004141545
1997,0.0050096945,0.0,0.00508062,-0.025607692,-0.006727787,-0.00077331695,0.033041984,0.0013547573,0.045280986,0.008150764,-0.0013338625,-3.711055e-05,0.0,0.0,0.0,7.6855475e-05,0.011031659,0.00019268572,0.0,-0.006297049,-0.019604433,-7.131969e-05,-0.00027172227,0.19822577,0.04917798,0.003506448,0.0004254509,-0.00059893256,0.020134209,-0.0057107974,0.0017645821,0.0014818693,-0.00010926255,0.155015,0.0066954717,0.00010818662,0.18275195,0.054062285,-0.014251459,-0.00047404435,0.0,0.0,0.16433951,0.2883893,-0.0036266383,0.016795997,0.0,0.002334152,-0.001197784,0.10820841,-0.012368703,-5.143743e-05,-0.0059643155,0.0023351966,-0.0018755121,-0.0016317632,0.0,0.05397397,0.0016871544,-0.008964553,0.005312374,0.11329923,0.004141545
1998,0.0050096945,0.0,0.00508062,-0.025607692,-0.006727787,-0.00077331695,0.033041984,0.0013547573,0.045280986,0.008150764,-0.0013338625,-3.711055e-05,0.0,0.0,0.0,7.6855475e-05,0.011031659,0.00019268572,0.0,-0.0077481605,-0.019604433,-7.131969e-05,-0.00027172227,0.19830468,0.04917798,0.003506448,0.0004254509,-0.00059893256,0.020134209,-0.0057107974,0.0017645821,0.0014818693,-0.00010926255,0.155015,0.0066954717,0.00010818662,0.18740264,0.054062285,-0.014251459,-0.00047404435,0.0,0.0,0.16433951,0.2883893,-0.0036266383,0.016795997,0.0,0.002334152,-0.001197784,0.10820841,-0.015025172,-5.143743e-05,-0.0059643155,0.0023351966,-0.0018755121,-0.0016317632,0.0,0.05397397,0.0016871544,-0.008964553,0.005312374,0.112677194,0.004141545
1999,0.0050096945,0.0,0.00508062,-0.025607692,-0.006727787,-0.00077331695,0.033041984,0.0013547573,0.045280986,0.008150764,-0.0013338625,-3.711055e-05,0.0,0.0,0.0,7.6855475e-05,0.011031659,0.00019268572,0.0,-0.0077481605,-0.019604433,-7.131969e-05,-0.00027172227,0.19830468,0.04917798,0.003506448,0.0004254509,-0.00059893256,0.020134209,-0.0057107974,0.0017645821,0.0014818693,-0.00010926255,0.14917676,0.0066954717,0.00010818662,0.18740264,0.054062285,-0.014251459,-0.00047404435,0.0,0.0,0.17022586,0.2883893,-0.0036266383,0.016795997,0.0,0.002334152,-0.001197784,0.108160295,-0.015025172,-5.143743e-05,-0.0059643155,0.0023351966,-0.0018755121,-0.0016317632,0.0,0.05397397,0.0016871544,-0.008964553,0.005312374,0.112677194,0.004141545
2050,-0.00072476844,0.0,0.0022524595,0.0026488937,0.00045964296,-0.0023874808,0.0057589263,-0.0048472737,0.021933625,-0.00094848796,0.0001492801,-1.7086602e-05,0.0,0.0,0.0,-0.0029003767,0.005672957,-0.00010618098,0.0,-0.0036447921,0.0027645868,-7.3305036e-06,0.0010361107,-0.19132449,0.015140538,-0.0013676862,0.00027128475,-0.0016472798,0.040617272,0.0025939085,0.000202795,1.1894521e-05,-0.0003888607,0.046292774,-0.006916586,0.0033276365,-0.19061795,-0.039650567,-0.021356583,-0.0018545807,0.0,0.0,-0.15572673,-0.3510444,-0.012199642,-0.005869464,0.0,-5.9574144e-05,3.3630393e-05,-0.019229464,-0.049503423,-2.64441e-05,0.0073596933,0.0021184068,-0.0029831724,0.0017612072,0.0,0.004965282,-0.005404224,-0.0015734943,-0.001277992,0.03907944,-0.0035538897
2051,-0.00072476844,0.0,0.0022524595,0.0026488937,0.00045964296,-0.0023874808,0.005522929,0.0004976122,0.021933625,-0.00094848796,0.0001492801,-1.7086602e-05,0.0,0.0,0.0,5.8168927e-05,0.005672957,-0.00010618098,0.0,-0.0036447921,0.0027645868,0.00024205932,0.0010361107,-0.19132449,0.015140538,-0.0013676862,0.00027128475,-0.0016472798,0.037108928,0.0025939085,0.0004001735,1.1894521e-05,-0.0003888607,0.046292774,-0.006916586,-0.0024697937,-0.19066843,-0.0403945,-0.021356583,-0.0018545807,0.0,0.0,-0.15633138,-0.36045572,-0.012199642,-0.005869464,0.0,-5.9574144e-05,3.3630393e-05,-0.01945285,-0.049503423,-2.64441e-05,0.0073596933,0.0021184068,-0.0029831724,0.0017612072,0.0,0.0050655203,-0.005404224,-0.0015734943,-0.0014784662,0.040429313,-0.0035538897
2052,-6.840413e-05,0.0,-0.00043736555,0.0026488937,0.00045964296,-0.0005878034,0.0059366617,2.5617685e-05,0.021933625,-0.00094848796,0.0001492801,-1.7086602e-05,0.0,0.0,0.0,5.8168927e-05,0.005672957,-0.00010618098,0.0,-0.0036447921,0.0027645868,0.00024205932,0.0010361107,-0.19077393,0.013939973,-0.0013676862,0.00027128475,-0.0016472798,-0.002885153,0.00068117527,0.0004001735,1.1894521e-05,-0.0003888607,0.07163453,-0.006916586,-0.0014931285,-0.19154009,-0.053489067,-0.02303005,-0.0018545807,0.0,0.0,-0.1671738,-0.365104,-0.012199642,-0.005869464,0.0,-5.9574144e-05,3.3630393e-05,-0.018952576,-0.05104364,-2.64441e-05,0.0073596933,0.0003826445,-0.0029831724,0.0017612072,0.0,0.008997841,-0.005404224,-0.0015734943,0.016226673,0.048313435,-0.0035538897
2053,-0.00072476844,0.0,-0.00043736555,0.0026488937,0.00045964296,-0.0005878034,0.0059366617,-0.0048472737,0.021933625,-0.00094848796,0.0001492801,-1.7086602e-05,0.0,0.0,0.0,-0.0029003767,0.005672957,-0.00010618098,0.0,-0.0036447921,0.0027645868,-7.3305036e-06,0.0010361107,-0.19981138,0.014990918,-0.0013676862,0.00027128475,-0.0013111377,0.030659314,0.00068117527,0.0004001735,1.1894521e-05,-0.0003888607,-0.020661442,-0.006916586,-0.0014931285,-0.19461967,-0.054991603,-0.02303005,-0.0018545807,0.0,0.0,-0.16620381,-0.3716032,-0.012199642,-0.005869464,0.0,-5.9574144e-05,3.3630393e-05,-0.01895056,-0.051877975,-2.64441e-05,0.0073596933,0.0003826445,-0.0029831724,0.0017612072,0.0,0.012895642,-0.005404224,-0.0015734943,-0.0014784662,0.018143393,-0.0035538897
2054,-0.00017886932,0.0,0.0022524595,0.0023316722,0.00045964296,-0.0005878034,0.027137164,2.5617685e-05,0.021893475,-0.00094848796,0.0001492801,-1.7086602e-05,0.0,0.0,0.0,5.8168927e-05,0.005672957,-0.00010618098,0.0,-0.0036447921,0.0027645868,-0.00014776754,0.005947278,-0.1943835,0.015568059,-0.0013676862,-0.0007841112,-0.0016472798,-0.002885153,0.00068117527,0.000202795,-9.509745e-05,-0.0003888607,0.0819557,-0.0056440495,-0.0014931285,-0.19211324,-0.05092513,-0.018439747,-0.0018545807,0.0,0.0,-0.14161226,-0.33455962,-0.012199642,-0.005869464,0.0,-5.9574144e-05,3.3630393e-05,-0.06259044,-0.052732974,-2.64441e-05,0.0073596933,0.0021184068,-0.0029831724,0.0017612072,0.0,-0.00038280425,-0.005568632,-0.0015734943,-0.0014784662,0.05334994,-0.0035538897
2055,-0.0012565235,0.0,-0.00043736555,0.0043193493,0.00045964296,-0.0024328914,0.0062258914,2.5617685e-05,0.021893475,-0.00094848796,0.0001492801,-1.7086602e-05,0.0,0.0,0.0,5.8168927e-05,0.005672957,-0.00010618098,0.0,-0.0012366981,0.0027645868,0.0012648392,-0.0007265513,-0.19125262,0.011734378,-0.0016298512,0.00027128475,-0.0010661529,0.09611955,0.00068117527,0.00017655815,-2.3254252e-06,-8.170852e-05,-0.0142816845,-0.006916586,0.00063123147,-0.15181261,-0.050532624,-0.015777249,-0.0018545807,0.0,0.0,-0.13536681,-0.31952012,-0.003172952,-0.005869464,0.0,-5.9574144e-05,3.3630393e-05,-0.17055862,-0.049533512,-2.64441e-05,0.006047063,0.0003826445,-0.0007186803,0.0017612072,0.0,0.0028718198,-0.0018412904,-0.0015734943,-0.0018466422,-0.034289688,-0.0035538897
2056,-0.0012565235,0.0,-0.00043736555,0.0010707519,0.00045964296,-0.0024328914,0.0064367335,2.5617685e-05,0.021893475,-0.00094848796,0.0001492801,-1.7086602e-05,0.0,0.0,0.0,5.8168927e-05,0.005672957,-0.00010618098,0.0,-0.0012366981,0.0027645868,0.0012648392,0.005947278,-0.19000341,0.014173677,-0.0016298512,-0.0007841112,-0.0010661529,0.09611955,0.00068117527,0.0015189456,-0.00034665375,-8.170852e-05,-0.0142816845,-0.0056440495,0.00063123147,-0.15340725,-0.053488225,-0.020371422,-0.0018545807,0.0,0.0,-0.12944666,-0.32761583,-0.003172952,-0.005869464,0.0,-5.9574144e-05,3.3630393e-05,-0.16421822,-0.050671402,-2.64441e-05,0.006047063,-0.0021188613,-0.0007186803,0.0017612072,0.0,0.0029720566,-0.0018412904,-0.0015734943,-0.0020471164,-0.034110334,-0.0035538897
2057,-0.0009601099,0.0,0.0022524595,0.0023316722,0.00045964296,-0.0005878034,0.005101244,0.0004976122,0.021893475,-0.00094848796,0.0001492801,-1.7086602e-05,0.0,0.0,0.0,5.8168927e-05,0.005672957,-0.00010618098,0.0,-0.0036447921,0.0027645868,-0.00014776754,0.005947278,-0.19336155,0.014173677,-0.0013676862,0.00027128475,-0.0016472798,0.040617272,0.00068117527,5.0746705e-05,-0.00015609548,-0.0003888607,-0.02410388,-0.006916586,-0.0014931285,-0.15017234,-0.051869243,-0.020113213,-0.0018545807,0.0,0.0,-0.13020584,-0.31450737,-0.012199642,-0.005869464,0.0,-5.9574144e-05,3.3630393e-05,-0.16979457,-0.051877975,-2.64441e-05,0.007346302,0.0003826445,-0.0029831724,0.0017612072,0.0,-0.00038280425,-0.005568632,-0.0015734943,-0.0014784662,0.013232982,-0.0035538897
2058,-0.00150523,0.0,-0.00043736555,0.0043193493,0.00045964296,-0.0024328914,0.011122227,-0.004943043,0.021708107,-0.00094848796,0.0001492801,-0.00011040977,0.0,0.0,0.0,-0.0029003767,0.005672957,-0.00010618098,0.0,-0.0012366981,0.0027645868,0.0012648392,-0.0007265513,-0.1910188,0.012256764,-0.0010697764,-0.0007841112,-0.0012661478,0.09603916,0.00068117527,0.001439382,-2.3254252e-06,0.0025634265,-0.020221405,-0.0056440495,0.00063123147,-0.112717316,-0.031556994,-0.017119637,-0.0018545807,0.0,0.0,-0.10930722,-0.24467553,-0.003172952,-0.005869464,0.0,-5.9574144e-05,3.3630393e-05,-0.1698349,-0.05177963,-0.000169137,0.006047063,0.0003826445,-0.0007186803,0.0017612072,0.0,-0.14506996,-0.0018412904,-0.0015734943,-0.0021424298,-0.03768277,-0.0035538897
2059,-0.0012874657,0.0,-0.00043736555,0.0010707519,0.00045964296,-0.0024328914,0.005795818,-0.0048472737,0.021893475,-0.00094848796,0.0001492801,-0.00011040977,0.0,0.0,0.0,-0.0029003767,0.005672957,-0.00010618098,0.0,-0.0012366981,0.0027645868,0.0012648392,-0.0007265513,-0.18674421,0.01169368,-0.0016298512,0.00027128475,-0.0010661529,0.09611955,0.00068117527,0.0015189456,-2.3254252e-06,-8.170852e-05,-0.0142816845,-0.006916586,0.00063123147,-0.14236341,-0.037515596,-0.017377846,-0.0018545807,0.0,0.0,-0.11651198,-0.2693153,-0.003172952,-0.005869464,0.0,-5.9574144e-05,3.3630393e-05,-0.14377493,-0.050671402,-2.64441e-05,0.0053630853,-0.0021188613,-0.0007186803,0.0017612072,0.0,-0.09219002,-0.0018412904,-0.0015734943,0.023437351,-0.03381368,-0.0035538897
2060,-0.00072476844,0.0,0.0022524595,0.0026488937,0.00045964296,-0.0023874808,0.0057589263,2.5617685e-05,0.021933625,-0.00094848796,0.0001492801,-1.7086602e-05,0.0,0.0,0.0,5.8168927e-05,0.005672957,-0.00010618098,0.0,-0.0036447921,0.0027645868,0.00024205932,0.0010361107,-0.18681607,0.015140538,-0.0013676862,0.00027128475,-0.0016472798,0.040617272,0.00068117527,0.0004001735,1.1894521e-05,-0.0003888607,0.046292774,-0.006916586,-0.0014931285,-0.19026195,-0.0519145,-0.022762012,-0.0018545807,0.0,0.0,-0.15923645,-0.36192998,-0.012199642,-0.005869464,0.0,-5.9574144e-05,3.3630393e-05,-0.019330172,-0.05139369,-2.64441e-05,0.0073596933,-0.0065137986,-0.0029831724,0.0017612072,0.0,0.0056429794,-0.005404224,-0.0015734943,0.016226673,0.031140529,-0.0035538897
2061,-0.00083523366,0.0,0.0022524595,0.0023316722,0.00045964296,-0.0005878034,0.0059267785,-0.0048472737,0.021933625,-0.00094848796,0.0001492801,-1.7086602e-05,0.0,0.0,0.0,-0.0029003767,0.005672957,-0.00010618098,0.0,-0.0036447921,0.0027645868,0.0012648392,0.005947278,-0.19093591,0.015568059,-0.0013676862,0.00027128475,-0.0016472798,0.040617272,0.0025939085,0.0004001735,-9.509745e-05,-0.0003888607,0.046292774,-0.006916586,-0.0014931285,-0.19066843,-0.037272148,-0.019845175,-0.0018545807,0.0,0.0,-0.15264413,-0.32805756,-0.012199642,-0.005869464,0.0,-5.9574144e-05,3.3630393e-05,-0.06151318,-0.050709996,-2.64441e-05,0.0073596933,-0.0065137986,-0.0029831724,0.0017612072,0.0,0.0050655203,-0.005404224,-0.0015734943,-0.0014784662,0.033600193,-0.0035538897
2062,-0.00083523366,0.0,0.0022524595,0.0023316722,0.00045964296,-0.0023874808,0.005302203,0.0004976122,0.021893475,-0.00094848796,0.0001492801,-1.7086602e-05,0.0,0.0,0.0,5.8168927e-05,0.005672957,-0.00010618098,0.0,-0.0036447921,0.0027645868,0.0012648392,0.005947278,-0.19132449,0.015568059,-0.0013676862,0.00027128475,-0.0016472798,0.040617272,0.00068117527,0.000202795,-9.509745e-05,-0.0003888607,0.046292774,-0.006916586,-0.0024697937,-0.19061795,-0.04953608,-0.020113213,-0.0018545807,0.0,0.0,-0.15541984,-0.33731988,-0.012199642,-0.005869464,0.0,-5.9574144e-05,3.3630393e-05,-0.06141449,-0.050671402,-2.64441e-05,0.0073596933,0.0003826445,-0.0029831724,0.0017612072,0.0,-0.0004830411,-0.005568632,-0.0015734943,-0.001277992,0.036177028,-0.0035538897
2063,-0.00072476844,0.0,0.0022524595,0.0026488937,0.00045964296,-0.0005878034,0.0059115076,0.0004976122,0.021933625,-0.00094848796,0.0001492801,-1.7086602e-05,0.0,0.0,0.0,5.8168927e-05,0.005672957,-0.00010618098,0.0,-0.0036447921,0.0027645868,-7.3305036e-06,0.00073519966,-0.19093591,0.014892341,-0.0013676862,0.00027128475,-0.0016472798,0.040617272,0.00068117527,0.0004001735,1.1894521e-05,-0.0003888607,0.046292774,-0.006916586,-0.0014931285,-0.19066843,-0.0519145,-0.023288257,-0.0018545807,0.0,0.0,-0.16410632,-0.36200443,-0.012199642,-0.005869464,0.0,-5.9574144e-05,3.3630393e-05,-0.0190536,-0.051877975,-2.64441e-05,0.0073596933,-0.0021188613,-0.0029831724,0.0017612072,0.0,0.0050655203,-0.005404224,-0.0015734943,-0.0014784662,0.033600193,-0.0035538897
2064,-0.00083523366,0.0,0.0022524595,0.0023316722,0.00045964296,-0.0005878034,0.005426036,0.0004976122,0.021893475,-0.00094848796,0.0001492801,-1.7086602e-05,0.0,0.0,0.0,5.8168927e-05,0.005672957,-0.00010618098,0.0,-0.0036447921,0.0027645868,-0.00014776754,0.005947278,-0.19093591,0.014837445,-0.0013676862,0.00027128475,-0.0016472798,0.037108928,0.00068117527,5.0746705e-05,-0.00015609548,-0.0003888607,0.026581341,-0.006916586,-0.0014931285,-0.17041041,-0.05028002,-0.020371422,-0.0018545807,0.0,0.0,-0.12740348,-0.33157533,-0.012199642,-0.005869464,0.0,-5.9574144e-05,3.3630393e-05,-0.11615985,-0.051877975,-2.64441e-05,0.0073596933,-0.0021188613,-0.0029831724,0.0017612072,0.0,-0.00038280425,-0.005568632,-0.0015734943,-0.0014784662,0.031768244,-0.0035538897
2065,-0.00033468776,0.0,-0.00043736555,0.0023316722,0.00045964296,-0.0005878034,0.005285863,-0.0048472737,0.006082275,-0.00094848796,0.0001492801,-0.00011040977,0.0,0.0,0.0,-0.0029003767,0.0029231743,-0.00010618098,0.0,-0.0036447921,0.0027645868,0.0012648392,0.005947278,-0.19431409,0.011740548,-0.0013676862,0.00027128475,-0.0016472798,-0.002885153,0.00068117527,0.0004001735,-0.0025935194,-0.0003888607,0.054465406,-0.0054013934,-0.0014931285,-0.16877513,-0.038530022,-0.020113213,-0.00095420436,0.0,0.0,-0.14339411,-0.28808147,-0.012199642,-0.0048646173,0.0,-5.9574144e-05,3.3630393e-05,-0.06117286,-0.03462951,-2.64441e-05,0.0053630853,0.0003826445,-0.0029831724,0.0017612072,0.0,-0.092767484,0.0015618203,-0.0015734943,-0.0015737796,0.049310062,-0.0018705805
2066,-0.00083523366,0.0,0.0022524595,0.0023316722,0.00045964296,-0.0023874808,0.0054000067,2.5617685e-05,0.021893475,-0.00094848796,0.0001492801,-1.7086602e-05,0.0,0.0,0.0,5.8168927e-05,0.005672957,-0.00010618098,0.0,-0.0036447921,0.0027645868,0.0012648392,0.005947278,-0.19132449,0.0154364845,-0.0013676862,0.00027128475,-0.0016472798,0.040617272,0.00068117527,0.0004001735,-0.00015609548,-0.0003888607,0.046292774,-0.006916586,-0.0024697937,-0.1838525,-0.04953608,-0.020371422,-0.0018545807,0.0,0.0,-0.14599736,-0.33736804,-0.012199642,-0.005869464,0.0,-5.9574144e-05,3.3630393e-05,-0.07442512,-0.050671402,-2.64441e-05,0.0073596933,-0.0021188613,-0.0029831724,0.0017612072,0.0,-0.0004830411,-0.005568632,-0.0015734943,-0.001277992,0.036177028,-0.0035538897
2067,-0.00083523366,0.0,0.0022524595,0.0023316722,0.00045964296,-0.0023874808,0.005273454,2.5617685e-05,0.021893475,-0.00094848796,0.0001492801,-1.7086602e-05,0.0,0.0,0.0,5.8168927e-05,0.005672957,-0.00010618098,0.0,-0.0036447921,0.0027645868,-0.00014776754,-0.0007265513,-0.19132449,0.014837445,-0.0013676862,0.00027128475,-0.0016472798,0.040617272,0.0025939085,5.0746705e-05,-2.3254252e-06,-0.0003888607,0.046292774,-0.006916586,0.0034365826,-0.16645919,-0.034131028,-0.01544617,-0.0018545807,0.0,0.0,-0.11949278,-0.3196961,-0.012199642,-0.005869464,0.0,-5.9574144e-05,3.3630393e-05,-0.121092565,-0.049503423,-2.64441e-05,0.0073596933,0.0021184068,-0.0029831724,0.0017612072,0.0,-0.0004830411,-0.005568632,-0.0015734943,-0.001277992,0.038769666,-0.0035538897
2068,-0.00042757572,0.0,0.0022524595,0.0023316722,0.00045964296,-0.0023874808,0.0046583926,-7.015175e-05,0.021708107,-0.00094848796,0.0001492801,-0.00011040977,0.0,0.0,0.0,5.8168927e-05,0.005672957,-0.00010618098,0.0,-0.0036447921,0.0027645868,-0.00014776754,0.005947278,-0.19375668,0.013519571,-0.0013676862,0.00027128475,-0.0018472747,-0.0029655478,0.00068117527,0.00012323141,-0.0018722179,-0.0003888607,0.07163453,-0.006916586,-0.0024697937,-0.14714518,-0.03213502,-0.020113213,-0.0018545807,0.0,0.0,-0.12642059,-0.26930642,-0.012199642,-0.005869464,0.0,-5.9574144e-05,3.3630393e-05,-0.073568314,-0.051047467,-0.000169137,0.0053630853,0.0003826445,-0.0029831724,0.0017612072,0.0,-0.14742824,-0.005568632,-0.0015734943,-0.00027650304,0.05797113,-0.0035538897
2069,-0.00072476844,0.0,0.0022524595,0.0026488937,0.00045964296,-0.0005878034,0.006147505,2.5617685e-05,0.021933625,-0.00094848796,0.0001492801,-1.7086602e-05,0.0,0.0,0.0,5.8168927e-05,0.005672957,-0.00010618098,0.0,-0.0036447921,0.0027645868,0.00024205932,0.0010361107,-0.19093591,0.015140538,-0.0013676862,0.00027128475,-0.0016472798,0.040617272,0.00068117527,0.0004001735,1.1894521e-05,-0.0003888607,0.046292774,-0.006916586,-0.0014931285,-0.19066843,-0.0519145,-0.023288257,-0.0018545807,0.0,0.0,-0.16397056,-0.36240366,-0.012199642,-0.005869464,0.0,-5.9574144e-05,3.3630393e-05,-0.01945285,-0.051877975,-2.64441e-05,0.0073596933,-0.0021188613,-0.0029831724,0.0017612072,0.0,0.004965282,-0.005404224,-0.0015734943,-0.001277992,0.033600193,-0.0035538897
2070,-0.00083523366,0.0,0.0022524595,0.0023316722,0.00045964296,-0.0005878034,0.0056620324,2.5617685e-05,0.021893475,-0.00094848796,0.0001492801,-1.7086602e-05,0.0,0.0,0.0,5.8168927e-05,0.005672957,-0.00010618098,0.0,-0.0036447921,0.0027645868,-1.7201775e-05,-0.0007265513,-0.19449331,0.014837445,-0.0013676862,-0.0007841112,-0.0016472798,-0.0023528058,0.00068117527,0.00017253493,-0.00015609548,-0.0003888607,0.07147982,-0.0056440495,-0.0014931285,-0.16795446,-0.047784,-0.017119637,-0.0018545807,0.0,0.0,-0.13042831,-0.32690182,-0.012199642,-0.005869464,0.0,-5.9574144e-05,3.3630393e-05,-0.121092565,-0.052181534,-2.64441e-05,0.0073596933,0.0003826445,-0.0029831724,0.0017612072,0.0,-0.0004436983,-0.005568632,-0.0015734943,-0.0014784662,0.05334994,-0.0035538897
2071,-0.00108394,0.0,-0.00043736555,0.0023316722,0.00045964296,-0.0023874808,0.004320997,-0.004943043,0.0133623555,-0.00094848796,0.0001492801,-0.00011040977,0.0,0.0,0.0,-0.0029003767,0.0029231743,-0.00010618098,0.0,-0.0036447921,0.0027645868,-1.7201775e-05,0.005947278,-0.19694217,0.0129205305,-0.0013676862,0.00027128475,-0.0018472747,-0.0024332006,0.00068117527,-2.8816874e-05,-0.00015609548,-0.0003888607,0.07147982,-0.006916586,-0.0014931285,-0.1284249,-0.032385893,-0.020113213,-0.00095420436,0.0,0.0,-0.108064,-0.25629047,-0.012199642,-0.005869464,0.0,-5.9574144e-05,3.3630393e-05,-0.11590635,-0.03941273,-0.000169137,0.0073596933,0.0003826445,-0.0029831724,0.0017612072,0.0,-0.1440734,-0.005568632,-0.0015734943,-0.00027650304,0.055926774,-0.0035538897
2072,-0.00150523,0.0,-0.00043736555,0.0043193493,0.00045964296,-0.0024328914,0.010731522,-0.0051013334,0.021360459,-0.00094848796,0.0001492801,-0.00011040977,0.0,0.0,0.0,-0.0029003767,0.005672957,-0.00010618098,0.0,-0.0012366981,0.0027645868,0.0012648392,-0.0007265513,-0.18808278,0.012256764,-0.0010697764,-0.0007841112,-0.0012661478,-0.006176868,0.00068117527,-2.8816874e-05,-2.3254252e-06,0.0025634265,-0.036544472,-0.0056440495,0.00063123147,-0.11684307,-0.0341865,-0.017119637,-0.0018545807,0.0,0.0,-0.11358763,-0.25676438,-0.003172952,-0.005869464,0.0,-5.9574144e-05,3.3630393e-05,-0.17100702,-0.05208319,-0.000169137,0.006047063,0.0003826445,-0.0007186803,0.0017612072,0.0,-0.15452185,0.0003384709,-0.0015734943,-0.0008451531,-0.045496184,-0.0035538897
2073,-0.00108394,0.0,-0.00043736555,0.0023316722,0.00045964296,-0.0023874808,0.00453184,-0.004943043,0.021708107,-0.00094848796,0.0001492801,-0.00011040977,0.0,0.0,0.0,-0.0029003767,0.005672957,-0.00010618098,0.0,-0.0036447921,0.0027645868,0.0012648392,0.005947278,-0.1907403,0.011433599,-0.0013676862,-0.0007841112,-0.0018472747,0.037028532,0.00068117527,0.001439382,-0.00034665375,-0.0003888607,0.048835084,-0.0056440495,-0.0014931285,-0.13010272,-0.031489916,-0.020113213,-0.0018545807,0.0,0.0,-0.10442711,-0.25542665,-0.012199642,-0.005869464,0.0,-5.9574144e-05,3.3630393e-05,-0.112094246,-0.05195048,-0.000169137,0.0073596933,0.0003826445,-0.0029831724,0.0017612072,0.0,-0.14506996,0.0015618203,-0.0015734943,-0.0015737796,0.040429313,-0.0035538897
2074,-0.000991052,0.0,0.0022524595,0.0023316722,0.00045964296,-0.0005878034,0.005285863,2.5617685e-05,0.021893475,-0.00094848796,0.0001492801,-0.00011040977,0.0,0.0,0.0,5.8168927e-05,0.005672957,-0.00010618098,0.0,-0.0036447921,0.0027645868,0.0012648392,0.005947278,-0.18998489,0.012692915,-0.0013676862,-0.0007841112,-0.0016472798,-0.0023528058,0.00068117527,0.0004001735,-9.509745e-05,-0.0003888607,0.051923092,-0.0056440495,-0.0014931285,-0.16768153,-0.03809362,-0.020113213,-0.0018545807,0.0,0.0,-0.14288904,-0.295592,-0.012199642,-0.005869464,0.0,-5.9574144e-05,3.3630393e-05,-0.062251635,-0.052181534,-2.64441e-05,0.0073596933,0.0003826445,-0.0029831724,0.0017612072,0.0,-0.09554488,-0.005568632,-0.0015734943,0.01613136,0.0422292,-0.0035538897
2075,-0.00084886566,0.0,-0.00043736555,0.0043193493,0.00045964296,-0.0024328914,0.0032214592,-0.004943043,0.021708107,-0.00094848796,0.0001492801,-0.00011040977,0.0,0.0,0.0,-0.0029003767,0.005672957,-0.00010618098,0.0,-0.0012366981,0.0027645868,-0.00014776754,-0.0007265513,-0.19866052,0.009817465,-0.0010697764,-0.0007841112,-0.0012661478,-0.0067092148,0.00068117527,0.001439382,-2.3254252e-06,0.0025634265,-0.028860975,-0.0056440495,0.00063123147,-0.1181757,-0.034372028,-0.017119637,-0.0018545807,0.0,0.0,-0.10273468,-0.25377703,-0.003172952,-0.005869464,0.0,0.028886694,3.3630393e-05,-0.17159714,-0.04826544,-0.000169137,0.006047063,0.0003826445,-0.0007186803,0.0017612072,0.0,-0.14514354,-0.0018412904,-0.0015734943,-0.0021424298,-0.044126704,-0.0035538897
2076,-0.00108394,0.0,0.0022524595,0.0023316722,0.00045964296,-0.0023874808,0.00441789,-0.004943043,0.021708107,-0.00094848796,0.0001492801,-0.00011040977,0.0,0.0,0.0,-0.0029003767,0.005672957,-0.00010618098,0.0,-0.0036447921,0.0027645868,-0.00014776754,-0.0007265513,-0.19132449,0.01265191,-0.0013676862,0.00027128475,-0.0018472747,0.040536877,0.0025939085,-2.8816874e-05,-0.00015609548,-0.0003888607,0.048835084,-0.006916586,0.0033276365,-0.12714675,-0.015340921,-0.01544617,-0.0018545807,0.0,0.0,-0.096186295,-0.21786231,-0.012199642,-0.005869464,0.0,-5.9574144e-05,3.3630393e-05,-0.14519937,-0.04957593,-0.000169137,0.0073596933,0.0021184068,-0.0029831724,0.0017612072,0.0,-0.14742824,0.0015618203,-0.0015734943,-0.00027650304,0.03907944,-0.0035538897
2077,-0.00083523366,0.0,0.0022524595,0.0023316722,0.00045964296,-0.0005878034,0.0056620324,2.5617685e-05,0.021893475,-0.00094848796,0.0001492801,-1.7086602e-05,0.0,0.0,0.0,5.8168927e-05,0.005672957,-0.00010618098,0.0,-0.0036447921,0.0027645868,0.0012648392,0.005947278,-0.19093591,0.013350513,-0.0013676862,0.00027128475,-0.0016472798,0.037108928,0.00068117527,0.0015189456,-0.00015609548,-0.0003888607,0.026581341,-0.006916586,-0.0014931285,-0.17177175,-0.05028002,-0.020371422,-0.0018545807,0.0,0.0,-0.1271675,-0.33270383,-0.012199642,-0.005869464,0.0,-5.9574144e-05,3.3630393e-05,-0.11506383,-0.051877975,-2.64441e-05,0.0073596933,-0.0021188613,-0.0029831724,0.0017612072,0.0,-0.00038280425,-0.005568632,-0.0015734943,-0.0014784662,0.031768244,-0.0035538897
2078,-0.00108394,0.0,0.0022524595,0.0023316722,0.00045964296,-0.0005878034,0.025780857,0.00040184276,0.021708107,-0.00094848796,0.0001492801,-0.00011040977,0.0,0.0,0.0,5.8168927e-05,0.005672957,-0.00010618098,0.0,-0.0036447921,0.0027645868,-0.00014776754,-0.0007265513,-0.1915769,0.01265191,-0.0013676862,-0.0007841112,-0.0018472747,0.030578919,0.00068117527,0.00082395785,-0.00015609548,-0.0003888607,0.06005638,-0.0056440495,-0.0014931285,-0.12736389,-0.028348789,-0.01544617,-0.0018545807,0.0,0.0,-0.09138942,-0.22866581,-0.012199642,-0.005869464,0.0,-5.9574144e-05,3.3630393e-05,-0.1453368,-0.05250192,-0.000169137,0.0073596933,0.0021184068,-0.0029831724,0.0017612072,0.0,-0.14775471,-0.005568632,-0.0015734943,-0.0015737796,0.04226748,-0.0035538897
2079,-0.00042757572,0.0,0.0022524595,0.0023316722,0.00045964296,-0.0005878034,0.0049204184,-0.004943043,0.021708107,-0.00094848796,0.0001492801,-0.00011040977,0.0,0.0,0.0,-0.0029003767,0.005672957,-0.00010618098,0.0,-0.0036447921,0.0027645868,0.0012648392,0.005947278,-0.19704297,0.011433599,-0.0013676862,0.00027128475,-0.0018472747,-0.0029655478,0.00068117527,0.001439382,-0.00015609548,-0.0003888607,0.0012378781,-0.006916586,-0.0014931285,-0.13373747,-0.034468185,-0.020113213,-0.0018545807,0.0,0.0,-0.10492822,-0.2735203,-0.012199642,-0.005869464,0.0,-5.9574144e-05,3.3630393e-05,-0.11506383,-0.05225404,-0.000169137,0.0073596933,0.0003826445,-0.0029831724,0.0017612072,0.0,-0.14842482,-0.005568632,-0.0015734943,-0.0015737796,0.029225849,-0.0035538897
2080,-0.0012874657,0.0,-0.00043736555,0.0010707519,0.00045964296,-0.0024328914,0.011547718,2.5617685e-05,0.021893475,-0.00094848796,0.0001492801,-0.00011040977,0.0,0.0,0.0,5.8168927e-05,0.005672957,-0.00010618098,0.0,-0.0012366981,0.0027645868,0.0012648392,0.005947278,-0.1910188,0.013449232,-0.0016298512,0.00027128475,-0.0010661529,0.1063112,0.00068117527,5.0746705e-05,-2.3254252e-06,-8.170852e-05,-0.0197438,-0.006916586,0.00063123147,-0.14266239,-0.03757429,-0.020113213,-0.0018545807,0.0,0.0,-0.11928131,-0.3093767,-0.003172952,-0.005869464,0.0,-5.9574144e-05,3.3630393e-05,-0.11530649,-0.051707126,-2.64441e-05,0.0053630853,0.0003826445,-0.0007186803,0.0017612072,0.0,-0.092767484,-0.0018412904,-0.0015734943,-0.0021424298,-0.034220807,-0.0035538897
2081,-0.0011316473,0.0,0.0022524595,0.0010707519,0.00045964296,-0.0024328914,0.012104344,2.5617685e-05,0.021893475,-0.00094848796,0.0001492801,-1.7086602e-05,0.0,0.0,0.0,5.8168927e-05,0.005672957,-0.00010618098,0.0,-0.0012366981,0.0027645868,0.0012648392,0.005947278,-0.19035378,0.015568059,-0.0016298512,0.00027128475,-0.0010661529,0.09611955,0.00068117527,0.000202795,-9.509745e-05,-8.170852e-05,-0.0197438,-0.006916586,0.00063123147,-0.19484812,-0.053488225,-0.020371422,-0.0018545807,0.0,0.0,-0.13851139,-0.35976768,-0.003172952,-0.005869464,0.0,0.028886694,3.3630393e-05,-0.06784049,-0.05006299,-2.64441e-05,0.0073596933,-0.0021188613,-0.0007186803,0.0017612072,0.0,-0.00038280425,-0.0018412904,-0.0015734943,-0.0020471164,-0.038516827,-0.0035538897
2082,-0.0012088164,0.0,0.0022524595,0.0023316722,0.00045964296,-0.0023874808,0.00441789,-7.015175e-05,0.021708107,-0.00094848796,0.0001492801,-0.00011040977,0.0,0.0,0.0,5.8168927e-05,0.005672957,-0.00010618098,0.0,-0.0036447921,0.0027645868,-0.00014776754,-0.0007265513,-0.19132449,0.012256764,-0.0013676862,0.00027128475,-0.0018472747,0.040536877,0.00068117527,-2.8816874e-05,-0.00015609548,-0.0003888607,0.046292774,-0.006916586,0.0033276365,-0.10690867,-0.027604852,-0.017119637,-0.0018545807,0.0,0.0,-0.10741974,-0.22202142,-0.012199642,-0.005869464,0.0,-5.9574144e-05,3.3630393e-05,-0.17433114,-0.050743908,-0.000169137,0.006047063,0.0003826445,-0.0029831724,0.0017612072,0.0,-0.14742824,-0.005568632,-0.0015734943,-0.00027650304,0.043485932,-0.0035538897
2083,-0.00017886932,0.0,-0.00043736555,0.0023316722,0.00045964296,-0.0023874808,0.0029263466,-0.0048472737,0.013547724,-0.00094848796,0.0001492801,-1.7086602e-05,0.0,0.0,0.0,-0.0029003767,0.0029231743,-0.00010618098,0.0,-0.0036447921,0.0027645868,0.0012648392,0.005947278,-0.19485006,0.012997187,-0.0013676862,0.00027128475,-0.0016472798,-0.002885153,0.00068117527,0.0004001735,-0.00034665375,-0.0003888607,0.07163453,-0.006916586,-0.0014931285,-0.18650813,-0.051361527,-0.020113213,-0.00095420436,0.0,0.0,-0.14930111,-0.33355352,-0.012199642,-0.005869464,0.0,-5.9574144e-05,3.3630393e-05,-0.07236444,-0.03820233,-2.64441e-05,0.0053630853,0.0003826445,-0.0029831724,0.0017612072,0.0,0.0028984803,-0.005568632,-0.0015734943,-0.0014784662,0.05934061,-0.0035538897
2084,-0.0012088164,0.0,0.0022524595,0.0023316722,0.00045964296,-0.0023874808,0.00441789,-7.015175e-05,0.021708107,-0.00094848796,0.0001492801,-0.00011040977,0.0,0.0,0.0,5.8168927e-05,0.005672957,-0.00010618098,0.0,-0.0036447921,0.0027645868,-0.00014776754,-0.0007265513,-0.19132449,0.012256764,-0.0013676862,0.00027128475,-0.0018472747,0.040536877,0.0025939085,-2.8816874e-05,-2.3254252e-06,-0.0003888607,0.046292774,-0.006916586,0.0033276365,-0.10690867,-0.015340921,-0.01544617,-0.0018545807,0.0,0.0,-0.096655175,-0.22004786,-0.012199642,-0.005869464,0.0,-5.9574144e-05,3.3630393e-05,-0.17498076,-0.04957593,-0.000169137,0.007346302,0.0021184068,-0.0029831724,0.0017612072,0.0,-0.14742824,-0.005568632,-0.0015734943,-0.00027650304,0.042656958,-0.0035538897
2085,-0.00083523366,0.0,-0.00043736555,0.0023316722,0.00045964296,-0.0005878034,0.005577742,-0.0048472737,0.021039138,-0.00094848796,0.0001492801,-1.7086602e-05,0.0,0.0,0.0,-0.0029003767,0.005672957,-0.00010618098,0.0,-0.0036447921,0.0027645868,-0.00014776754,0.005947278,-0.194135,0.014081128,-0.0013676862,0.00027128475,-0.0016472798,-0.0023528058,0.00068117527,0.0004001735,-0.000943213,-0.0003888607,0.07163453,-0.006916586,-0.0014931285,-0.19200896,-0.05092513,-0.020113213,-0.0018545807,0.0,0.0,-0.14850183,-0.33090168,-0.012199642,-0.005869464,0.0,-5.9574144e-05,3.3630393e-05,-0.0673894,-0.05110132,-2.64441e-05,0.0073596933,0.0003826445,-0.0029831724,0.0017612072,0.0,0.0029720566,-0.005568632,-0.0015734943,-0.0014784662,0.05334994,-0.0035538897
2086,-0.0012874657,0.0,-0.00043736555,0.0043193493,0.00045964296,-0.0024328914,0.0037735035,-0.0048472737,0.021893475,-0.00094848796,0.0001492801,-0.00011040977,0.0,0.0,0.0,-0.0029003767,0.005672957,-0.00010618098,0.0,-0.0012366981,0.0027645868,0.0012648392,-0.0007265513,-0.19368748,0.011608973,-0.0010697764,-0.0007841112,-0.0010661529,0.07814466,0.00068117527,-0.0009422139,-2.3254252e-06,0.0025634265,-0.016465642,-0.0056440495,0.00063123147,-0.16027287,-0.037701122,-0.015777249,-0.0018545807,0.0,0.0,-0.13177063,-0.30449256,-0.003172952,-0.005869464,0.0,0.028886694,3.3630393e-05,-0.07784372,-0.047889374,-2.64441e-05,0.0053630853,0.0003826445,-0.0007186803,0.0017612072,0.0,-0.09284107,-0.0018412904,-0.0015734943,-0.0021424298,-0.040636927,-0.0035538897
2087,-0.001021182,0.0,-0.00043736555,0.0019383557,0.00045964296,-0.0024328914,-0.02686128,-0.005132334,0.021701045,-0.00094848796,0.0001492801,-1.7086602e-05,0.0,0.0,0.0,-0.0029003767,0.0055953404,-0.00010618098,0.0,-0.0012366981,0.0027645868,0.00024205932,-0.00012462793,-0.19853652,0.013939973,-0.0016298512,-0.0007841112,-0.0010661529,-0.0060964734,0.00068117527,-0.0009422139,0.00016566459,-8.170852e-05,-0.026973419,-0.0056440495,0.00063123147,-0.19070902,-0.05474982,-0.021538997,-0.0018545807,0.0,0.0,-0.15664665,-0.38339353,-0.003172952,-0.005869464,0.0,-5.9574144e-05,3.3630393e-05,-0.019044397,-0.049837068,-2.64441e-05,0.0053630853,0.0003826445,-0.0007186803,0.0017612072,0.0,0.0025484946,-0.0018412904,-0.0015734943,-0.0020471164,-0.043095756,-0.002318735
2088,-0.00017886932,0.0,0.0022524595,0.0023316722,0.00045964296,-0.0005878034,0.0059267785,2.5617685e-05,0.021893475,-0.00094848796,0.0001492801,-1.7086602e-05,0.0,0.0,0.0,5.8168927e-05,0.005672957,-0.00010618098,0.0,-0.0036447921,0.0027645868,-0.00014776754,0.005947278,-0.19704297,0.015568059,-0.0013676862,0.00027128475,-0.0016472798,-0.002885153,0.00068117527,0.000202795,-9.509745e-05,-0.0003888607,0.0037801908,-0.006916586,-0.0014931285,-0.19584732,-0.053258292,-0.018439747,-0.0018545807,0.0,0.0,-0.14459024,-0.35327625,-0.012199642,-0.005869464,0.0,-5.9574144e-05,3.3630393e-05,-0.062453017,-0.05169725,-2.64441e-05,0.0073596933,0.0021184068,-0.0029831724,0.0017612072,0.0,-0.00038280425,0.0015618203,-0.0015734943,-0.0014784662,0.029225849,-0.0035538897
2089,-0.00072476844,0.0,0.0022524595,0.0026488937,0.00045964296,-0.0023874808,0.0057589263,2.5617685e-05,0.021893475,-0.00094848796,0.0001492801,-1.7086602e-05,0.0,0.0,0.0,5.8168927e-05,0.005672957,-0.00010618098,0.0,-0.0036447921,0.0027645868,0.00024205932,0.0010361107,-0.19132449,0.015140538,-0.0013676862,0.00027128475,-0.0016472798,0.040617272,0.0025939085,0.0004001735,0.00016566459,-0.0003888607,0.048835084,-0.006916586,0.0033276365,-0.19066843,-0.039650567,-0.021356583,-0.0018545807,0.0,0.0,-0.15044248,-0.35738578,-0.012199642,-0.005869464,0.0,-5.9574144e-05,3.3630393e-05,-0.01945285,-0.049503423,-2.64441e-05,0.0073596933,0.0021184068,-0.0029831724,0.0017612072,0.0,-0.00038280425,0.0015618203,-0.0015734943,-0.0014784662,0.038900085,-0.0035538897
2090,-0.0011316473,0.0,-0.00043736555,0.0010707519,0.00045964296,-0.0024328914,0.0066045867,2.5617685e-05,0.021933625,-0.00094848796,0.0001492801,-1.7086602e-05,0.0,0.0,0.0,5.8168927e-05,0.005672957,-0.00010618098,0.0,-0.0012366981,0.0027645868,0.0012648392,-0.0007265513,-0.18674421,0.013128761,-0.0016298512,0.00027128475,-0.0010661529,0.09611955,0.00068117527,-0.0009422139,5.8672624e-05,-8.170852e-05,-0.0142816845,-0.006916586,0.00063123147,-0.19323829,-0.050532624,-0.016035458,-0.0018545807,0.0,0.0,-0.16006869,-0.3503018,-0.003172952,-0.005869464,0.0,-5.9574144e-05,3.3630393e-05,-0.06723211,-0.049533512,-2.64441e-05,0.0053630853,-0.0021188613,-0.0007186803,0.0017612072,0.0,0.008997841,-0.001676883,-0.0015734943,0.023532664,-0.03381368,-0.0035538897
2091,-0.00047528296,0.0,-0.00043736555,0.0043193493,0.00045964296,-0.0024328914,0.0043417695,2.5617685e-05,0.021893475,-0.00094848796,0.0001492801,-1.7086602e-05,0.0,0.0,0.0,5.8168927e-05,0.005672957,-0.00010618098,0.0,-0.0012366981,0.0027645868,-0.00014776754,-0.0007265513,-0.19866052,0.013128761,-0.0016298512,-0.0007841112,-0.0010661529,-0.00662882,0.00068117527,0.0004001735,5.8672624e-05,-8.170852e-05,-0.02838337,-0.0056440495,0.00063123147,-0.20057414,-0.053162135,-0.017119637,-0.0018545807,0.0,0.0,-0.16217965,-0.36607397,-0.003172952,-0.005869464,0.0,-5.9574144e-05,3.3630393e-05,-0.065970294,-0.049837068,-2.64441e-05,0.0053630853,0.0003826445,-0.0007186803,0.0017612072,0.0,0.0028984803,-0.0018412904,-0.0015734943,-0.0020471164,-0.043095756,-0.0035538897
2092,-0.0011316473,0.0,-0.00043736555,0.0010707519,0.00045964296,-0.0024328914,0.0065794326,0.0004976122,0.021893475,-0.00094848796,0.0001492801,-1.7086602e-05,0.0,0.0,0.0,5.8168927e-05,0.005672957,-0.00010618098,0.0,-0.0012366981,0.0027645868,0.0012648392,0.005947278,-0.19125262,0.015568059,-0.0016298512,0.00027128475,-0.0010661529,0.1063112,0.00068117527,0.0004001735,-9.509745e-05,-8.170852e-05,-0.0142816845,-0.006916586,0.00063123147,-0.19489862,-0.050405793,-0.020113213,-0.0018545807,0.0,0.0,-0.1574691,-0.3603736,-0.003172952,-0.005869464,0.0,-5.9574144e-05,3.3630393e-05,-0.061560933,-0.050671402,-2.64441e-05,0.0053630853,0.0003826445,-0.0007186803,0.0017612072,0.0,0.0028718198,-0.0018412904,-0.0015734943,-0.0018466422,-0.03404145,-0.0035538897
2093,-0.00036481774,0.0,-0.00043736555,0.0013879723,0.00045964296,-0.0024328914,0.006825312,2.5617685e-05,0.021893475,-0.00094848796,0.0001492801,-1.7086602e-05,0.0,0.0,0.0,5.8168927e-05,0.005672957,-0.00010618098,0.0,-0.0012366981,0.0027645868,0.00024205932,0.0010361107,-0.19962743,0.014892341,-0.0016298512,-0.0007841112,-0.0010661529,-0.00662882,0.00068117527,0.0004001735,1.1894521e-05,-8.170852e-05,-0.02838337,-0.0056440495,0.00063123147,-0.20057414,-0.058496147,-0.02303005,-0.0018545807,0.0,0.0,-0.16538577,-0.3988815,-0.003172952,-0.005869464,0.0,-5.9574144e-05,3.3630393e-05,-0.019123003,-0.05097496,-2.64441e-05,0.0053630853,0.0003826445,-0.0007186803,0.0017612072,0.0,0.0028718198,-0.0018412904,-0.0015734943,-0.0018466422,-0.044285882,-0.0035538897
2094,-0.00084886566,0.0,-0.00043736555,0.0040157363,0.00045964296,-0.0024328914,0.0053044157,-7.015175e-05,0.021360459,-0.00094848796,0.0001492801,-0.00011040977,0.0,0.0,0.0,5.8168927e-05,0.005672957,-0.00010618098,0.0,-0.0012366981,0.0027645868,0.0012648392,0.005947278,-0.1839322,0.010769832,-0.0016298512,-0.0007841112,-0.0012661478,-0.0067092148,0.00068117527,9.699457e-05,-0.00015609548,0.0025634265,-0.030592246,-0.0056440495,0.00063123147,-0.116515376,-0.037355658,-0.018770825,-0.0018545807,0.0,0.0,-0.112203464,-0.26698834,-0.003172952,-0.005869464,0.0,-5.9574144e-05,3.3630393e-05,-0.16575673,-0.051047467,-0.000169137,0.006047063,0.0003826445,-0.0007186803,0.0017612072,0.0,-0.15494095,0.0003384709,-0.0015734943,0.023437351,-0.042138297,-0.0035538897
2095,-0.00108394,0.0,-0.00043736555,0.0023316722,0.00045964296,-0.0005878034,0.0047095753,-7.015175e-05,0.021708107,-0.00094848796,0.0001492801,-0.00011040977,0.0,0.0,0.0,5.8168927e-05,0.005672957,-0.00010618098,0.0,-0.0036447921,0.0027645868,-1.7201775e-05,-0.0007265513,-0.19160093,0.011433599,-0.0013676862,0.00027128475,-0.0018472747,0.037028532,0.00068117527,-2.8816874e-05,-0.00015609548,-0.0003888607,0.046138063,-0.006916586,-0.0014931285,-0.12714675,-0.028348789,-0.017377846,-0.0018545807,0.0,0.0,-0.10447276,-0.25208086,-0.012199642,-0.005869464,0.0,-5.9574144e-05,3.3630393e-05,-0.122001454,-0.05195048,-0.000169137,0.0053630853,-0.0021188613,-0.0029831724,0.0017612072,0.0,-0.1440734,-0.005568632,-0.0015734943,-0.00027650304,0.039896835,-0.0035538897
2096,-0.000991052,0.0,0.0022524595,0.0023316722,0.00045964296,-0.0005878034,0.0051180106,2.5617685e-05,0.021893475,-0.00094848796,0.0001492801,-0.00011040977,0.0,0.0,0.0,5.8168927e-05,0.005672957,-0.00010618098,0.0,-0.0036447921,0.0027645868,-0.00014776754,-0.0007265513,-0.19093591,0.01169368,-0.0013676862,0.00027128475,-0.0016472798,0.037108928,0.00068117527,5.0746705e-05,-0.00015609548,-0.0003888607,0.046292774,-0.006916586,-0.0014931285,-0.13843225,-0.03430739,-0.017377846,-0.0018545807,0.0,0.0,-0.11465904,-0.25194064,-0.012199642,-0.005869464,0.0,-5.9574144e-05,3.3630393e-05,-0.146314,-0.051877975,-2.64441e-05,0.0073596933,-0.0021188613,-0.0029831724,0.0017612072,0.0,-0.09612234,-0.005568632,-0.0015734943,-0.0015737796,0.037852477,-0.0035538897
2097,-0.00083523366,0.0,0.0022524595,0.0023316722,0.00045964296,-0.0005878034,0.005312086,0.0004976122,0.021893475,-0.00094848796,0.0001492801,-1.7086602e-05,0.0,0.0,0.0,5.8168927e-05,0.005672957,-0.00010618098,0.0,-0.0036447921,0.0027645868,-0.00014776754,-0.0007265513,-0.18642749,0.014568824,-0.0013676862,0.00027128475,-0.0016472798,0.037108928,0.0025939085,5.0746705e-05,-0.00015609548,-0.0003888607,0.026581341,-0.006916586,-0.0014931285,-0.17000392,-0.03487496,-0.016851598,-0.0018545807,0.0,0.0,-0.11375124,-0.29919246,-0.012199642,-0.005869464,0.0,0.028886694,3.3630393e-05,-0.14507669,-0.04906586,-2.64441e-05,0.0073596933,-0.0065137986,-0.0029831724,0.0017612072,0.0,0.00019465626,-0.005568632,-0.0015734943,0.016226673,0.026731744,-0.0035538897
2098,-0.0009601099,0.0,0.0022524595,0.0023316722,0.00045964296,-0.0005878034,0.005548083,2.5617685e-05,0.021893475,-0.00094848796,0.0001492801,-1.7086602e-05,0.0,0.0,0.0,5.8168927e-05,0.005672957,-0.00010618098,0.0,-0.0036447921,0.0027645868,0.0012648392,0.005947278,-0.19093591,0.014173677,-0.0013676862,0.00027128475,-0.0016472798,0.037108928,0.00068117527,0.0008071815,-0.00015609548,-0.0003888607,0.046292774,-0.006916586,-0.0014931285,-0.14758246,-0.05028002,-0.020371422,-0.0018545807,0.0,0.0,-0.12726772,-0.30068064,-0.012199642,-0.005869464,0.0,-5.9574144e-05,3.3630393e-05,-0.16775501,-0.051877975,-2.64441e-05,0.006047063,-0.0021188613,-0.0029831724,0.0017612072,0.0,-0.0004830411,-0.005568632,-0.0015734943,-0.001277992,0.042258967,-0.0035538897
2099,-0.00083523366,0.0,0.0022524595,0.0023316722,0.00045964296,-0.0005878034,0.005426036,0.0004976122,0.021893475,-0.00094848796,0.0001492801,-1.7086602e-05,0.0,0.0,0.0,5.8168927e-05,0.005672957,-0.00010618098,0.0,-0.0036447921,0.0027645868,-0.00014776754,-0.0007265513,-0.19093591,0.013350513,-0.0013676862,0.00027128475,-0.0016472798,0.037108928,0.00068117527,5.0746705e-05,-0.00015609548,-0.0003888607,0.046292774,-0.006916586,-0.0014931285,-0.16645919,-0.047138892,-0.017377846,-0.0018545807,0.0,0.0,-0.12740348,-0.32096538,-0.012199642,-0.005869464,0.0,-5.9574144e-05,3.3630393e-05,-0.1222072,-0.051877975,-2.64441e-05,0.0073596933,-0.0021188613,-0.0029831724,0.0017612072,0.0,-0.00038280425,-0.005568632,-0.0015734943,-0.0014784662,0.037852477,-0.0035538897
2100,0.0050096945,0.0,0.00508062,-0.027740207,-0.0014581572,-0.00077331695,0.033041984,0.0016731084,0.032869294,0.008150764,-0.0013338625,-3.711055e-05,0.0,0.0,0.0,0.00031905598,0.00884168,0.0050504073,0.0,-0.0077481605,-0.005806243,-0.0002997311,-0.00027172227,0.20203272,0.049718823,0.003506448,0.0004254509,-0.00059893256,0.020134209,-0.002030258,0.0007316648,0.0008568703,-0.00010926255,0.14836662,0.0098388735,0.00010818662,0.15497862,0.04458622,0.038721807,-0.00047404435,0.0,0.0,0.16164987,0.42410865,-0.0035767227,0.019480899,0.0,0.0008935593,-0.001197784,-0.08314078,-0.011489401,-5.143743e-05,-0.031991076,0.00078493473,-0.0018755121,-0.008249152,0.0,0.05467007,-0.0020607328,-0.0037800334,-0.0005072715,0.106470734,0.004141545
2101,0.0050096945,0.0,0.00508062,-0.027740207,-0.0014581572,-0.00077331695,0.033041984,0.0016731084,0.0346102,0.008150764,-0.0013338625,-3.711055e-05,0.0,0.0,0.0,0.00031905598,0.00884168,0.0050504073,0.0,-0.0077481605,-0.005806243,-0.0002997311,-0.00027172227,0.20167184,0.049718823,0.003506448,0.0004254509,-0.00059893256,0.020134209,-0.002030258,0.0005167521,0.0008568703,-0.00010926255,0.14905317,0.0098388735,0.0013166785,0.15491523,0.04458622,0.038721807,-0.00047404435,0.0,0.0,0.16189879,0.41848168,-0.0035767227,0.01810089,0.0,0.0008935593,-0.001197784,-0.082862474,-0.011240482,-5.143743e-05,-0.031991076,0.00078493473,-0.0018755121,-0.008249152,0.0,0.05467007,0.00057696406,-0.0037800334,-0.0005072715,0.10706714,0.004141545
2102,0.0050096945,0.0,0.00508062,-0.027740207,-0.0014581572,-0.00077331695,0.033041984,0.0016731084,0.032869294,0.008150764,-0.0013338625,-3.711055e-05,0.0,0.0,0.0,0.00031905598,0.00884168,0.0050504073,0.0,-0.0077481605,-0.005806243,-0.0002997311,-0.00027172227,0.20203272,0.049718823,0.003506448,0.0004254509,-0.00059893256,0.020134209,-0.002030258,0.00094101497,0.0008568703,-0.00010926255,0.14836662,0.0098388735,5.6470104e-05,0.15497862,0.04458622,0.038721807,-0.00047404435,0.0,0.0,0.16189879,0.42430365,-0.0035767227,0.019480899,0.0,0.0008935593,-0.001197784,-0.08341494,-0.011240482,-5.143743e-05,-0.031991076,0.00078493473,-0.0018755121,-0.008249152,0.0,0.05467007,-0.0020607328,-0.0037800334,-0.0005072715,0.1058944,0.004141545
2103,0.0050096945,0.0,0.00508062,-0.027740207,-0.0014581572,-0.00077331695,0.033041984,0.0016731084,0.0346102,0.008150764,-0.0013338625,-3.711055e-05,0.0,0.0,0.0,0.00031905598,0.00884168,0.0050504073,0.0,-0.0077481605,-0.005806243,-0.0002997311,-0.00027172227,0.20167184,0.049718823,0.003506448,0.0004254509,-0.00059893256,0.020134209,-0.002030258,0.0005167521,0.0008568703,-0.00010926255,0.14836662,0.0098388735,5.6470104e-05,0.15491523,0.04458622,0.038721807,-0.00047404435,0.0,0.0,0.16189879,0.42423886,-0.0035767227,0.01810089,0.0,0.0008935593,-0.001197784,-0.082862474,-0.011240482,-5.143743e-05,-0.031991076,0.00078493473,-0.0018755121,-0.008249152,0.0,0.05467007,-0.0020607328,-0.0037800334,-0.0005072715,0.1058944,0.004141545
2104,0.0050096945,0.0,0.00508062,-0.027740207,-0.0014581572,-0.00077331695,0.033041984,0.0016731084,0.032869294,0.008150764,-0.0013338625,-3.711055e-05,0.0,0.0,0.0,0.00031905598,0.00884168,0.0050504073,0.0,-0.0077481605,-0.005806243,-0.0002997311,-0.00027172227,0.19906887,0.049718823,0.003506448,0.0004254509,-0.00059893256,0.020134209,-0.002030258,0.0007316648,0.0008568703,-0.00010926255,0.14836662,0.0098388735,-0.00038965093,0.15445782,0.04458622,0.038721807,-0.00047404435,0.0,0.0,0.16189879,0.42353737,-0.0035767227,0.019480899,0.0,0.0008935593,-0.001197784,-0.08311633,-0.011240482,-5.143743e-05,-0.031991076,0.00078493473,-0.0018755121,-0.008249152,0.0,0.05397397,-0.0020607328,-0.0037800334,0.005312374,0.10537867,0.004141545
2105,0.0050096945,0.0,0.00508062,-0.027740207,-0.0014581572,-0.00077331695,0.033041984,0.0016731084,0.0346102,0.008150764,-0.0013338625,-3.711055e-05,0.0,0.0,0.0,0.00031905598,0.00884168,0.0050504073,0.0,-0.0077481605,-0.005806243,-0.0002997311,-0.00027172227,0.20167184,0.049718823,0.003506448,0.0004254509,-0.00059893256,0.020134209,-0.002030258,0.0005167521,0.0008568703,-0.00010926255,0.14905317,0.0098388735,5.6470104e-05,0.15491523,0.04458622,0.038721807,-0.00047404435,0.0,0.0,0.16189879,0.42091462,-0.0035767227,0.01810089,0.0,0.0008935593,-0.001197784,-0.082862474,-0.011240482,-5.143743e-05,-0.031991076,0.00078493473,-0.0018755121,-0.008249152,0.0,0.05467007,0.00057696406,-0.0037800334,-0.0005072715,0.1058944,0.004141545
2106,0.0050096945,0.0,0.00508062,-0.027740207,-0.0014581572,-0.00077331695,0.033041984,0.0016731084,0.043434363,-0.0013376605,-0.0013338625,-3.711055e-05,0.0,0.0,0.0,0.00031905598,0.011975117,0.0050504073,0.0,-0.0077481605,-0.005806243,-0.0002997311,-0.00027172227,0.1998314,0.049718823,0.003506448,0.0004254509,-0.00059893256,0.020134209,-0.002030258,0.0005167521,0.0008568703,-0.00010926255,0.14836662,0.0098388735,-0.00038965093,0.15491523,0.04458622,0.038721807,-0.00047404435,0.0,0.0,0.1615729,0.4238058,-0.0035767227,0.01810089,0.0,0.0008935593,-0.001197784,-0.082862474,-0.011240482,-5.143743e-05,-0.031991076,0.00078493473,-0.0018755121,-0.008249152,0.0,0.05467007,-0.0020607328,-0.0037800334,-0.0005072715,0.106470734,0.004141545
2107,0.0050096945,0.0,0.00508062,-0.027740207,-0.0014581572,-0.00077331695,0.033041984,0.0016731084,0.043434363,-0.0013376605,-0.0013338625,-3.711055e-05,0.0,0.0,0.0,0.00031905598,0.011975117,0.0050504073,0.0,-0.0077481605,-0.005806243,-0.0002997311,-0.00027172227,0.1998314,0.049718823,0.003506448,0.0004254509,-0.00059893256,0.020134209,-0.002030258,0.0005167521,0.0008568703,-0.00010926255,0.15061349,0.0098388735,5.6470104e-05,0.15491523,0.04458622,0.038721807,-0.00047404435,0.0,0.0,0.1615729,0.41839823,-0.0035767227,0.01810089,0.0,0.0008935593,-0.001197784,-0.082862474,-0.011240482,-5.143743e-05,-0.031991076,0.00078493473,-0.0018755121,-0.008249152,0.0,0.05467007,-0.0020607328,-0.0004890964,-0.0005072715,0.1058944,0.004141545
2108,0.0050096945,0.0,0.00508062,-0.027740207,-0.0014581572,-0.00077331695,0.026838558,0.0016731084,0.0346102,0.008150764,-0.0013338625,-3.711055e-05,0.0,0.0,0.0,0.00031905598,0.00884168,0.0050504073,0.0,-0.0077481605,-0.005806243,-0.0002997311,-0.00027172227,0.20190698,0.049718823,0.003506448,0.0004254509,-0.00059893256,0.020134209,-0.002030258,0.00094101497,0.0008568703,-0.00010926255,0.14614695,0.0098388735,5.6470104e-05,0.15497862,0.04458622,0.038721807,-0.00047404435,0.0,0.0,0.16587025,0.4282849,-0.0035767227,0.01810089,0.0,0.0008935593,-0.001197784,-0.0833852,-0.011035049,-5.143743e-05,-0.031991076,0.00078493473,-0.0018755121,-0.008249152,0.0,0.05467007,-0.0020607328,-0.0037800334,-0.0005072715,0.1058944,0.004141545
2109,0.0050096945,0.0,0.00508062,-0.027740207,-0.0014581572,-0.00077331695,0.033041984,0.0016731084,0.0346102,0.008150764,-0.0013338625,-3.711055e-05,0.0,0.0,0.0,0.00031905598,0.00884168,0.0050504073,0.0,-0.0077481605,-0.005806243,-0.0002997311,-0.00027172227,0.20167184,0.049718823,0.003506448,0.0004254509,-0.00059893256,0.020134209,-0.002030258,0.0005167521,0.0008568703,-0.00010926255,0.14836662,0.0098388735,5.6470104e-05,0.15491523,0.04458622,0.038721807,-0.00047404435,0.0,0.0,0.16189879,0.42423886,-0.0035767227,0.01810089,0.0,0.0008935593,-0.001197784,-0.082862474,-0.011240482,-5.143743e-05,-0.031991076,0.00078493473,-0.0018755121,-0.008249152,0.0,0.05467007,-0.0020607328,-0.0037800334,-0.0005072715,0.1058944,0.004141545
2110,0.0050096945,0.0,0.00508062,-0.027740207,-0.0014581572,-0.00077331695,0.026838558,0.0016731084,0.032869294,0.008150764,-0.0013338625,-3.711055e-05,0.0,0.0,0.0,0.00031905598,0.00884168,0.0050504073,0.0,-0.0077481605,-0.005806243,-0.0002997311,-0.00027172227,0.19930401,0.049718823,0.003506448,0.0004254509,-0.00059893256,0.020134209,-0.002030258,0.0005167521,0.0008568703,-0.00010926255,0.14614695,0.0098388735,-0.00038965093,0.15439443,0.04458622,0.038721807,-0.00047404435,0.0,0.0,0.16587025,0.42751864,-0.0035767227,0.019480899,0.0,0.0008935593,-0.001197784,-0.08280828,-0.011035049,-5.143743e-05,-0.031991076,0.00078493473,-0.0018755121,-0.008249152,0.0,0.05397397,-0.0020607328,-0.0037800334,0.005312374,0.10537867,0.004141545
2111,0.0050096945,0.0,0.00508062,-0.023572404,-0.0014581572,-0.00077331695,0.033041984,0.0016731084,0.032869294,0.008150764,-0.0013338625,-3.711055e-05,0.0,0.0,0.0,0.00031905598,0.00884168,0.0050504073,0.0,-0.0077481605,-0.005806243,-0.0002997311,-0.00027172227,0.20203272,0.049718823,0.003506448,0.0004254509,-0.00059893256,0.020134209,-0.002030258,0.0005167521,0.0008568703,-0.00010926255,0.14836662,0.0098388735,-0.00038965093,0.17063908,0.04458622,0.038721807,-0.00047404435,0.0,0.0,0.16189879,0.42410865,-0.0035767227,0.019480899,0.0,0.0008935593,-0.001197784,-0.082862474,-0.011240482,-5.143743e-05,-0.031991076,0.00078493473,-0.0018755121,-0.008249152,0.0,0.05467007,-0.0020607328,-0.0037800334,-0.0005072715,0.106470734,0.004141545
2112,0.0050096945,0.0,0.00508062,-0.023572404,-0.0014581572,-0.00077331695,0.033041984,0.0016731084,0.041693456,-0.0013376605,-0.0013338625,-3.711055e-05,0.0,0.0,0.0,0.00031905598,0.011975117,0.0050504073,0.0,-0.0077481605,-0.005806243,-0.0002997311,-0.00027172227,0.2001923,0.049718823,0.003506448,0.0004254509,-0.00059893256,0.020134209,-0.002030258,0.0005167521,0.0008568703,-0.00010926255,0.14836662,0.0098388735,-0.00038965093,0.17063908,0.04458622,0.038721807,-0.00047404435,0.0,0.0,0.1615729,0.4238058,-0.0035767227,0.019480899,0.0,0.0008935593,-0.001197784,-0.082862474,-0.011240482,-5.143743e-05,-0.031991076,0.00078493473,-0.0018755121,-0.008249152,0.0,0.05467007,-0.0020607328,-0.0037800334,-0.0005072715,0.106470734,0.004141545
2113,0.0050096945,0.0,0.00508062,-0.023572404,-0.0014581572,-0.00077331695,0.033041984,0.0016731084,0.032869294,0.008150764,-0.0013338625,-3.711055e-05,0.0,0.0,0.0,0.00031905598,0.00884168,0.0050504073,0.0,-0.0077481605,-0.005806243,-0.0002997311,-0.00027172227,0.19906887,0.049718823,0.003506448,0.0004254509,-0.00059893256,0.020134209,-0.002030258,0.0005167521,0.0008568703,-0.00010926255,0.14836662,0.0098388735,5.6470104e-05,0.17011829,0.04458622,0.038721807,-0.00047404435,0.0,0.0,0.16189879,0.42366758,-0.0035767227,0.019480899,0.0,0.0008935593,-0.001197784,-0.08283802,-0.011240482,-5.143743e-05,-0.031991076,0.00078493473,-0.0018755121,-0.008249152,0.0,0.05397397,-0.0020607328,-0.0037800334,0.005312374,0.10480234,0.004141545
2114,0.0050096945,0.0,0.00508062,-0.027740207,-0.0014581572,-0.00077331695,0.033041984,0.0016731084,0.032869294,0.008150764,-0.0013338625,-3.711055e-05,0.0,0.0,0.0,0.00031905598,0.00884168,0.0050504073,0.0,-0.0077481605,-0.005806243,-0.0002997311,-0.00027172227,0.19906887,0.049718823,0.003506448,0.0004254509,-0.00059893256,0.020134209,-0.002030258,0.0005167521,0.0008568703,-0.00010926255,0.14836662,0.0098388735,5.6470104e-05,0.15491523,0.04458622,0.038721807,-0.00047404435,0.0,0.0,0.16189879,0.42366758,-0.0035767227,0.019480899,0.0,0.0008935593,-0.001197784,-0.08283802,-0.011240482,-5.143743e-05,-0.031991076,0.00078493473,-0.0018755121,-0.008249152,0.0,0.05397397,-0.0020607328,-0.0037800334,0.0042707985,0.10532312,0.004141545
2115,0.0050096945,0.0,0.00508062,-0.023572404,-0.0014581572,-0.00077331695,0.033041984,0.0016731084,0.041693456,-0.0013376605,-0.0013338625,-3.711055e-05,0.0,0.0,0.0,0.00031905598,0.011975117,0.0050504073,0.0,-0.0077481605,-0.005806243,-0.0002997311,-0.00027172227,0.2001923,0.049718823,0.003506448,0.0004254509,-0.00059893256,0.020134209,-0.002030258,0.0005167521,0.0008568703,-0.00010926255,0.14836662,0.0098388735,5.6470104e-05,0.17063908,0.04458622,0.038721807,-0.00047404435,0.0,0.0,0.1615729,0.423936,-0.0035767227,0.019480899,0.0,0.0008935593,-0.001197784,-0.082862474,-0.011240482,-5.143743e-05,-0.031991076,0.00078493473,-0.0018755121,-0.008249152,0.0,0.05467007,-0.0020607328,-0.0037800334,-0.0005072715,0.1058944,0.004141545
2116,0.0050096945,0.0,0.00508062,-0.023572404,-0.0014581572,-0.00077331695,0.033041984,0.0016731084,0.041693456,-0.0013376605,-0.0013338625,-3.711055e-05,0.0,0.0,0.0,0.00031905598,0.011975117,0.0050504073,0.0,-0.0077481605,-0.005806243,-0.0002997311,-0.00027172227,0.2001923,0.049718823,0.003506448,0.0004254509,-0.00059893256,0.020134209,-0.002030258,0.0005167521,0.0008568703,-0.00010926255,0.14905317,0.0098388735,5.6470104e-05,0.17063908,0.04458622,0.038721807,-0.00047404435,0.0,0.0,0.1615729,0.42061177,-0.0035767227,0.019480899,0.0,0.0008935593,-0.001197784,-0.082862474,-0.011240482,-5.143743e-05,-0.031991076,0.00078493473,-0.0018755121,-0.008249152,0.0,0.05467007,0.00057696406,-0.0037800334,-0.0005072715,0.1058944,0.004141545
2117,0.0050096945,0.0,0.00508062,-0.023572404,-0.0014581572,-0.00077331695,0.033041984,0.0016731084,0.032869294,0.008150764,-0.0013338625,-3.711055e-05,0.0,0.0,0.0,0.00031905598,0.00884168,0.0050504073,0.0,-0.0077481605,-0.005806243,-0.0002997311,-0.00027172227,0.20203272,0.049718823,0.003506448,0.0004254509,-0.00059893256,0.020134209,-0.002030258,0.0005167521,0.0008568703,-0.00010926255,0.14836662,0.0098388735,5.6470104e-05,0.17063908,0.04458622,0.038721807,-0.00047404435,0.0,0.0,0.16189879,0.42423886,-0.0035767227,0.019480899,0.0,0.0008935593,-0.001197784,-0.082862474,-0.011240482,-5.143743e-05,-0.031991076,0.00078493473,-0.0018755121,-0.008249152,0.0,0.05467007,-0.0020607328,-0.0037800334,-0.0005072715,0.1058944,0.004141545
2118,0.0050096945,0.0,0.00508062,-0.023572404,-0.0014581572,-0.00077331695,0.033041984,0.0016731084,0.032869294,0.008150764,-0.0013338625,-3.711055e-05,0.0,0.0,0.0,0.00031905598,0.00884168,0.0050504073,0.0,-0.0077481605,-0.005806243,-0.0002997311,-0.00027172227,0.20203272,0.049718823,0.003506448,0.0004254509,-0.00059893256,0.020134209,-0.002030258,0.0005167521,0.0008568703,-0.00010926255,0.14836662,0.0098388735,5.6470104e-05,0.17063908,0.04458622,0.038721807,-0.00047404435,0.0,0.0,0.16189879,0.42423886,-0.0035767227,0.019480899,0.0,0.0008935593,-0.001197784,-0.082862474,-0.011240482,-5.143743e-05,-0.031991076,0.00078493473,-0.0018755121,-0.008249152,0.0,0.05467007,-0.0020607328,-0.0037800334,-0.0005072715,0.1058944,0.004141545
2119,0.0050096945,0.0,0.00508062,-0.023572404,-0.0014581572,-0.00077331695,0.033041984,0.0016731084,0.032869294,0.008150764,-0.0013338625,-3.711055e-05,0.0,0.0,0.0,0.00031905598,0.00884168,0.0050504073,0.0,-0.0077481605,-0.005806243,-0.0002997311,-0.00027172227,0.19906887,0.049718823,0.003506448,0.0004254509,-0.00059893256,0.020134209,-0.002030258,0.0005167521,0.0008568703,-0.00010926255,0.14836662,0.0098388735,5.6470104e-05,0.17011829,0.04458622,0.038721807,-0.00047404435,0.0,0.0,0.16189879,0.42366758,-0.0035767227,0.019480899,0.0,0.0008935593,-0.001197784,-0.08283802,-0.011240482,-5.143743e-05,-0.031991076,0.00078493473,-0.0018755121,-0.008249152,0.0,0.05397397,-0.0020607328,-0.0037800334,0.005312374,0.10480234,0.004141545
2120,0.0050096945,0.0,0.00508062,-0.027740207,-0.0014581572,-0.00077331695,0.033041984,0.0016731084,0.041693456,-0.0013376605,-0.0013338625,-3.711055e-05,0.0,0.0,0.0,0.00031905598,0.011975117,0.0050504073,0.0,-0.0077481605,-0.005806243,-0.0002997311,-0.00027172227,0.2001923,0.049718823,0.003506448,0.0004254509,-0.00059893256,0.020134209,-0.002030258,0.0005167521,0.0008568703,-0.00010926255,0.14836662,0.0098388735,0.0013166785,0.15491523,0.04458622,0.038721807,-0.00047404435,0.0,0.0,0.1615729,0.42150307,-0.0035767227,0.019480899,0.0,0.0008935593,-0.001197784,-0.082862474,-0.011240482,-5.143743e-05,-0.031991076,0.00078493473,-0.0018755121,-0.008249152,0.0,0.05467007,-0.0020607328,-0.0037800334,-0.0005072715,0.10706714,0.004141545
2121,0.0050096945,0.0,0.00508062,-0.027740207,-0.0014581572,-0.00077331695,0.033041984,0.0016731084,0.043434363,-0.0013376605,-0.0013338625,-3.711055e-05,0.0,0.0,0.0,0.00031905598,0.011975117,0.0050504073,0.0,-0.0077481605,-0.005806243,-0.00083000964,-0.00027172227,0.1998314,0.049718823,0.003506448,0.0004254509,-0.00059893256,0.020134209,-0.002030258,0.0005167521,0.0008568703,-0.00010926255,0.14836662,0.0098388735,5.6470104e-05,0.15491523,0.04458622,0.038721807,-0.00047404435,0.0,0.0,0.1615729,0.42377982,-0.0035767227,0.01810089,0.0,0.0008935593,-0.001197784,-0.082176,-0.011240482,-5.143743e-05,-0.031991076,0.00078493473,-0.0018755121,-0.008249152,0.0,0.05467007,-0.0020607328,-0.0037800334,-0.0005072715,0.1058944,0.004141545
2122,0.0050096945,0.0,0.00508062,-0.023572404,-0.0014581572,-0.00077331695,0.033041984,0.0016731084,0.032869294,0.008150764,-0.0013338625,-3.711055e-05,0.0,0.0,0.0,0.00031905598,0.00884168,0.0050504073,0.0,-0.0077481605,-0.005806243,-0.0002997311,-0.00027172227,0.20203272,0.049718823,0.003506448,0.0004254509,-0.00059893256,0.020134209,-0.002030258,0.0005167521,0.0008568703,-0.00010926255,0.14836662,0.0098388735,5.6470104e-05,0.17063908,0.04458622,0.038721807,-0.00047404435,0.0,0.0,0.16189879,0.42423886,-0.0035767227,0.019480899,0.0,0.0008935593,-0.001197784,-0.082862474,-0.011240482,-5.143743e-05,-0.031991076,0.00078493473,-0.0018755121,-0.008249152,0.0,0.05467007,-0.0020607328,-0.0037800334,-0.0005072715,0.1058944,0.004141545
2123,0.0050096945,0.0,0.00508062,-0.027740207,-0.0014581572,-0.00077331695,0.033041984,0.0016731084,0.0346102,0.008150764,-0.0013338625,-3.711055e-05,0.0,0.0,0.0,0.00031905598,0.00884168,0.0050504073,0.0,-0.0077481605,-0.005806243,-0.0002997311,-0.00027172227,0.19870797,0.049718823,0.003506448,0.0004254509,-0.00059893256,0.020134209,-0.002030258,0.0005167521,0.0008568703,-0.00010926255,0.14836662,0.0098388735,5.6470104e-05,0.15439443,0.04458622,0.038721807,-0.00047404435,0.0,0.0,0.16189879,0.42366758,-0.0035767227,0.01810089,0.0,0.0008935593,-0.001197784,-0.08283802,-0.011240482,-5.143743e-05,-0.031991076,0.00078493473,-0.0018755121,-0.008249152,0.0,0.05397397,-0.0020607328,-0.0037800334,0.005312374,0.10480234,0.004141545
2124,0.0050096945,0.0,0.00508062,-0.023572404,-0.0014581572,-0.00077331695,0.033041984,0.0016731084,0.032869294,0.008150764,-0.0013338625,-3.711055e-05,0.0,0.0,0.0,0.00031905598,0.00884168,0.0050504073,0.0,-0.0077481605,-0.005806243,-0.0002997311,-0.00027172227,0.20203272,0.049718823,0.003506448,0.0004254509,-0.00059893256,0.020134209,-0.002030258,0.0005167521,0.0008568703,-0.00010926255,0.14836662,0.0098388735,5.6470104e-05,0.17063908,0.04458622,0.038721807,-0.00047404435,0.0,0.0,0.16189879,0.42423886,-0.0035767227,0.019480899,0.0,0.0008935593,-0.001197784,-0.082862474,-0.011240482,-5.143743e-05,-0.031991076,0.00078493473,-0.0018755121,-0.008249152,0.0,0.05467007,-0.0020607328,-0.0037800334,-0.0005072715,0.1058944,0.004141545
2125,0.0050096945,0.0,0.00508062,-0.023572404,-0.0014581572,-0.00077331695,0.033041984,0.0016731084,0.041693456,-0.0013376605,-0.0013338625,-3.711055e-05,0.0,0.0,0.0,0.00031905598,0.011975117,0.0050504073,0.0,-0.0077481605,-0.005806243,-0.00083000964,-0.00027172227,0.2001923,0.049718823,0.003506448,0.0004254509,-0.00059893256,0.020134209,-0.002030258,0.0005167521,0.0008568703,-0.00010926255,0.15061349,0.0098388735,5.6470104e-05,0.17063908,0.04458622,0.038721807,-0.00047404435,0.0,0.0,0.1615729,0.41824204,-0.0035767227,0.019480899,0.0,0.0008935593,-0.001197784,-0.082176,-0.011240482,-5.143743e-05,-0.031991076,0.00078493473,-0.0018755121,-0.008249152,0.0,0.05467007,-0.0020607328,-0.0004890964,-0.0005072715,0.1058944,0.004141545
2126,0.0050096945,0.0,0.00508062,-0.023572404,-0.0014581572,-0.00077331695,0.033041984,0.0016731084,0.032869294,0.008150764,-0.0013338625,-3.711055e-05,0.0,0.0,0.0,0.00031905598,0.00884168,0.0050504073,0.0,-0.0077481605,-0.005806243,-0.00083000964,-0.00027172227,0.20203272,0.049718823,0.003506448,0.0004254509,-0.00059893256,0.020134209,-0.002030258,0.0005167521,0.0008568703,-0.00010926255,0.15061349,0.0098388735,5.6470104e-05,0.17063908,0.04458622,0.038721807,-0.00047404435,0.0,0.0,0.16189879,0.4185449,-0.0035767227,0.019480899,0.0,0.0008935593,-0.001197784,-0.082176,-0.011240482,-5.143743e-05,-0.031991076,0.00078493473,-0.0018755121,-0.008249152,0.0,0.05467007,-0.0020607328,-0.0004890964,-0.0005072715,0.1058944,0.004141545
2127,0.0050096945,0.0,0.00508062,-0.023572404,-0.0014581572,-0.00077331695,0.033041984,0.0016731084,0.032869294,0.008150764,-0.0013338625,-3.711055e-05,0.0,0.0,0.0,0.00031905598,0.00884168,0.0050504073,0.0,-0.0077481605,-0.005806243,-0.0002997311,-0.00027172227,0.20203272,0.049718823,0.003506448,0.0004254509,-0.00059893256,0.020134209,-0.002030258,0.00094101497,0.0008568703,-0.00010926255,0.14836662,0.0098388735,5.6470104e-05,0.17070247,0.04458622,0.038721807,-0.00047404435,0.0,0.0,0.16189879,0.42430365,-0.0035767227,0.019480899,0.0,0.0008935593,-0.001197784,-0.08341494,-0.011240482,-5.143743e-05,-0.031991076,0.00078493473,-0.0018755121,-0.008249152,0.0,0.05467007,-0.0020607328,-0.0037800334,-0.0005072715,0.1058944,0.004141545
2128,0.0050096945,0.0,0.00508062,-0.023572404,-0.0014581572,-0.00077331695,0.026838558,0.0016731084,0.032869294,0.008150764,-0.0013338625,-3.711055e-05,0.0,0.0,0.0,0.00031905598,0.00884168,0.0050504073,0.0,-0.0077481605,-0.005806243,-0.0002997311,-0.00027172227,0.20226789,0.049718823,0.003506448,0.0004254509,-0.00059893256,0.020134209,-0.002030258,0.0005167521,0.0008568703,-0.00010926255,0.14614695,0.0098388735,-0.00038965093,0.17063908,0.04458622,0.038721807,-0.00047404435,0.0,0.0,0.16587025,0.42808992,-0.0035767227,0.019480899,0.0,0.0008935593,-0.001197784,-0.08283273,-0.011035049,-5.143743e-05,-0.031991076,0.00078493473,-0.0018755121,-0.008249152,0.0,0.05467007,-0.0020607328,-0.0037800334,-0.0005072715,0.106470734,0.004141545
2129,0.0050096945,0.0,0.00508062,-0.023572404,-0.0014581572,-0.00077331695,0.033041984,0.0016731084,0.041693456,-0.0013376605,-0.0013338625,-3.711055e-05,0.0,0.0,0.0,0.00031905598,0.011975117,0.0050504073,0.0,-0.0077481605,-0.005806243,-0.0002997311,-0.00027172227,0.19722843,0.049718823,0.003506448,0.0004254509,-0.00059893256,0.020134209,-0.002030258,0.0007316648,0.0008568703,-0.00010926255,0.15061349,0.0098388735,5.6470104e-05,0.17018168,0.04458622,0.038721807,-0.00047404435,0.0,0.0,0.1615729,0.41782695,-0.0035767227,0.019480899,0.0,0.0008935593,-0.001197784,-0.08311633,-0.011240482,-5.143743e-05,-0.031991076,0.00078493473,-0.0018755121,-0.008249152,0.0,0.05397397,-0.0020607328,-0.0004890964,0.005312374,0.10480234,0.004141545
2130,0.0050096945,0.0,0.00508062,-0.027740207,-0.0014581572,-0.00077331695,0.033041984,0.0016731084,0.041693456,-0.0013376605,-0.0013338625,-3.711055e-05,0.0,0.0,0.0,0.00031905598,0.011975117,0.0050504073,0.0,-0.0077481605,-0.005806243,-0.0002997311,-0.00027172227,0.2001923,0.049718823,0.003506448,0.0004254509,-0.00059893256,0.020134209,-0.002030258,0.0005167521,0.0008568703,-0.00010926255,0.15061349,0.0098388735,0.00010818662,0.15491523,0.04458622,0.038721807,-0.00047404435,0.0,0.0,0.16132398,0.41826802,-0.0035767227,0.019480899,0.0,0.0008935593,-0.001197784,-0.082862474,-0.011489401,-5.143743e-05,-0.031991076,0.00078493473,-0.0018755121,-0.008249152,0.0,0.05467007,-0.0020607328,-0.0004890964,-0.0005072715,0.106470734,0.004141545
2131,0.0050096945,0.0,0.00508062,-0.027740207,-0.0014581572,-0.00077331695,0.033041984,0.0016731084,0.041693456,-0.0013376605,-0.0013338625,-3.711055e-05,0.0,0.0,0.0,0.00031905598,0.011975117,0.0050504073,0.0,-0.0077481605,-0.005806243,-0.0002997311,-0.00027172227,0.2001923,0.049718823,0.003506448,0.0004254509,-0.00059893256,0.020134209,-0.002030258,0.0005167521,0.0008568703,-0.00010926255,0.14836662,0.0098388735,5.6470104e-05,0.15491523,0.04458622,0.038721807,-0.00047404435,0.0,0.0,0.1615729,0.423936,-0.0035767227,0.019480899,0.0,0.0008935593,-0.001197784,-0.082862474,-0.011240482,-5.143743e-05,-0.031991076,0.00078493473,-0.0018755121,-0.008249152,0.0,0.05467007,-0.0020607328,-0.0037800334,-0.0005072715,0.1058944,0.004141545
2132,0.0050096945,0.0,0.00508062,-0.027740207,-0.0014581572,-0.00077331695,0.033041984,0.0016731084,0.032869294,0.008150764,-0.0013338625,-3.711055e-05,0.0,0.0,0.0,0.00031905598,0.00884168,0.0050504073,0.0,-0.0077481605,-0.005806243,-0.0002997311,-0.00027172227,0.20203272,0.049718823,0.003506448,0.0004254509,-0.00059893256,0.020134209,-0.002030258,0.0007316648,0.0008568703,-0.00010926255,0.14836662,0.0098388735,5.6470104e-05,0.15497862,0.04458622,0.038721807,-0.00047404435,0.0,0.0,0.16189879,0.42423886,-0.0035767227,0.019480899,0.0,0.0008935593,-0.001197784,-0.08314078,-0.011240482,-5.143743e-05,-0.031991076,0.00078493473,-0.0018755121,-0.008249152,0.0,0.05467007,-0.0020607328,-0.0037800334,-0.0005072715,0.1058944,0.004141545
2133,0.0050096945,0.0,0.00508062,-0.023572404,-0.0014581572,-0.00077331695,0.033041984,0.0016731084,0.032869294,0.008150764,-0.0013338625,-3.711055e-05,0.0,0.0,0.0,0.00031905598,0.00884168,0.0050504073,0.0,-0.0077481605,-0.005806243,-0.0002997311,-0.00027172227,0.20203272,0.049718823,0.003506448,0.0004254509,-0.00059893256,0.020134209,-0.002030258,0.0005167521,0.0008568703,-0.00010926255,0.14836662,0.0098388735,5.6470104e-05,0.17063908,0.04458622,0.038721807,-0.00047404435,0.0,0.0,0.16189879,0.42423886,-0.0035767227,0.019480899,0.0,0.0008935593,-0.001197784,-0.082862474,-0.011240482,-5.143743e-05,-0.031991076,0.00078493473,-0.0018755121,-0.008249152,0.0,0.05467007,-0.0020607328,-0.0037800334,-0.0005072715,0.1058944,0.004141545
2134,0.0050096945,0.0,0.00508062,-0.027740207,-0.0014581572,-0.00077331695,0.033041984,0.0016731084,0.0346102,0.008150764,-0.0013338625,-3.711055e-05,0.0,0.0,0.0,0.00031905598,0.00884168,0.0050504073,0.0,-0.0077481605,-0.005806243,-0.0002997311,-0.00027172227,0.19870797,0.049718823,0.003506448,0.0004254509,-0.00059893256,0.020134209,-0.002030258,0.0005167521,0.0008568703,-0.00010926255,0.14905317,0.0098388735,5.6470104e-05,0.15439443,0.04458622,0.038721807,-0.00047404435,0.0,0.0,0.16189879,0.42034334,-0.0035767227,0.01810089,0.0,0.0008935593,-0.001197784,-0.08283802,-0.011240482,-5.143743e-05,-0.031991076,0.00078493473,-0.0018755121,-0.008249152,0.0,0.05397397,0.00057696406,-0.0037800334,0.005312374,0.10480234,0.004141545
2135,0.0050096945,0.0,0.00508062,-0.027740207,-0.0014581572,-0.00077331695,0.033041984,0.0016731084,0.041693456,-0.0013376605,-0.0013338625,-3.711055e-05,0.0,0.0,0.0,0.00031905598,0.011975117,0.0050504073,0.0,-0.0077481605,-0.005806243,-0.0002997311,-0.00027172227,0.19722843,0.049718823,0.003506448,0.0004254509,-0.00059893256,0.020134209,-0.002030258,0.0005167521,0.0008568703,-0.00010926255,0.14836662,0.0098388735,5.6470104e-05,0.15439443,0.04458622,0.038721807,-0.00047404435,0.0,0.0,0.1615729,0.42336473,-0.0035767227,0.019480899,0.0,0.0008935593,-0.001197784,-0.08283802,-0.011240482,-5.143743e-05,-0.031991076,0.00078493473,-0.0018755121,-0.008249152,0.0,0.05397397,-0.0020607328,-0.0037800334,0.005312374,0.10480234,0.004141545
2136,0.0050096945,0.0,0.00508062,-0.027740207,-0.0014581572,-0.00077331695,0.033041984,0.0016731084,0.041693456,-0.0013376605,-0.0013338625,-3.711055e-05,0.0,0.0,0.0,0.00031905598,0.011975117,0.0050504073,0.0,-0.0077481605,-0.005806243,-0.0002997311,-0.00027172227,0.2001923,0.049718823,0.003506448,0.0004254509,-0.00059893256,0.020134209,-0.002030258,0.0005167521,0.0008568703,-0.00010926255,0.14836662,0.0098388735,-0.00038965093,0.15491523,0.04458622,0.038721807,-0.00047404435,0.0,0.0,0.1615729,0.4238058,-0.0035767227,0.019480899,0.0,0.0008935593,-0.001197784,-0.082862474,-0.011240482,-5.143743e-05,-0.031991076,0.00078493473,-0.0018755121,-0.008249152,0.0,0.05467007,-0.0020607328,-0.0037800334,-0.0005072715,0.106470734,0.004141545
2137,0.0050096945,0.0,0.00508062,-0.027740207,-0.0014581572,-0.00077331695,0.033041984,0.0016731084,0.0346102,0.008150764,-0.0013338625,-3.711055e-05,0.0,0.0,0.0,0.00031905598,0.00884168,0.0050504073,0.0,-0.0077481605,-0.005806243,-0.0002997311,-0.00027172227,0.20167184,0.049718823,0.003506448,0.0004254509,-0.00059893256,0.020134209,-0.002030258,0.0005167521,0.0008568703,-0.00010926255,0.14905317,0.0098388735,0.00010818662,0.15491523,0.04458622,0.038721807,-0.00047404435,0.0,0.0,0.16164987,0.4207844,-0.0035767227,0.01810089,0.0,0.0008935593,-0.001197784,-0.082862474,-0.011489401,-5.143743e-05,-0.031991076,0.00078493473,-0.0018755121,-0.008249152,0.0,0.05467007,0.00057696406,-0.0037800334,-0.0005072715,0.106470734,0.004141545
2138,0.0050096945,0.0,0.00508062,-0.027740207,-0.0014581572,-0.00077331695,0.033041984,0.0016731084,0.0346102,0.008150764,-0.0013338625,-3.711055e-05,0.0,0.0,0.0,0.00031905598,0.00884168,0.0050504073,0.0,-0.0077481605,-0.005806243,-0.0002997311,-0.00027172227,0.20167184,0.049718823,0.003506448,0.0004254509,-0.00059893256,0.020134209,-0.002030258,0.0007316648,0.0008568703,-0.00010926255,0.14836662,0.0098388735,5.6470104e-05,0.15497862,0.04458622,0.038721807,-0.00047404435,0.0,0.0,0.16189879,0.42423886,-0.0035767227,0.01810089,0.0,0.0008935593,-0.001197784,-0.08314078,-0.011240482,-5.143743e-05,-0.031991076,0.00078493473,-0.0018755121,-0.008249152,0.0,0.05467007,-0.0020607328,-0.0037800334,-0.0005072715,0.1058944,0.004141545
2139,0.0050096945,0.0,0.00508062,-0.027740207,-0.0014581572,-0.00077331695,0.033041984,0.0016731084,0.0346102,0.008150764,-0.0013338625,-3.711055e-05,0.0,0.0,0.0,0.00031905598,0.00884168,0.0050504073,0.0,-0.0077481605,-0.005806243,-0.0002997311,-0.00027172227,0.19870797,0.049718823,0.003506448,0.0004254509,-0.00059893256,0.020134209,-0.002030258,0.0005167521,0.0008568703,-0.00010926255,0.14836662,0.0098388735,0.00010818662,0.15439443,0.04458622,0.038721807,-0.00047404435,0.0,0.0,0.16164987,0.42353737,-0.0035767227,0.01810089,0.0,0.0008935593,-0.001197784,-0.08283802,-0.011489401,-5.143743e-05,-0.031991076,0.00078493473,-0.0018755121,-0.008249152,0.0,0.05397397,-0.0020607328,-0.0037800334,0.005312374,0.10537867,0.004141545
2140,0.0050096945,0.0,0.00508062,-0.027740207,-0.0014581572,-0.00077331695,0.033041984,0.0016731084,0.041693456,-0.0013376605,-0.0013338625,-3.711055e-05,0.0,0.0,0.0,0.00031905598,0.011975117,0.0050504073,0.0,-0.0077481605,-0.005806243,-0.00083000964,-0.00027172227,0.2001923,0.049718823,0.003506448,0.0004254509,-0.00059893256,0.020134209,-0.002030258,0.0005167521,0.0008568703,-0.00010926255,0.14836662,0.0098388735,5.6470104e-05,0.15491523,0.04458622,0.038721807,-0.00047404435,0.0,0.0,0.1615729,0.42377982,-0.0035767227,0.019480899,0.0,0.0008935593,-0.001197784,-0.082176,-0.011240482,-5.143743e-05,-0.031991076,0.00078493473,-0.0018755121,-0.008249152,0.0,0.05467007,-0.0020607328,-0.0037800334,-0.0005072715,0.1058944,0.004141545
2141,0.0050096945,0.0,0.00508062,-0.027740207,-0.0014581572,-0.00077331695,0.033041984,0.0016731084,0.041693456,-0.0013376605,-0.0013338625,-3.711055e-05,0.0,0.0,0.0,0.00031905598,0.011975117,0.0050504073,0.0,-0.0077481605,-0.005806243,-0.0002997311,-0.00027172227,0.19722843,0.049718823,0.003506448,0.0004254509,-0.00059893256,0.020134209,-0.002030258,0.0005167521,0.0008568703,-0.00010926255,0.14836662,0.0098388735,5.6470104e-05,0.15439443,0.04458622,0.038721807,-0.00047404435,0.0,0.0,0.1615729,0.42336473,-0.0035767227,0.019480899,0.0,0.0008935593,-0.001197784,-0.08283802,-0.011240482,-5.143743e-05,-0.031991076,0.00078493473,-0.0018755121,-0.008249152,0.0,0.05397397,-0.0020607328,-0.0037800334,0.005312374,0.10480234,0.004141545
2142,0.0050096945,0.0,0.00508062,-0.027740207,-0.0014581572,-0.00077331695,0.033041984,0.0016731084,0.041693456,-0.0013376605,-0.0013338625,-3.711055e-05,0.0,0.0,0.0,0.00031905598,0.011975117,0.0050504073,0.0,-0.0077481605,-0.005806243,-0.0002997311,-0.00027172227,0.19722843,0.049718823,0.003506448,0.0004254509,-0.00059893256,0.020134209,-0.002030258,0.0005167521,0.0008568703,-0.00010926255,0.14836662,0.0098388735,5.6470104e-05,0.15439443,0.04458622,0.038721807,-0.00047404435,0.0,0.0,0.1615729,0.42336473,-0.0035767227,0.019480899,0.0,0.0008935593,-0.001197784,-0.08283802,-0.011240482,-5.143743e-05,-0.031991076,0.00078493473,-0.0018755121,-0.008249152,0.0,0.05397397,-0.0020607328,-0.0037800334,0.005312374,0.10480234,0.004141545
2143,0.0050096945,0.0,0.00508062,-0.023572404,-0.0014581572,-0.00077331695,0.033041984,0.0016731084,0.041693456,-0.0013376605,-0.0013338625,-3.711055e-05,0.0,0.0,0.0,0.00031905598,0.011975117,0.0050504073,0.0,-0.0077481605,-0.005806243,-0.0002997311,-0.00027172227,0.2001923,0.049718823,0.003506448,0.0004254509,-0.00059893256,0.020134209,-0.002030258,0.0005167521,0.0008568703,-0.00010926255,0.14836662,0.0098388735,5.6470104e-05,0.17063908,0.04458622,0.038721807,-0.00047404435,0.0,0.0,0.1615729,0.423936,-0.0035767227,0.019480899,0.0,0.0008935593,-0.001197784,-0.082862474,-0.011240482,-5.143743e-05,-0.031991076,0.00078493473,-0.0018755121,-0.008249152,0.0,0.05467007,-0.0020607328,-0.0037800334,-0.0005072715,0.1058944,0.004141545
2144,0.0050096945,0.0,0.00508062,-0.023572404,-0.0014581572,-0.00077331695,0.033041984,0.0016731084,0.032869294,0.008150764,-0.0013338625,-3.711055e-05,0.0,0.0,0.0,0.00031905598,0.00884168,0.0050504073,0.0,-0.0077481605,-0.005806243,-0.0002997311,-0.00027172227,0.20203272,0.049718823,0.003506448,0.0004254509,-0.00059893256,0.020134209,-0.002030258,0.0005167521,0.0008568703,-0.00010926255,0.14836662,0.0098388735,5.6470104e-05,0.17063908,0.04458622,0.038721807,-0.00047404435,0.0,0.0,0.16189879,0.42423886,-0.0035767227,0.019480899,0.0,0.0008935593,-0.001197784,-0.082862474,-0.011240482,-5.143743e-05,-0.031991076,0.00078493473,-0.0018755121,-0.008249152,0.0,0.05467007,-0.0020607328,-0.0037800334,-0.0005072715,0.1058944,0.004141545
2145,0.0050096945,0.0,0.00508062,-0.027740207,-0.0014581572,-0.00077331695,0.033041984,0.0016731084,0.0346102,0.008150764,-0.0013338625,-3.711055e-05,0.0,0.0,0.0,0.00031905598,0.00884168,0.0050504073,0.0,-0.0077481605,-0.005806243,-0.0002997311,-0.00027172227,0.20167184,0.049718823,0.003506448,0.0004254509,-0.00059893256,0.020134209,-0.002030258,0.0007316648,0.0008568703,-0.00010926255,0.14836662,0.0098388735,5.6470104e-05,0.15497862,0.04458622,0.038721807,-0.00047404435,0.0,0.0,0.16189879,0.42423886,-0.0035767227,0.01810089,0.0,0.0008935593,-0.001197784,-0.08314078,-0.011240482,-5.143743e-05,-0.031991076,0.00078493473,-0.0018755121,-0.008249152,0.0,0.05467007,-0.0020607328,-0.0037800334,-0.0005072715,0.1058944,0.004141545
2146,0.0050096945,0.0,0.00508062,-0.027740207,-0.0014581572,-0.00077331695,0.033041984,0.0016731084,0.0346102,0.008150764,-0.0013338625,-3.711055e-05,0.0,0.0,0.0,0.00031905598,0.00884168,0.0050504073,0.0,-0.0077481605,-0.005806243,-0.0002997311,-0.00027172227,0.20167184,0.049718823,0.003506448,0.0004254509,-0.00059893256,0.020134209,-0.002030258,0.0005167521,0.0008568703,-0.00010926255,0.14836662,0.0098388735,-0.00038965093,0.15491523,0.04458622,0.038721807,-0.00047404435,0.0,0.0,0.16189879,0.42410865,-0.0035767227,0.01810089,0.0,0.0008935593,-0.001197784,-0.082862474,-0.011240482,-5.143743e-05,-0.031991076,0.00078493473,-0.0018755121,-0.008249152,0.0,0.05467007,-0.0020607328,-0.0037800334,-0.0005072715,0.106470734,0.004141545
2147,0.0050096945,0.0,0.00508062,-0.027740207,-0.0014581572,-0.00077331695,0.033041984,0.0016731084,0.043434363,-0.0013376605,-0.0013338625,-3.711055e-05,0.0,0.0,0.0,0.00031905598,0.011975117,0.0050504073,0.0,-0.0077481605,-0.005806243,-0.00083000964,-0.00027172227,0.1998314,0.049718823,0.003506448,0.0004254509,-0.00059893256,0.020134209,-0.002030258,0.0005167521,0.0008568703,-0.00010926255,0.14836662,0.0098388735,5.6470104e-05,0.15491523,0.04458622,0.038721807,-0.00047404435,0.0,0.0,0.1615729,0.42377982,-0.0035767227,0.01810089,0.0,0.0008935593,-0.001197784,-0.082176,-0.011240482,-5.143743e-05,-0.031991076,0.00078493473,-0.0018755121,-0.008249152,0.0,0.05467007,-0.0020607328,-0.0037800334,-0.0005072715,0.1058944,0.004141545
2148,0.0050096945,0.0,0.00508062,-0.027740207,-0.0014581572,-0.00077331695,0.033041984,0.0016731084,0.0346102,0.008150764,-0.0013338625,-3.711055e-05,0.0,0.0,0.0,0.00031905598,0.00884168,0.0050504073,0.0,-0.0077481605,-0.005806243,-0.0002997311,-0.00027172227,0.19870797,0.049718823,0.003506448,0.0004254509,-0.00059893256,0.020134209,-0.002030258,0.0007316648,0.0008568703,-0.00010926255,0.14836662,0.0098388735,5.6470104e-05,0.15445782,0.04458622,0.038721807,-0.00047404435,0.0,0.0,0.16189879,0.42366758,-0.0035767227,0.01810089,0.0,0.0008935593,-0.001197784,-0.08311633,-0.011240482,-5.143743e-05,-0.031991076,0.00078493473,-0.0018755121,-0.008249152,0.0,0.05397397,-0.0020607328,-0.0037800334,0.005312374,0.10480234,0.004141545
2149,0.0050096945,0.0,0.00508062,-0.027740207,-0.0014581572,-0.00077331695,0.033041984,0.0016731084,0.0346102,0.008150764,-0.0013338625,-3.711055e-05,0.0,0.0,0.0,0.00031905598,0.00884168,0.0050504073,0.0,-0.0077481605,-0.005806243,-0.0002997311,-0.00027172227,0.19870797,0.049718823,0.003506448,0.0004254509,-0.00059893256,0.020134209,-0.002030258,0.0005167521,0.0008568703,-0.00010926255,0.14836662,0.0098388735,-0.00038965093,0.15491523,0.04458622,0.038721807,-0.00047404435,0.0,0.0,0.16189879,0.42353737,-0.0035767227,0.01810089,0.0,0.0008935593,-0.001197784,-0.08283802,-0.011240482,-5.143743e-05,-0.031991076,0.00078493473,-0.0018755121,-0.008249152,0.0,0.05397397,-0.0020607328,-0.0037800334,0.0042707985,0.10589945,0.004141545
2150,-0.0006135241,0.0,-0.00043736555,0.0019383557,0.00045964296,-0.0024328914,0.005297659,-0.004943043,0.013234023,-0.00094848796,0.0001492801,-0.00011040977,0.0,0.0,0.0,-0.0029003767,0.005672957,-0.00010618098,0.0,-0.00013550714,0.0027645868,0.00012323525,-0.00012462793,-0.18990165,0.012975426,-0.0016298512,-0.0007841112,-0.0012661478,-0.0067092148,0.00068117527,0.00012323141,-0.0023617852,0.0025634265,-0.034684077,-0.0056440495,0.00063123147,-0.16085766,-0.03956613,-0.023003737,-0.00095420436,0.0,0.0,-0.14256461,-0.3220873,0.0020655552,-0.005869464,0.0,-0.0017187139,3.3630393e-05,-0.017407602,-0.04157986,-0.000169137,0.0053630853,0.0003826445,0.002696652,0.0017612072,0.0,-0.15207525,0.0003384709,-0.0015734943,-0.0008451531,-0.052809056,-0.0035538897
2151,-0.0006135241,0.0,-0.00043736555,0.0019383557,0.00045964296,-0.0024328914,0.0062945406,-0.004943043,0.021927426,-0.00094848796,0.0001492801,-0.00011040977,0.0,0.0,0.0,-0.0029003767,0.005672957,-0.00010618098,0.0,-0.00013550714,0.0027645868,0.00012323525,-0.00012462793,-0.19817436,0.013223625,-0.0016298512,-0.0007841112,-0.0012661478,-0.0067092148,0.00068117527,0.00012323141,1.1894521e-05,0.0025634265,-0.034684077,-0.0056440495,0.00063123147,-0.16079529,-0.03956613,-0.022881385,-0.0018545807,0.0,0.0,-0.14192462,-0.32221138,0.0020655552,-0.005869464,0.0,-0.0004982132,3.3630393e-05,-0.01897204,-0.051017847,-0.000169137,0.0053630853,0.0003826445,0.002696652,0.0017612072,0.0,-0.1434207,0.0003384709,-0.0015734943,-0.0008451531,-0.055521388,-0.0035538897
2152,-0.0006135241,0.0,-0.00043736555,0.0019383557,0.00045964296,-0.0024328914,0.005903837,-0.0051013334,0.013234023,-0.00094848796,0.0001492801,-0.00011040977,0.0,0.0,0.0,-0.0029003767,0.005672957,-0.00010618098,0.0,-0.00013550714,0.0027645868,-7.3305036e-06,-0.00012462793,-0.1883828,0.012975426,-0.0016298512,-0.0007841112,-0.0012661478,-0.0067092148,0.00068117527,0.00012323141,1.1894521e-05,0.0025634265,-0.03434237,-0.0056440495,0.00063123147,-0.16082399,-0.03956613,-0.023003737,-0.00095420436,0.0,0.0,-0.14252195,-0.32061717,0.0020655552,-0.005869464,0.0,-0.0017187139,3.3630393e-05,-0.018847939,-0.042421427,-0.000169137,0.0053630853,0.0003826445,0.002696652,0.0017612072,0.0,-0.15452185,0.0003384709,-0.0015734943,-0.0008451531,-0.054178536,-0.0035538897
2153,-0.0006135241,0.0,-0.00043736555,0.0013879723,0.00045964296,-0.0024328914,0.005903837,-0.004943043,0.021579778,-0.00094848796,0.0001492801,-0.00011040977,0.0,0.0,0.0,-0.0029003767,0.005672957,-0.00010618098,0.0,-0.00013550714,0.0027645868,-7.3305036e-06,-0.00012462793,-0.18698755,0.013223625,-0.0010697764,-0.0007841112,-0.0012661478,-0.0058186366,0.00068117527,0.00012323141,0.00016566459,0.0025634265,-0.035006974,-0.0056440495,0.00063123147,-0.16079529,-0.03956613,-0.022881385,-0.0018545807,0.0,0.0,-0.14177935,-0.3220814,0.0020655552,-0.005869464,0.0,-0.0004982132,3.3630393e-05,-0.018696845,-0.05185941,-0.000169137,0.0053630853,0.0003826445,0.002696652,0.0017612072,0.0,-0.15381522,0.0003384709,-0.0015734943,-0.0008451531,-0.05588481,-0.0035538897
2154,-0.0006135241,0.0,-0.00043736555,0.0013879723,0.00045964296,-0.0024328914,0.0038208803,-0.0051013334,0.010908653,-0.00094848796,0.0001492801,-0.00011040977,0.0,0.0,0.0,-0.0029003767,0.0029231743,-0.00010618098,0.0,-0.00013550714,0.0027645868,-7.3305036e-06,-0.00012462793,-0.1986027,0.012023058,-0.0016298512,-0.0007841112,-0.0012661478,-0.0067092148,0.00068117527,0.00032060992,0.00016566459,-8.170852e-05,-0.03434237,-0.004128857,0.00063123147,-0.16139998,-0.04000253,-0.022881385,-0.00095420436,0.0,0.0,-0.14032745,-0.32276872,0.0020655552,-0.005869464,0.0,-0.0004982132,3.3630393e-05,-0.01841794,-0.037038643,-0.000169137,0.0053630853,0.0003826445,0.002696652,0.0017612072,0.0,-0.14449085,0.0003384709,-0.0015734943,-0.0021424298,-0.051122244,-0.0018705805
2155,-0.00036481774,0.0,-0.00043736555,0.0016347436,0.00045964296,-0.0024328914,0.0043264977,0.0004976122,0.022152944,-0.00094848796,0.0001492801,-1.7086602e-05,0.0,0.0,0.0,5.8168927e-05,0.005672957,-0.00010618098,0.0,0.00077767106,0.0027645868,0.00024205932,-0.00012462793,-0.20211744,0.014038551,-0.0016298512,-0.0007841112,-0.0007300108,-0.00662882,0.00068117527,-0.0009422139,1.1894521e-05,-8.170852e-05,-0.033084173,-0.0056440495,0.00063123147,-0.2003714,-0.05856979,-0.021661349,-0.0018545807,0.0,0.0,-0.1710866,-0.39783368,0.0020655552,-0.005869464,0.0,-0.0017187139,3.3630393e-05,-0.018817829,-0.050649013,-2.64441e-05,0.0053630853,0.0003826445,-0.0007186803,0.0017612072,0.0,0.0128220655,0.00050287833,-0.0015734943,-0.0020471164,-0.047717363,-0.0035538897
2156,-0.00036481774,0.0,-0.00043736555,0.0013879723,0.00045964296,-0.0024328914,0.006800158,0.0004976122,0.022152944,-0.00094848796,0.0001492801,0.00017402662,0.0,0.0,0.0,5.8168927e-05,0.005672957,-0.00010618098,0.0,0.00077767106,0.0027645868,-7.3305036e-06,-0.00012462793,-0.19817436,0.014892341,-0.0010697764,-0.0007841112,-0.0010661529,-0.00662882,0.00068117527,0.000202795,0.00016566459,-8.170852e-05,-0.033761274,-0.0056440495,0.00063123147,-0.20032088,-0.058356233,-0.023003737,-0.0018545807,0.0,0.0,-0.17097005,-0.39740372,0.0020655552,-0.005869464,0.0,-0.0017187139,3.3630393e-05,-0.018572748,-0.051786903,-2.64441e-05,0.0053630853,0.0003826445,-0.0007186803,0.0017612072,0.0,0.008324822,0.00050287833,-0.0015734943,-0.0020471164,-0.049606588,-0.0035538897
2157,-0.00036481774,0.0,-0.00043736555,0.0013879723,0.00045964296,-0.0024328914,0.006800158,0.0004976122,0.022152944,-0.00094848796,0.0001492801,-1.7086602e-05,0.0,0.0,0.0,5.8168927e-05,0.005672957,-0.00010618098,0.0,-0.00013550714,0.0027645868,0.00012323525,-0.00012462793,-0.20308435,0.014990918,-0.0016298512,-0.0007841112,-0.0007300108,-0.00662882,0.00068117527,0.000202795,0.00016566459,-8.170852e-05,-0.032647446,-0.0056440495,0.00063123147,-0.20041852,-0.058356233,-0.023003737,-0.0018545807,0.0,0.0,-0.17087449,-0.3976262,0.0020655552,-0.005869464,0.0,-0.0017187139,3.3630393e-05,-0.018572748,-0.051660992,-2.64441e-05,0.0053630853,0.0003826445,-0.0007186803,0.0017612072,0.0,0.012832686,0.00050287833,-0.0015734943,-0.0020471164,-0.049120545,-0.0035538897
2158,-0.00036481774,0.0,-0.00043736555,0.0019383557,0.00045964296,-0.0024328914,-0.0072710575,0.0004976122,0.021960514,-0.00094848796,0.0001492801,-1.7086602e-05,0.0,0.0,0.0,5.8168927e-05,0.005672957,-0.00010618098,0.0,0.00077767106,0.0027645868,0.00012323525,-0.00012462793,-0.20211744,0.014038551,-0.0016298512,-0.0007841112,-0.0007300108,-0.00662882,0.00068117527,0.000202795,0.00016566459,-8.170852e-05,-0.032028425,-0.0056440495,0.00063123147,-0.19769587,-0.05474982,-0.023003737,-0.0018545807,0.0,0.0,-0.16831388,-0.39767402,0.0020655552,-0.005869464,0.0,-0.0017187139,3.3630393e-05,-0.018594444,-0.0505231,-2.64441e-05,0.0053630853,0.0003826445,-0.0007186803,0.0017612072,0.0,0.012538018,0.00050287833,-0.0015734943,-0.0018466422,-0.048053045,-0.002318735
2159,-0.00036481774,0.0,-0.00043736555,0.0013879723,0.00045964296,-0.0024328914,0.006800158,0.0004976122,0.022152944,-0.00094848796,0.0001492801,-1.7086602e-05,0.0,0.0,0.0,5.8168927e-05,0.005672957,-0.00010618098,0.0,0.00077767106,0.0027645868,-7.3305036e-06,-0.00012462793,-0.20308435,0.015239116,-0.0016298512,-0.0007841112,-0.0007300108,-0.00662882,0.00068117527,0.000202795,0.00016566459,-8.170852e-05,-0.03328367,-0.0056440495,0.00063123147,-0.20032088,-0.058356233,-0.023003737,-0.0018545807,0.0,0.0,-0.17087449,-0.39769235,0.0020655552,-0.005869464,0.0,-0.0017187139,3.3630393e-05,-0.018696845,-0.051660992,-2.64441e-05,0.0053630853,0.0003826445,-0.0007186803,0.0017612072,0.0,0.012832686,0.00050287833,-0.0015734943,-0.0020471164,-0.049422525,-0.0035538897
2160,-0.0006135241,0.0,-0.00043736555,0.0019383557,0.00045964296,-0.0024328914,0.005903837,-0.004943043,0.021579778,-0.00094848796,0.0001492801,-0.00011040977,0.0,0.0,0.0,-0.0029003767,0.005672957,-0.00010618098,0.0,0.00077767106,0.0027645868,-7.3305036e-06,-0.00012462793,-0.19033758,0.013223625,-0.0016298512,-0.0007841112,0.0007291363,-0.0058186366,0.00068117527,0.00012323141,1.1894521e-05,0.0025634265,-0.035320293,-0.0056440495,0.00063123147,-0.16069767,-0.03956613,-0.023003737,-0.0018545807,0.0,0.0,-0.14192462,-0.32375067,0.0020655552,-0.005869464,0.0,-0.0017187139,3.3630393e-05,-0.01897204,-0.051017847,-0.000169137,0.0053630853,0.0003826445,0.002696652,0.0017612072,0.0,-0.15180777,0.0003384709,-0.0015734943,-0.0008451531,-0.054480515,-0.0035538897
2161,-0.0006135241,0.0,-0.00043736555,0.0019383557,0.00045964296,-0.0024328914,0.005903837,-0.004943043,0.021579778,-0.00094848796,0.0001492801,-0.00011040977,0.0,0.0,0.0,-0.0029003767,0.005672957,-0.00010618098,0.0,0.00077767106,0.0027645868,0.00024205932,-0.00012462793,-0.18698755,0.012975426,-0.0016298512,-0.0007841112,-0.0012661478,-0.0067092148,0.00068117527,0.00032060992,0.00016566459,0.0025634265,-0.035320293,-0.0056440495,0.00063123147,-0.16074818,-0.03956613,-0.023003737,-0.0018545807,0.0,0.0,-0.13963076,-0.32068238,0.0020655552,-0.005869464,0.0,-0.0017187139,3.3630393e-05,-0.019071324,-0.05185941,-0.000169137,0.0053630853,0.0003826445,0.002696652,0.0017612072,0.0,-0.15551841,0.0003384709,-0.0015734943,-0.0021424298,-0.05465987,-0.0035538897
2162,-0.0006135241,0.0,-0.00043736555,0.0013879723,0.00045964296,-0.0024328914,0.011330944,-0.004943043,0.021579778,-0.00094848796,0.0001492801,-0.00011040977,0.0,0.0,0.0,-0.0029003767,0.005672957,-0.00010618098,0.0,0.00077767106,0.0027645868,-7.3305036e-06,-0.00012462793,-0.18675372,0.013223625,-0.0010697764,-0.0007841112,-0.0012661478,-0.0067092148,0.00068117527,0.00012323141,0.00016566459,-8.170852e-05,-0.041260015,-0.0056440495,-0.0006745928,-0.16069767,-0.03956613,-0.023003737,-0.0018545807,0.0,0.0,-0.13906889,-0.3221859,0.0020655552,-0.005869464,0.0,-0.0017187139,3.3630393e-05,-0.01883427,-0.05205357,-0.000169137,0.0053630853,0.0003826445,0.002696652,0.0017612072,0.0,-0.15486571,0.0003384709,-0.0015734943,-0.0021424298,-0.050045718,-0.0035538897
2163,-0.0006135241,0.0,-0.00043736555,0.0019383557,0.00045964296,-0.0024328914,0.011330944,-0.004943043,0.021579778,-0.00094848796,0.0001492801,0.0011245208,0.0,0.0,0.0,-0.0029003767,0.005672957,-0.00010618098,0.0,0.00077767106,0.0027645868,0.00024205932,-0.00012462793,-0.18675372,0.013223625,-0.0016298512,-0.0007841112,-0.0012661478,-0.0058186366,0.00068117527,0.00012323141,1.1894521e-05,-8.170852e-05,-0.04078241,-0.0056440495,-0.0006745928,-0.16069767,-0.03956613,-0.023003737,-0.0018545807,0.0,0.0,-0.14139734,-0.32267067,0.0020655552,-0.005869464,0.0,-0.0017187139,3.3630393e-05,-0.01923416,-0.052895132,-0.000169137,0.0053630853,0.0003826445,0.002696652,0.0017612072,0.0,-0.15386353,0.0003384709,-0.0015734943,-0.0021424298,-0.049682297,-0.0035538897
2164,-0.0006135241,0.0,-0.00043736555,0.0019383557,0.00045964296,-0.0024328914,0.0056929938,-0.004943043,0.021579778,-0.00094848796,0.0001492801,-0.00011040977,0.0,0.0,0.0,-0.0029003767,0.005672957,-0.00010618098,0.0,0.00077767106,0.0027645868,0.00024205932,0.0010361107,-0.18698755,0.013223625,-0.0016298512,-0.0007841112,-0.0012661478,-0.0058186366,0.00068117527,0.00032060992,1.1894521e-05,-8.170852e-05,-0.035320293,-0.0056440495,0.00063123147,-0.16074818,-0.039706044,-0.023152402,-0.0018545807,0.0,0.0,-0.13967343,-0.32328498,0.0020655552,-0.005869464,0.0,-0.0017187139,3.3630393e-05,-0.019522294,-0.05185941,-0.000169137,0.0053630853,0.0003826445,0.002696652,0.0017612072,0.0,-0.15481178,0.0003384709,-0.0015734943,-0.0021424298,-0.051271494,-0.0035538897
2165,-0.0006135241,0.0,-0.00043736555,0.0019383557,0.00045964296,-0.0024328914,0.0060836975,-0.0051013334,0.021927426,-0.00094848796,0.0001492801,0.0011245208,0.0,0.0,0.0,-0.0029003767,0.005672957,-0.00010618098,0.0,0.00077767106,0.0027645868,0.00024205932,-0.00012462793,-0.19241674,0.012975426,-0.0016298512,-0.0007841112,-0.0012661478,-0.0058186366,0.00068117527,0.00032060992,-0.0023617852,-8.170852e-05,-0.0351333,-0.0056440495,0.00063123147,-0.15917893,-0.03956613,-0.023003737,-0.0018545807,0.0,0.0,-0.14185661,-0.3208963,0.0020655552,-0.005869464,0.0,-0.0017187139,3.3630393e-05,-0.017508307,-0.05185941,-0.000169137,0.0053630853,0.0003826445,0.002696652,0.0017612072,0.0,-0.1428376,0.0003384709,-0.0015734943,0.023437351,-0.048433356,-0.0035538897
2166,-0.0006135241,0.0,-0.00043736555,0.0016347436,0.00045964296,-0.0024328914,-0.062643826,-0.005386394,-0.017947149,-0.0015233477,0.0001492801,0.0011245208,0.0,0.0,0.0,-0.0029003767,0.0011155972,-0.00010618098,0.0,0.00077767106,0.0027645868,0.00024205932,-0.00012462793,-0.15946946,0.011730996,-0.0016298512,-0.0007841112,0.0007291363,-0.0058186366,0.00068117527,0.00032060992,1.1894521e-05,-8.170852e-05,-0.033523846,-0.003176902,0.00063123147,-0.15263696,-0.032776386,-0.023003737,-0.00095420436,0.0,0.0,-0.12353781,-0.30411875,0.0020655552,-0.0029840842,0.0,-0.0023439266,3.3630393e-05,-0.018080711,-0.03346582,-0.000169137,0.0053630853,0.0003826445,0.002696652,0.0017612072,0.0,-0.14251703,0.0003384709,-0.0015734943,0.023437351,-0.04690755,-0.0006354258
2167,-0.0006135241,0.0,-0.00043736555,0.0019383557,0.00045964296,-0.0024328914,0.0054370635,-0.0051013334,-0.02040323,-0.0015233477,0.0001492801,0.0011245208,0.0,0.0,0.0,-0.0029003767,0.0014361494,-0.00010618098,0.0,0.00077767106,0.0027645868,0.00012323525,-0.00012462793,-0.16075875,0.012683365,-0.0016298512,-0.0007841112,-0.0012661478,-0.0058186366,0.00068117527,0.00012323141,1.1894521e-05,-8.170852e-05,-0.03528801,-0.003176902,-0.0006745928,-0.16179939,-0.039817,-0.023003737,-0.00095420436,0.0,0.0,-0.14593402,-0.32526866,0.0020655552,-0.0029840842,0.0,-0.0023439266,3.3630393e-05,-0.017279292,-0.03460371,-0.000169137,0.0053630853,0.0003826445,0.002696652,0.0017612072,0.0,-0.15221427,0.0003384709,-0.0015734943,-0.0008451531,-0.049682297,-0.0018705805
2168,-0.0006135241,0.0,-0.00043736555,0.0016347436,0.00045964296,-0.0024328914,0.0060836975,-0.0051013334,0.013581675,-0.00094848796,0.0001492801,-0.00011040977,0.0,0.0,0.0,-0.0029003767,0.0029231743,-0.00010618098,0.0,0.00077767106,0.0027645868,0.00024205932,-0.00012462793,-0.193812,0.013223625,-0.0016298512,0.00027128475,-0.0012661478,-0.0067092148,0.00068117527,0.00032060992,-0.0023617852,-8.170852e-05,-0.0349338,-0.006916586,0.00063123147,-0.16062212,-0.03984503,-0.023003737,-0.00095420436,0.0,0.0,-0.1404969,-0.3196239,0.0020655552,-0.005869464,0.0,-0.0017187139,3.3630393e-05,-0.017632408,-0.0390181,-0.000169137,0.0053630853,0.0003826445,0.002696652,0.0017612072,0.0,-0.14449249,0.0003384709,-0.0015734943,0.017805077,-0.04956511,-0.0035538897
2169,-0.0006135241,0.0,-0.00043736555,0.0019383557,0.00045964296,-0.0024328914,0.0062945406,-0.0051013334,0.021927426,-0.00094848796,0.0001492801,0.0011245208,0.0,0.0,0.0,-0.0029003767,0.005672957,-0.00010618098,0.0,0.00077767106,0.0027645868,0.00024205932,-0.00012462793,-0.19701599,0.012975426,-0.0010697764,-0.0007841112,0.0027953999,-0.0058186366,0.00068117527,0.00022424548,1.1894521e-05,-8.170852e-05,-0.03561091,-0.0056440495,0.00063123147,-0.15911655,-0.03956613,-0.023003737,-0.0018545807,0.0,0.0,-0.14181396,-0.32181934,0.0020655552,-0.005869464,0.0,-0.0017187139,3.3630393e-05,-0.018900463,-0.051017847,-0.000169137,0.0053630853,0.0003826445,0.002696652,0.0017612072,0.0,-0.14083014,0.0003384709,-0.0015734943,0.023437351,-0.051105116,-0.0035538897
2170,-0.0006135241,0.0,-0.00043736555,0.0019383557,0.00045964296,-0.0024328914,0.0062945406,-0.0051013334,0.021927426,-0.00094848796,0.0001492801,0.0011245208,0.0,0.0,0.0,-0.0029003767,0.005672957,-0.00010618098,0.0,0.00077767106,0.0027645868,0.00024205932,-0.00012462793,-0.19659722,0.012975426,0.0040183514,-0.0007841112,-0.0012661478,-0.0058186366,0.00068117527,0.00012323141,0.00016566459,-8.170852e-05,-0.03561091,-0.0056440495,0.00063123147,-0.16072637,-0.03956613,-0.023003737,-0.0018545807,0.0,0.0,-0.1441078,-0.324188,0.0020655552,-0.005869464,0.0,-0.0017187139,3.3630393e-05,-0.018909642,-0.051017847,-0.000169137,0.0053630853,0.0003826445,0.002696652,0.0017612072,0.0,-0.1417658,0.0003384709,-0.0015734943,-0.0008451531,-0.051634915,-0.0035538897
2171,-0.0006135241,0.0,-0.00043736555,0.0019383557,0.00045964296,-0.0024328914,0.0062945406,-0.0051013334,0.021927426,-0.00094848796,0.0001492801,0.0011245208,0.0,0.0,0.0,-0.0029003767,0.005672957,-0.00010618098,0.0,0.00077767106,0.0027645868,-7.3305036e-06,-0.00012462793,-0.19817436,0.013223625,-0.0016298512,-0.0007841112,-0.0012661478,-0.0067092148,0.00068117527,0.00012323141,1.1894521e-05,-8.170852e-05,-0.0351333,-0.0056440495,0.00063123147,-0.16072637,-0.03956613,-0.023003737,-0.0018545807,0.0,0.0,-0.14181396,-0.32271734,0.0020655552,-0.005869464,0.0,-0.0017187139,3.3630393e-05,-0.01897204,-0.051017847,-0.000169137,0.0053630853,0.0003826445,0.002696652,0.0017612072,0.0,-0.143469,0.0003384709,-0.0015734943,-0.0021424298,-0.051271494,-0.0035538897
2172,-0.00036481774,0.0,-0.00043736555,0.0013879723,0.00045964296,-0.0024328914,-0.032548383,-0.0052906247,0.013574611,-0.00094848796,0.0001492801,0.00017402662,0.0,0.0,0.0,-0.0029003767,0.0028455579,-0.00010618098,0.0,0.00077767106,0.0027645868,-7.3305036e-06,-0.00012462793,-0.1986027,0.013939973,-0.0016298512,0.00027128475,-0.0010661529,-0.00662882,0.00068117527,0.0004001735,1.1894521e-05,-8.170852e-05,-0.03372335,-0.006916586,0.00063123147,-0.19000705,-0.04913474,-0.023003737,-0.00095420436,0.0,0.0,-0.15713896,-0.38220337,0.0020655552,-0.005869464,0.0,-0.0017187139,3.3630393e-05,-0.018644508,-0.037681792,-2.64441e-05,0.0053630853,0.0003826445,0.002696652,0.0017612072,0.0,0.0022111263,0.0003384709,-0.0015734943,-0.0020471164,-0.049902014,-0.002318735
2173,-0.00036481774,0.0,-0.00043736555,0.0019383557,0.00045964296,-0.0024328914,-0.07265575,-0.0052906247,-0.013377901,-0.0011947682,0.0001492801,0.00017402662,0.0,0.0,0.0,-0.0029003767,0.0018129254,-0.00010618098,0.0,0.00077767106,0.0027645868,-7.3305036e-06,-0.00012462793,-0.16988263,0.013647911,-0.0016298512,-0.0007841112,-0.0010661529,-0.00662882,0.00068117527,0.0004001735,1.1894521e-05,-8.170852e-05,-0.03372335,-0.003176902,-0.0006745928,-0.1912972,-0.044900056,-0.023003737,-0.00095420436,0.0,0.0,-0.148843,-0.3686957,0.0020655552,-0.0048646173,0.0,-0.0023439266,3.3630393e-05,-0.018078694,-0.034108967,-2.64441e-05,0.0053630853,0.0003826445,0.002696652,0.0017612072,0.0,0.0074898107,0.00050287833,-0.0015734943,-0.0020471164,-0.048312817,-0.0006354258
2174,-0.00036481774,0.0,-0.00043736555,0.0013879723,0.00045964296,-0.0024328914,-0.02686128,-0.0052906247,0.013614761,-0.00094848796,0.0001492801,-1.7086602e-05,0.0,0.0,0.0,-0.0029003767,0.0028455579,-0.00010618098,0.0,0.00077767106,0.0027645868,-7.3305036e-06,-0.00012462793,-0.1986027,0.013939973,-0.0016298512,-0.0007841112,-0.0010661529,-0.00662882,0.00068117527,0.000202795,1.1894521e-05,-8.170852e-05,-0.03372335,-0.0056440495,-0.0006745928,-0.19017369,-0.055000693,-0.023003737,-0.00095420436,0.0,0.0,-0.16269629,-0.3824385,0.0020655552,-0.005869464,0.0,-0.0017187139,3.3630393e-05,-0.01854582,-0.037681792,-2.64441e-05,0.0053630853,0.0003826445,0.002696652,0.0017612072,0.0,0.007933862,0.00050287833,-0.0015734943,-0.0020471164,-0.048312817,-0.002318735
2175,-0.00036481774,0.0,-0.00043736555,0.0019383557,0.00045964296,-0.0024328914,0.006800158,0.0004976122,0.022152944,-0.00094848796,0.0001492801,-1.7086602e-05,0.0,0.0,0.0,5.8168927e-05,0.005672957,-0.00010618098,0.0,0.00077767106,0.0027645868,-7.3305036e-06,-0.00012462793,-0.19953759,0.014990918,-0.0016298512,-0.0007841112,-0.0007300108,-0.00662882,0.00068117527,0.000202795,0.00016566459,0.0025634265,-0.03328367,-0.0056440495,0.00063123147,-0.19851086,-0.058356233,-0.023003737,-0.0018545807,0.0,0.0,-0.17101976,-0.39509854,0.0020655552,-0.005869464,0.0,-0.0017187139,3.3630393e-05,-0.018725261,-0.05097496,-2.64441e-05,0.0053630853,0.0003826445,-0.0007186803,0.0017612072,0.0,0.013473103,0.00050287833,-0.0015734943,0.023532664,-0.049793404,-0.0035538897
2176,-0.00036481774,0.0,-0.00043736555,0.0013879723,0.00045964296,-0.0024328914,0.006800158,0.0004976122,0.022152944,-0.00094848796,0.0001492801,-1.7086602e-05,0.0,0.0,0.0,5.8168927e-05,0.005672957,-0.00010618098,0.0,0.00077767106,0.0027645868,0.00024205932,-0.00012462793,-0.204046,0.015239116,-0.0016298512,-0.0007841112,-0.0007300108,-0.00662882,0.00068117527,0.000202795,0.00016566459,-8.170852e-05,-0.03328367,-0.0056440495,0.00063123147,-0.20017119,-0.058356233,-0.023003737,-0.0018545807,0.0,0.0,-0.17087449,-0.3977541,0.0020655552,-0.005869464,0.0,-0.0017187139,3.3630393e-05,-0.01882154,-0.05097496,-2.64441e-05,0.0053630853,0.0003826445,-0.0007186803,0.0017612072,0.0,0.012895642,0.00050287833,-0.0015734943,-0.0020471164,-0.049422525,-0.0035538897
2177,-0.00036481774,0.0,-0.00043736555,0.0019383557,0.00045964296,-0.0024328914,0.006800158,0.0004976122,0.022152944,-0.00094848796,0.0001492801,-1.7086602e-05,0.0,0.0,0.0,5.8168927e-05,0.005672957,-0.00010618098,0.0,0.00077767106,0.0027645868,-7.3305036e-06,-0.00012462793,-0.199136,0.014892341,-0.0016298512,-0.0007841112,-0.0010661529,-0.00662882,0.00068117527,0.000202795,0.00016566459,-8.170852e-05,-0.03328367,-0.0056440495,-0.0006745928,-0.20017119,-0.058356233,-0.023003737,-0.0018545807,0.0,0.0,-0.17101976,-0.39791855,0.0020655552,-0.005869464,0.0,-0.0017187139,3.3630393e-05,-0.018847939,-0.05097496,-2.64441e-05,0.0053630853,0.0003826445,-0.0007186803,0.0017612072,0.0,0.00842038,0.00050287833,-0.0015734943,-0.0020471164,-0.047833327,-0.0035538897
2178,-0.00036481774,0.0,-0.00043736555,0.0013879723,0.00045964296,-0.0024328914,0.006800158,0.0004976122,0.022152944,-0.00094848796,0.0001492801,-1.7086602e-05,0.0,0.0,0.0,5.8168927e-05,0.005672957,-0.00010618098,0.0,0.00077767106,0.0027645868,-7.3305036e-06,-0.00012462793,-0.20308435,0.015239116,-0.0016298512,-0.0007841112,-0.0007300108,-0.00662882,0.00068117527,0.0003245832,0.00016566459,-8.170852e-05,-0.03328367,-0.0056440495,0.00063123147,-0.20032088,-0.058356233,-0.023003737,-0.0018545807,0.0,0.0,-0.17097473,-0.39769033,0.0020655552,-0.005869464,0.0,-0.0017187139,3.3630393e-05,-0.018696845,-0.051786903,-2.64441e-05,0.0053630853,0.0003826445,-0.0007186803,0.0017612072,0.0,0.012734511,0.00050287833,-0.0015734943,-0.0018466422,-0.049422525,-0.0035538897
2179,-0.00036481774,0.0,-0.00043736555,0.0013879723,0.00045964296,-0.0024328914,0.0043264977,0.0004976122,0.022152944,-0.00094848796,0.0001492801,-1.7086602e-05,0.0,0.0,0.0,5.8168927e-05,0.005672957,-0.00010618098,0.0,0.00077767106,0.0027645868,0.00024205932,-0.00012462793,-0.20307909,0.014990918,-0.0016298512,-0.0007841112,-0.0007300108,-0.00662882,0.00068117527,0.0004001735,1.1894521e-05,-8.170852e-05,-0.03328367,-0.0056440495,0.00063123147,-0.20022169,-0.058356233,-0.023003737,-0.0018545807,0.0,0.0,-0.17091715,-0.39770374,0.0020655552,-0.005869464,0.0,-0.0017187139,3.3630393e-05,-0.018542634,-0.05097496,-2.64441e-05,0.0053630853,0.0003826445,-0.0007186803,0.0017612072,0.0,0.0128220655,0.00050287833,-0.0015734943,-0.0020471164,-0.047873687,-0.0035538897
2180,-0.00036481774,0.0,-0.00043736555,0.0013879723,0.00045964296,-0.0024328914,0.004562495,-0.0048472737,0.022152944,-0.00094848796,0.0001492801,-1.7086602e-05,0.0,0.0,0.0,-0.0029003767,0.005672957,-0.00010618098,0.0,0.00077767106,0.0027645868,0.00024205932,-0.00012462793,-0.19760904,0.014038551,-0.0016298512,0.00027128475,-0.0007300108,-0.00662882,0.00068117527,0.0004001735,1.1894521e-05,-8.170852e-05,-0.035320293,-0.006916586,0.00063123147,-0.19818315,-0.05854176,-0.023003737,-0.0018545807,0.0,0.0,-0.17021227,-0.3880531,0.0020655552,-0.005869464,0.0,-0.0017187139,3.3630393e-05,-0.018419957,-0.050649013,-2.64441e-05,0.0053630853,0.0003826445,0.0025693276,0.0017612072,0.0,0.0133995265,0.00050287833,-0.0015734943,0.023532664,-0.046913046,-0.0035538897
2181,-0.0006135241,0.0,-0.00043736555,0.0013879723,0.00045964296,-0.0024328914,0.011721648,-0.0051013334,0.021927426,-0.00094848796,0.0001492801,-0.00011040977,0.0,0.0,0.0,-0.0029003767,0.005672957,-0.00010618098,0.0,0.00077767106,0.0027645868,-7.3305036e-06,-0.00012462793,-0.19343212,0.013223625,-0.0016298512,-0.0007841112,-0.0012661478,-0.0067092148,0.00068117527,0.00012323141,0.00016566459,-8.170852e-05,-0.040595416,-0.0056440495,-0.0006745928,-0.15906604,-0.03956613,-0.023003737,-0.0018545807,0.0,0.0,-0.13906889,-0.31882042,0.0020655552,-0.005869464,0.0,-0.0017187139,3.3630393e-05,-0.018711593,-0.052895132,-0.000169137,0.0053630853,0.0003826445,0.002696652,0.0017612072,0.0,-0.14449249,0.0003384709,-0.0015734943,0.023437351,-0.047023516,-0.0035538897
2182,-0.0006135241,0.0,-0.00043736555,0.0019383557,0.00045964296,-0.0024328914,-0.06752217,-0.0052281036,0.012380269,-0.00094848796,0.0001492801,-0.00011040977,0.0,0.0,0.0,-0.0029003767,0.005352405,-0.00010618098,0.0,0.00077767106,0.0027645868,0.00012323525,-0.00012462793,-0.18713953,0.012023058,-0.0016298512,-0.0007841112,-0.0012661478,-0.0067092148,0.00068117527,0.00012323141,-0.002094862,-8.170852e-05,-0.03406505,-0.0056440495,0.00063123147,-0.15320744,-0.032497488,-0.023003737,-0.00095420436,0.0,0.0,-0.1201442,-0.30214107,0.0020655552,-0.005869464,0.0,-0.0017187139,3.3630393e-05,-0.018241774,-0.04128354,-0.000169137,0.0053630853,0.0003826445,0.0025693276,0.0017612072,0.0,-0.13817586,0.0003384709,-0.0015734943,-0.0021424298,-0.04975118,-0.002318735
2183,-0.0006135241,0.0,-0.00043736555,0.0019383557,0.00045964296,-0.0024328914,0.0062945406,-0.004943043,0.021927426,-0.00094848796,0.0001492801,0.0011245208,0.0,0.0,0.0,-0.0029003767,0.005672957,-0.00010618098,0.0,0.00077767106,0.0027645868,0.00024205932,0.0010361107,-0.19817436,0.012975426,-0.0010697764,-0.0007841112,-0.0012661478,-0.0067092148,0.00068117527,0.00032060992,1.1894521e-05,0.0025634265,-0.035797905,-0.0056440495,0.00063123147,-0.16074818,-0.039706044,-0.023152402,-0.0018545807,0.0,0.0,-0.14181396,-0.32089818,0.0020655552,-0.005869464,0.0,-0.0017187139,3.3630393e-05,-0.019651692,-0.05185941,-0.000169137,0.0053630853,0.0003826445,0.002696652,0.0017612072,0.0,-0.1441217,0.0003384709,-0.0015734943,-0.0021424298,-0.05466458,-0.0035538897
2184,-0.0006135241,0.0,-0.00043736555,0.0013879723,0.00045964296,-0.0024328914,0.0062945406,-0.0051013334,0.021927426,-0.00094848796,0.0001492801,-0.00011040977,0.0,0.0,0.0,-0.0029003767,0.005672957,-0.00010618098,0.0,0.00077767106,0.0027645868,0.00012323525,-0.00012462793,-0.19817436,0.013223625,-0.0016298512,-0.0007841112,-0.0012661478,-0.0067092148,0.00068117527,0.00012323141,0.00016566459,-8.170852e-05,-0.03528801,-0.0056440495,-0.0006745928,-0.16072637,-0.03956613,-0.023003737,-0.0018545807,0.0,0.0,-0.14177935,-0.3213268,0.0020655552,-0.005869464,0.0,-0.0017187139,3.3630393e-05,-0.018696845,-0.05185941,-0.000169137,0.0053630853,0.0003826445,0.002696652,0.0017612072,0.0,-0.1440734,0.0003384709,-0.0015734943,-0.0008451531,-0.049861655,-0.0035538897
2185,-0.00036481774,0.0,-0.00043736555,0.0013879723,0.00045964296,-0.0024328914,0.012227265,0.0004976122,0.022152944,-0.00094848796,0.0001492801,-1.7086602e-05,0.0,0.0,0.0,5.8168927e-05,0.005672957,-0.00010618098,0.0,-0.00013550714,0.0027645868,0.00024205932,-0.00012462793,-0.19890219,0.015140538,-0.0010697764,-0.0007841112,-0.0010661529,-0.00662882,0.00068117527,0.000202795,0.00016566459,-8.170852e-05,-0.036731467,-0.0056440495,0.0007401777,-0.20052364,-0.058356233,-0.022881385,-0.0018545807,0.0,0.0,-0.17071515,-0.39773062,-0.003172952,-0.005869464,0.0,-0.0004982132,3.3630393e-05,-0.018958965,-0.052010685,-2.64441e-05,0.0053630853,0.0003826445,-0.0007186803,0.0017612072,0.0,0.00842038,0.00050287833,-0.0015734943,-0.0020471164,-0.046153024,-0.0035538897
2186,-0.00036481774,0.0,-0.00043736555,0.0016347436,0.00045964296,-0.0024328914,0.0043264977,0.0004976122,0.022152944,-0.00094848796,0.0001492801,-1.7086602e-05,0.0,0.0,0.0,5.8168927e-05,0.005672957,-0.00010618098,0.0,-0.00013550714,0.0027645868,0.00024205932,-0.00012462793,-0.19760904,0.014038551,-0.0016298512,-0.0007841112,-0.0007300108,-0.00662882,0.00068117527,0.0004001735,0.00016566459,0.0025634265,-0.030432023,-0.0056440495,0.00063123147,-0.19906351,-0.05856979,-0.022881385,-0.0018545807,0.0,0.0,-0.17134386,-0.39601594,-0.003172952,-0.005869464,0.0,-0.0004982132,-0.000102375736,-0.018695151,-0.0505231,-2.64441e-05,0.0053630853,0.0003826445,-0.0007186803,0.0017612072,0.0,0.013336569,0.00050287833,-0.0015734943,0.023532664,-0.044683617,-0.0035538897
2187,-0.00036481774,0.0,-0.00043736555,0.0013879723,0.00045964296,-0.0024328914,0.006800158,0.0004976122,0.021933625,-0.00094848796,0.0001492801,-1.7086602e-05,0.0,0.0,0.0,5.8168927e-05,0.005672957,-0.00010618098,0.0,-0.0012366981,0.0027645868,0.00024205932,-0.00012462793,-0.19906737,0.014990918,-0.0010697764,-0.0007841112,-0.0007300108,-0.00662882,0.00068117527,0.0004001735,0.00016566459,-8.170852e-05,-0.031109126,-0.0056440495,0.00063123147,-0.19906351,-0.058356233,-0.022881385,-0.0018545807,0.0,0.0,-0.17113176,-0.39628536,-0.003172952,-0.005869464,0.0,-5.9574144e-05,-0.000102375736,-0.018673455,-0.051786903,-2.64441e-05,0.0053630853,0.0003826445,-0.0007186803,0.0017612072,0.0,0.013473103,0.00050287833,-0.0015734943,0.023532664,-0.041811164,-0.0035538897
2188,-0.00036481774,0.0,-0.00043736555,0.0013879723,0.00045964296,-0.0024328914,0.006589315,0.0004976122,0.021933625,-0.00094848796,0.0001492801,-1.7086602e-05,0.0,0.0,0.0,5.8168927e-05,0.005672957,-0.00010618098,0.0,-0.0012366981,0.0027645868,0.00024205932,-0.00012462793,-0.20453742,0.014038551,-0.0016298512,-0.0007841112,-0.0007300108,-0.00662882,0.00068117527,0.0004001735,1.1894521e-05,-8.170852e-05,-0.030631518,-0.0056440495,0.00063123147,-0.20057414,-0.05854176,-0.022881385,-0.0018545807,0.0,0.0,-0.17117442,-0.39838532,-0.003172952,-0.005869464,0.0,-5.9574144e-05,-0.000102375736,-0.018542634,-0.049837068,-2.64441e-05,0.0053630853,0.0003826445,-0.0007186803,0.0017612072,0.0,0.012895642,0.00050287833,-0.0015734943,-0.0020471164,-0.044285882,-0.0035538897
2189,-0.00036481774,0.0,-0.00043736555,0.0013879723,0.00045964296,-0.0024328914,0.0077394894,0.0004976122,0.021933625,-0.00094848796,0.0001492801,-1.7086602e-05,0.0,0.0,0.0,5.8168927e-05,0.005672957,-0.00010618098,0.0,-0.00013550714,0.0027645868,0.00024205932,-0.00012462793,-0.2040315,0.015239116,-0.0016298512,-0.0007841112,-0.0007300108,-0.00662882,0.00068117527,0.00030380907,0.00016566459,0.0025634265,-0.030631518,-0.0056440495,0.00063123147,-0.20057414,-0.058356233,-0.022881385,-0.0018545807,0.0,0.0,-0.17113176,-0.39787173,-0.003172952,-0.005869464,0.0,-5.9574144e-05,-0.000102375736,-0.019009473,-0.052010685,-2.64441e-05,0.0053630853,0.0003826445,-0.0007186803,0.0017612072,0.0,0.012895642,0.00050287833,-0.0015734943,-0.0020471164,-0.049047563,-0.0035538897
2190,-0.0006135241,0.0,-0.00043736555,0.0013879723,0.00045964296,-0.0024328914,0.0062945406,-0.0051013334,0.021927426,-0.00094848796,0.0001492801,-0.00011040977,0.0,0.0,0.0,-0.0029003767,0.005672957,-0.00010618098,0.0,0.00077767106,0.0027645868,0.00024205932,0.0010361107,-0.1978868,0.012975426,-0.0016298512,-0.0007841112,-0.0012661478,-0.0067092148,0.00068117527,0.00032060992,-0.0023617852,-8.170852e-05,-0.0351333,-0.0056440495,0.0007401777,-0.16068953,-0.039706044,-0.023152402,-0.0018545807,0.0,0.0,-0.13948551,-0.32141224,0.0020655552,-0.005869464,0.0,-0.0017187139,3.3630393e-05,-0.01818966,-0.051047467,-0.000169137,0.0053630853,0.0003826445,0.002696652,0.0017612072,0.0,-0.14506996,0.0003384709,-0.0015734943,-0.0021424298,-0.05140191,-0.0035538897
2191,-0.00036481774,0.0,-0.00043736555,0.0019383557,0.00045964296,-0.0024328914,-0.07444671,-0.005132334,0.012605787,-0.00094848796,0.0001492801,-1.7086602e-05,0.0,0.0,0.0,-0.0029003767,0.0026026224,-0.00010618098,0.0,0.00077767106,0.0027645868,-7.3305036e-06,-0.00012462793,-0.18838874,0.013939973,-0.0016298512,-0.0007841112,-0.0010661529,-0.00662882,0.00068117527,0.0004001735,0.00016566459,-8.170852e-05,-0.033910345,-0.0056440495,-0.0006745928,-0.19019549,-0.044900056,-0.023003737,-0.00095420436,0.0,0.0,-0.14776318,-0.368324,0.0020655552,-0.005869464,0.0,-0.0017187139,3.3630393e-05,-0.019393846,-0.037681792,-2.64441e-05,0.0053630853,0.0003826445,0.002696652,0.0017612072,0.0,0.0075853663,0.00050287833,-0.0015734943,-0.0020471164,-0.048492175,-0.002318735
2192,-0.0006135241,0.0,-0.00043736555,0.0019383557,0.00045964296,-0.0024328914,0.0062945406,-0.004943043,0.021927426,-0.00094848796,0.0001492801,-0.00011040977,0.0,0.0,0.0,-0.0029003767,0.005672957,-0.00010618098,0.0,0.00077767106,0.0027645868,0.00024205932,-0.00012462793,-0.19366595,0.012975426,-0.0016298512,-0.0007841112,-0.0012661478,-0.0058186366,0.00068117527,0.00012323141,0.00016566459,0.0025634265,-0.035320293,-0.0056440495,0.00063123147,-0.15903734,-0.03956613,-0.023003737,-0.0018545807,0.0,0.0,-0.13963076,-0.3217529,0.0020655552,-0.005869464,0.0,-0.0017187139,3.3630393e-05,-0.018849956,-0.051017847,-0.000169137,0.0053630853,0.0003826445,0.002696652,0.0017612072,0.0,-0.14313316,0.0003384709,-0.0015734943,0.023437351,-0.051821735,-0.0035538897
2193,-0.0006135241,0.0,-0.00043736555,0.0019383557,0.00045964296,-0.0024328914,0.0062945406,-0.004943043,0.021927426,-0.00094848796,0.0001492801,0.0011245208,0.0,0.0,0.0,-0.0029003767,0.005672957,-0.00010618098,0.0,0.00077767106,0.0027645868,0.00012323525,-0.00012462793,-0.19817436,0.013223625,-0.0016298512,-0.0007841112,-0.0012661478,-0.0058186366,0.00068117527,0.00097600615,1.1894521e-05,-8.170852e-05,-0.035475004,-0.0056440495,-0.0006745928,-0.16069767,-0.03956613,-0.023003737,-0.0018545807,0.0,0.0,-0.1441078,-0.32609668,0.0020655552,-0.005869464,0.0,-0.0017187139,3.3630393e-05,-0.01897204,-0.051017847,-0.000169137,0.0053630853,0.0003826445,0.002696652,0.0017612072,0.0,-0.1410957,0.0003384709,-0.0015734943,-0.0008451531,-0.049682297,-0.0035538897
2194,-0.0006135241,0.0,-0.00043736555,0.0016347436,0.00045964296,-0.0024328914,0.0056929938,-0.0051013334,0.0049195047,-0.00094848796,0.0001492801,0.0011245208,0.0,0.0,0.0,-0.0029003767,0.0021334775,-0.00010618098,0.0,0.00077767106,0.0027645868,0.00024205932,-0.00012462793,-0.18619063,0.012975426,-0.0016298512,-0.0007841112,-0.0012661478,-0.0058186366,0.00068117527,0.00032060992,-0.0023617852,-8.170852e-05,-0.0349338,-0.003176902,0.00063123147,-0.16174348,-0.03984503,-0.023003737,-0.00095420436,0.0,0.0,-0.14304648,-0.32491016,0.0020655552,-0.0048646173,0.0,-0.0017187139,3.3630393e-05,-0.016581088,-0.03460371,-0.000169137,0.0053630853,0.0003826445,0.002696652,0.0017612072,0.0,-0.15321083,0.0003384709,-0.0015734943,-0.0021424298,-0.05111517,-0.0018705805
2195,-0.0006135241,0.0,-0.00043736555,0.0013879723,0.00045964296,-0.0024328914,0.005903837,-0.0051013334,0.021579778,-0.00094848796,0.0001492801,-0.00011040977,0.0,0.0,0.0,-0.0029003767,0.005672957,-0.00010618098,0.0,0.00077767106,0.0027645868,-7.3305036e-06,-0.00012462793,-0.18698755,0.012975426,-0.0016298512,-0.0007841112,-0.0012661478,-0.0067092148,0.00068117527,0.00012323141,0.00016566459,0.0025634265,-0.0351333,-0.0056440495,0.00063123147,-0.16072637,-0.03956613,-0.023003737,-0.0018545807,0.0,0.0,-0.13948551,-0.32187387,0.0020655552,-0.005869464,0.0,-0.0017187139,3.3630393e-05,-0.018572748,-0.051017847,-0.000169137,0.0053630853,0.0003826445,0.002696652,0.0017612072,0.0,-0.15486571,0.0003384709,-0.0015734943,-0.0021424298,-0.05465987,-0.0035538897
2196,-0.0006135241,0.0,-0.00043736555,0.0013879723,0.00045964296,-0.0024328914,0.0056929938,-0.004943043,0.021579778,-0.00094848796,0.0001492801,-0.00011040977,0.0,0.0,0.0,-0.0029003767,0.005672957,-0.00010618098,0.0,-0.00013550714,0.0027645868,-7.3305036e-06,-0.00012462793,-0.18698755,0.012023058,-0.0016298512,-0.0007841112,-0.0012661478,-0.0058186366,0.00068117527,0.00012323141,0.00016566459,-8.170852e-05,-0.034529366,-0.0056440495,0.00063123147,-0.16079529,-0.039751656,-0.022881385,-0.0018545807,0.0,0.0,-0.14182201,-0.32411703,0.0020655552,-0.005869464,0.0,-0.0004982132,3.3630393e-05,-0.018319251,-0.049879953,-0.000169137,0.0053630853,0.0003826445,0.002696652,0.0017612072,0.0,-0.15316252,0.0003384709,-0.0015734943,-0.0008451531,-0.052491724,-0.0035538897
2197,-0.0006135241,0.0,-0.00043736555,0.0013879723,0.00045964296,-0.0024328914,0.005903837,-0.004943043,0.021579778,-0.00094848796,0.0001492801,0.0011245208,0.0,0.0,0.0,-0.0029003767,0.005672957,-0.00010618098,0.0,0.00077767106,0.0027645868,-7.3305036e-06,-0.00012462793,-0.18698755,0.012975426,-0.0016298512,-0.0007841112,-0.0012661478,-0.0067092148,0.00068117527,0.00012323141,0.00016566459,-8.170852e-05,-0.035320293,-0.0056440495,0.00063123147,-0.16069767,-0.03956613,-0.023003737,-0.0018545807,0.0,0.0,-0.14166869,-0.32243773,0.0020655552,-0.005869464,0.0,-0.0017187139,3.3630393e-05,-0.018572748,-0.051017847,-0.000169137,0.0053630853,0.0003826445,0.002696652,0.0017612072,0.0,-0.15391746,0.0003384709,-0.0015734943,-0.0021424298,-0.05145085,-0.0035538897
2198,-0.0006135241,0.0,-0.00043736555,0.0013879723,0.00045964296,-0.0024328914,0.0062945406,-0.004943043,0.021927426,-0.00094848796,0.0001492801,0.0011245208,0.0,0.0,0.0,-0.0029003767,0.005672957,-0.00010618098,0.0,-0.00013550714,0.0027645868,-7.3305036e-06,-0.00012462793,-0.19817436,0.012975426,-0.0016298512,-0.0007841112,-0.0012661478,-0.0058186366,0.00068117527,0.00032060992,0.00016566459,-8.170852e-05,-0.034529366,-0.0056440495,0.00063123147,-0.16084579,-0.03956613,-0.023003737,-0.0018545807,0.0,0.0,-0.14166869,-0.32416525,0.0020655552,-0.005869464,0.0,-0.0017187139,3.3630393e-05,-0.018671438,-0.051017847,-0.000169137,0.0053630853,0.0003826445,0.002696652,0.0017612072,0.0,-0.14276236,0.0003384709,-0.0015734943,-0.0021424298,-0.051148873,-0.0035538897
2199,-0.0006135241,0.0,-0.00043736555,0.0013879723,0.00045964296,-0.0024328914,0.0038208803,-0.004943043,0.021927426,-0.00094848796,0.0001492801,0.0011245208,0.0,0.0,0.0,-0.0029003767,0.005672957,-0.00010618098,0.0,-0.00013550714,0.0027645868,0.00012323525,-0.00012462793,-0.19720745,0.012023058,-0.0016298512,-0.0007841112,-0.0012661478,-0.0058186366,0.00068117527,0.00012323141,1.1894521e-05,-8.170852e-05,-0.034684077,-0.0056440495,0.00063123147,-0.16079529,-0.039751656,-0.022881385,-0.0018545807,0.0,0.0,-0.14171135,-0.32411847,0.0020655552,-0.005869464,0.0,-0.0004982132,3.3630393e-05,-0.018319251,-0.049879953,-0.000169137,0.0053630853,0.0003826445,0.002696652,0.0017612072,0.0,-0.14283594,0.0003384709,-0.0015734943,-0.0021424298,-0.050942887,-0.0035538897
2300,-0.0007896195,0.0,-0.00043736555,0.0018449017,0.00045964296,-0.0024328914,0.007051017,-0.0048472737,0.030970577,-0.00094848796,0.0001492801,0.00017402662,0.0,0.0,0.0,-0.0029003767,0.008237085,-0.00010618098,0.0,-0.00013550714,0.0027645868,0.00024205932,-0.00012462793,-0.20138319,0.014038551,0.0061644185,-0.00449361,-0.0007300108,-0.0060964734,0.00068117527,-0.0009422139,0.00016566459,-8.170852e-05,-0.032810114,0.017176652,0.00063123147,-0.19332239,-0.05854176,-0.021661349,-0.0018545807,0.0,0.0,-0.1677282,-0.3904719,0.0020655552,-0.0055381567,0.0,-0.0017187139,-0.000102375736,-0.018479643,-0.050308466,-2.64441e-05,0.0053630853,0.0003826445,-0.0007186803,0.0017612072,0.0,0.012737129,0.00050287833,0.0034124423,-0.0020471164,-0.04878307,0.008336948
2301,-0.0004932059,0.0,-0.00043736555,0.003105822,0.00045964296,-0.0005878034,0.0066423574,2.5617685e-05,0.030970577,-0.00094848796,0.0001492801,0.00017402662,0.0,0.0,0.0,5.8168927e-05,0.008237085,-0.00010618098,0.0,0.0019207823,0.0027645868,0.00012323525,-0.00012462793,-0.19571428,0.014038551,-0.0008076114,0.0015546875,-0.0013111377,0.037108928,0.00068117527,0.000202795,0.00016566459,-0.0003888607,-0.019774608,0.020897018,-0.0014931285,-0.18416403,-0.055037215,-0.02258916,-0.0018545807,0.0,0.0,-0.16211462,-0.37401664,0.010554878,-0.0055381567,0.0,-0.009295478,-0.000102375736,-0.018572748,-0.050408926,-2.64441e-05,0.0053630853,0.0003826445,-0.0029831724,0.0017612072,0.0,0.012737129,0.0017262277,0.0034124423,-0.0014784662,0.0329779,0.008336948
2302,-0.0004932059,0.0,-0.00043736555,0.003105822,0.00045964296,-0.0005878034,0.0064063603,0.0004976122,0.030970577,-0.00094848796,0.0001492801,0.00017402662,0.0,0.0,0.0,5.8168927e-05,0.008237085,-0.00010618098,0.0,0.0028339603,0.0027645868,-0.0016296525,-0.00012462793,-0.19571428,0.014038551,-0.0013676862,0.0015546875,-0.0013111377,0.037108928,0.00068117527,0.000202795,0.00016566459,-0.0003888607,-0.020087935,0.020897018,-0.0024697937,-0.1840664,-0.055037215,-0.023003737,-0.0018545807,0.0,0.0,-0.16258053,-0.37228325,0.010554878,-0.0055381567,0.0,-0.0017187139,-0.000102375736,-0.018572748,-0.050004907,-2.64441e-05,0.0053630853,0.0003826445,-0.0029831724,0.0017612072,0.0,0.012737129,0.0017262277,0.0034124423,-0.0014784662,0.028118167,0.008336948
2303,0.0001631584,0.0,-0.00043736555,0.003105822,0.00045964296,-0.0005878034,0.006137212,0.0004976122,0.030970577,-0.00094848796,0.0001492801,0.00017402662,0.0,0.0,0.0,5.8168927e-05,0.008237085,-0.00010618098,0.0,0.0019207823,0.0027645868,-7.3305036e-06,-0.00012462793,-0.1993957,0.014990918,-0.0008076114,-0.00449361,-0.0013111377,-0.002885153,0.00068117527,0.0004001735,0.00016566459,-0.0003888607,0.017433034,0.017176652,0.0033276365,-0.18911803,-0.05549679,-0.023003737,-0.0018545807,0.0,0.0,-0.16511299,-0.37456003,-0.012199642,-0.0055381567,0.0,-0.0017187139,-0.000102375736,-0.018671438,-0.05144636,-2.64441e-05,0.0053630853,0.0003826445,-0.0029831724,0.0017612072,0.0,0.012737129,0.0017262277,0.0034124423,-0.0014784662,0.041476525,0.008336948
2304,-0.0004932059,0.0,-0.00043736555,0.003105822,0.00045964296,-0.0005878034,0.0020753753,0.0004976122,0.030970577,-0.00094848796,0.0001492801,0.00017402662,0.0,0.0,0.0,5.8168927e-05,0.008237085,-0.00010618098,0.0,0.0019207823,0.0027645868,0.00012323525,-0.00012462793,-0.19459012,0.014038551,-0.0013676862,-0.00449361,-0.0013111377,-0.0023528058,0.00068117527,0.0004001735,0.00016566459,-0.0003888607,0.006044755,0.017176652,-0.0014931285,-0.18741375,-0.055682316,-0.02258916,-0.0018545807,0.0,0.0,-0.16299464,-0.37746453,0.010554878,-0.0055381567,0.0,-0.009295478,-0.000102375736,-0.01841794,-0.050712485,-2.64441e-05,0.0053630853,0.0003826445,-0.0029831724,0.0017612072,0.0,0.012563316,0.0017262277,0.0034124423,-0.001277992,0.04817158,0.008336948
2305,0.0050096945,0.0,0.00508062,0.019899638,0.0035988744,-0.00077331695,0.026726432,0.0013547573,0.051256932,-0.0013376605,-0.0013338625,-3.711055e-05,0.0,0.0,0.0,7.6855475e-05,0.012249091,0.004774069,0.0,-0.0077481605,0.010697728,0.0008452649,-0.00027172227,0.21491987,0.04866675,0.001387195,0.0004254509,-0.00059893256,0.020134209,-0.0057107974,0.0017645821,0.0014818693,-0.00010926255,0.15413581,0.0066954717,0.00010818662,0.19714229,0.05830192,-0.0068542156,-0.00047404435,0.0,0.0,0.17248523,0.34715292,-0.0036266383,-0.0021988887,0.0,0.002334152,-0.001197784,0.083495304,-0.014575046,-5.143743e-05,0.0014984505,0.0023351966,-0.0018755121,0.0016382465,0.0,0.054326292,0.0016871544,-0.0072485507,-0.0005072715,0.113954425,0.004141545
2306,0.0050096945,0.0,0.00508062,0.01496077,0.0035988744,0.005641249,0.026726432,0.0013547573,0.051256932,-0.0013376605,-0.0013338625,-3.711055e-05,0.0,0.0,0.0,7.6855475e-05,0.012249091,0.004774069,0.0,-0.0077481605,0.010697728,0.0008452649,-0.00027172227,0.21408257,0.04866675,0.001387195,0.0004254509,-0.00059893256,0.020134209,-0.0057107974,0.0017645821,0.0014818693,-0.00010926255,0.14764671,0.0066954717,0.00010818662,0.19632955,0.05830192,-0.0068542156,-0.00047404435,0.0,0.0,0.17774144,0.3465021,-0.0036266383,-0.0021988887,0.0,0.002334152,-0.001197784,0.09353976,-0.014359147,-5.143743e-05,-0.0013750368,0.0023351966,-0.0018755121,0.0016382465,0.0,0.054326292,0.0016871544,-0.0072485507,-0.0005072715,0.10862563,0.004141545
2307,-0.0007896195,0.0,-0.00043736555,0.0018449017,0.00045964296,-0.0024328914,0.006815019,0.0004976122,0.030751258,-0.00094848796,0.0001492801,-1.7086602e-05,0.0,0.0,0.0,5.8168927e-05,0.008237085,-0.00010618098,0.0,-0.0012366981,0.0027645868,0.00012323525,-0.00012462793,-0.19520098,0.014038551,-0.0010697764,-0.00449361,-0.0007300108,0.09611955,0.00068117527,0.0004001735,0.00016566459,-8.170852e-05,-0.01716215,0.017176652,0.00063123147,-0.18811883,-0.055912256,-0.022881385,-0.0018545807,0.0,0.0,-0.16660821,-0.38537675,-0.003172952,-0.0055381567,0.0,-5.9574144e-05,-0.000102375736,-0.01841794,-0.050004907,-2.64441e-05,0.0053630853,0.0003826445,-0.0007186803,0.0017612072,0.0,0.012832686,0.00050287833,0.0034124423,-0.0020471164,-0.036835887,0.008336948
2308,0.0050096945,0.0,0.00508062,0.019899638,0.0035988744,-0.00077331695,0.026726432,0.0013547573,0.051256932,-0.0013376605,-0.0013338625,-3.711055e-05,0.0,0.0,0.0,7.6855475e-05,0.012249091,0.004774069,0.0,-0.0077481605,0.010697728,0.0008452649,-0.00027172227,0.21408257,0.04866675,0.001387195,0.0004254509,-0.00059893256,0.018291268,-0.0057107974,0.0017645821,0.0014818693,-0.00010926255,0.15413581,0.0066954717,0.00010818662,0.19714229,0.05922339,-0.0068542156,-0.00047404435,0.0,0.0,0.17248523,0.34715292,-0.0036266383,-0.0021988887,0.0,0.002334152,-0.001197784,0.0872061,-0.014575046,-5.143743e-05,-0.0013750368,0.0023351966,-0.0018755121,0.0016382465,0.0,0.054326292,0.0016871544,-0.0072485507,-0.0005072715,0.1148759,0.004141545
2309,0.0013454749,0.0,0.00508062,0.015622596,-0.0015572418,-0.0007846639,0.014376586,0.0023745382,0.06484117,1.31877605e-05,-0.0055521447,-1.7086602e-05,0.0,0.0,0.0,5.8168927e-05,0.013354739,0.003786572,0.0,-0.030900553,0.0083121415,0.0016850136,-0.00012462793,0.24614573,0.020673502,0.006911325,0.0015546875,-0.0011899947,0.022515655,0.0025939085,0.00044067425,0.002720764,-0.00010926255,0.39354533,0.020897018,-0.00035031792,-0.13937806,-0.008499325,-0.017526217,-0.0006342762,0.0,0.0,-0.03795054,-0.16336215,-0.012199642,-0.005748169,0.0,0.002334152,-0.005011922,-0.022558436,-0.023591012,-5.143743e-05,0.017554354,0.0023351966,-0.007227344,0.0017612072,0.0,0.027961941,0.0017262277,-0.008696459,-0.00042898837,0.25154483,0.009795231
2310,0.0001631584,0.0,-0.00043736555,0.003105822,0.00045964296,-0.0023874808,0.0059846304,-0.0048472737,0.030970577,-0.00094848796,0.0001492801,0.00017402662,0.0,0.0,0.0,-0.0029003767,0.008237085,-0.00010618098,0.0,0.0019207823,0.0027645868,0.00024205932,-0.00012462793,-0.19735864,0.014990918,-0.0008076114,-0.00449361,-0.0013111377,-0.002885153,0.00068117527,0.0004001735,0.00016566459,-0.0003888607,0.06636883,0.017176652,0.0033276365,-0.18346253,-0.053163625,-0.023003737,-0.0018545807,0.0,0.0,-0.16274616,-0.35359353,0.010288555,-0.0055381567,0.0,-0.0017187139,-0.000102375736,-0.018796133,-0.05144636,-2.64441e-05,0.0053630853,0.0003826445,-0.0029831724,0.0017612072,0.0,0.0126368925,0.00050287833,0.0034124423,-0.001277992,0.07333687,0.008336948
2311,-0.0004932059,0.0,-0.00043736555,0.003105822,0.00045964296,-0.0005878034,0.0066423574,2.5617685e-05,0.030970577,-0.00094848796,0.0001492801,0.00017402662,0.0,0.0,0.0,5.8168927e-05,0.008237085,-0.00010618098,0.0,0.0019207823,0.0027645868,-0.0016296525,-0.00012462793,-0.19927168,0.014038551,-0.0008076114,0.0015546875,-0.0013111377,-0.0023528058,0.00068117527,0.000202795,0.00016566459,-0.0003888607,0.005567149,0.020897018,-0.0014931285,-0.18544216,-0.055682316,-0.020749241,-0.0018545807,0.0,0.0,-0.16271599,-0.37556186,0.010554878,-0.0055381567,0.0,0.0013505365,-0.000102375736,-0.018572748,-0.050712485,-2.64441e-05,0.0053630853,0.0003826445,-0.0029831724,0.0017612072,0.0,0.0126368925,0.0017262277,0.0034124423,-0.001277992,0.05655802,0.008336948
2312,-0.0004932059,0.0,-0.00043736555,0.003105822,0.00045964296,-0.0005878034,0.0066423574,-0.0048472737,0.030970577,-0.00094848796,0.0001492801,0.00017402662,0.0,0.0,0.0,-0.0029003767,0.008237085,-0.00010618098,0.0,0.0019207823,0.0027645868,0.00012323525,-0.00012462793,-0.19927168,0.014038551,-0.0008076114,0.0015546875,-0.0013111377,-0.0023528058,0.00068117527,0.0004001735,0.00016566459,-0.0003888607,0.005567149,0.020897018,-0.0024697937,-0.18549266,-0.055682316,-0.023003737,-0.0018545807,0.0,0.0,-0.16237678,-0.3700004,0.010554878,-0.0055381567,0.0,-0.0017187139,-0.000102375736,-0.018671438,-0.050308466,-2.64441e-05,0.0053630853,0.0003826445,-0.0029831724,0.0017612072,0.0,0.012737129,0.0017262277,0.0034124423,-0.0014784662,0.043733537,0.008336948
2313,-0.0004932059,0.0,-0.00043736555,0.003105822,0.00045964296,-0.0005878034,0.0066423574,2.5617685e-05,0.030970577,-0.00094848796,0.0001492801,0.00017402662,0.0,0.0,0.0,5.8168927e-05,0.008237085,-0.00010618098,0.0,0.0019207823,0.0027645868,0.00012323525,-0.00012462793,-0.1965891,0.014038551,-0.0008076114,0.0015546875,-0.0013111377,0.030659314,0.00068117527,0.0004001735,0.00016566459,-0.0003888607,-0.016332172,0.020897018,-0.0014931285,-0.18421453,-0.055037215,-0.02258916,-0.0018545807,0.0,0.0,-0.16211462,-0.37459785,0.010554878,-0.0055381567,0.0,-0.009295478,-0.000102375736,-0.018671438,-0.050408926,-2.64441e-05,0.0053630853,0.0003826445,-0.0029831724,0.0017612072,0.0,0.012737129,0.0017262277,0.0034124423,-0.0014784662,0.0373929,0.008336948
2314,0.0001631584,0.0,-0.00043736555,0.0074801757,0.00045964296,-0.0007846639,0.0064315144,-0.010745455,0.030970577,-0.0050445995,0.0001492801,0.00017402662,0.0,0.0,0.0,-0.0029003767,0.008237085,-0.00010618098,0.0,-0.027554324,0.0027645868,0.0015882176,-0.00012462793,-0.20099257,0.014038551,-0.019680085,0.0015546875,-0.0011647191,-0.002885153,0.00068117527,0.0004001735,0.002568654,-0.0003888607,0.36740354,0.020897018,5.9574377e-05,-0.15586223,-0.046441324,-0.01727271,-0.0014298286,0.0,0.0,-0.14347169,-0.29834697,0.010554878,-0.0055381567,0.0,-0.009295478,0.0016464142,-0.014239678,-0.036664173,-2.64441e-05,-0.0010356167,0.0003826445,-0.007227344,0.0017612072,0.0,0.012737129,0.0017262277,-0.008696459,-0.0014784662,0.259892,0.008336948
2315,-0.0004932059,0.0,-0.00043736555,0.0074801757,0.00045964296,-0.0007846639,0.0064063603,0.0023745382,0.030970577,-0.0050445995,0.0001492801,-1.7086602e-05,0.0,0.0,0.0,5.8168927e-05,0.008237085,-0.00010618098,0.0,-0.027554324,0.0027645868,0.0015882176,-0.00012462793,-0.19731115,0.014038551,0.006301488,0.0015546875,-0.0011647191,0.037108928,0.00068117527,0.0004001735,0.002568654,-0.0003888607,0.37645248,0.020897018,5.9574377e-05,-0.152217,-0.045796223,-0.01543279,-0.0014298286,0.0,0.0,-0.1390587,-0.29661077,0.010554878,-0.0055381567,0.0,0.0013505365,-0.005011922,-0.014275653,-0.036360614,-2.64441e-05,-0.0010356167,0.0003826445,-0.007227344,0.0017612072,0.0,0.012832686,0.0017262277,-0.008696459,-0.0014784662,0.2601171,0.008336948
2316,-0.0001332552,0.0,-0.00043736555,0.0023952853,0.00045964296,-0.0024328914,0.007051017,-0.005005564,0.030970577,-0.00094848796,0.0001492801,0.00017402662,0.0,0.0,0.0,-0.0029003767,0.008237085,-0.00010618098,0.0,-0.0012366981,0.0027645868,0.00024205932,-0.00012462793,-0.20335646,0.014038551,-0.0010697764,-0.00449361,-0.0007300108,-0.00662882,0.00068117527,-0.0009422139,0.00016566459,0.0025634265,-0.030922128,0.017176652,0.00063123147,-0.19360591,-0.05854176,-0.021538997,-0.0018545807,0.0,0.0,-0.16823097,-0.39132556,-0.003172952,-0.0055381567,0.0,-0.0004982132,-0.000102375736,-0.018817829,-0.050308466,-2.64441e-05,0.0053630853,0.0003826445,-0.0007186803,0.0017612072,0.0,0.0126368925,0.00050287833,0.0034124423,-0.0018466422,-0.04785832,0.008336948
2317,-0.0004932059,0.0,-0.00043736555,0.0074801757,0.00045964296,-0.0007846639,0.0066423574,-0.0029703476,0.030970577,-0.0050445995,0.0001492801,-1.7086602e-05,0.0,0.0,0.0,-0.0029003767,0.008237085,-0.00010618098,0.0,-0.0331199,0.0027645868,0.0015882176,-0.00012462793,-0.20290987,0.014038551,0.006301488,0.0015546875,-0.0011647191,-0.0023528058,0.00068117527,0.00030380907,0.002568654,-0.0003888607,0.40179425,0.020897018,5.9574377e-05,-0.15349515,-0.046441324,-0.01543279,-0.0014298286,0.0,0.0,-0.13885494,-0.2924981,0.010554878,-0.0055381567,0.0,0.0013505365,-0.005011922,-0.014227472,-0.036664173,-2.64441e-05,-0.0010356167,0.0003826445,-0.007227344,0.0017612072,0.0,0.012832686,0.0017262277,-0.008696459,-0.0014784662,0.2725235,0.008336948
2318,-0.0004932059,0.0,-0.00043736555,0.0074801757,0.00045964296,-0.0007846639,0.0066423574,0.0019025437,0.030970577,-0.0050445995,0.0001492801,-1.7086602e-05,0.0,0.0,0.0,5.8168927e-05,0.008237085,-0.00010618098,0.0,-0.0331199,0.0027645868,-0.00016467033,-0.00012462793,-0.20022729,0.014038551,0.006301488,0.0015546875,-0.0011647191,0.030659314,0.00068117527,0.000202795,0.002568654,-0.0003888607,0.37989488,0.020897018,5.9574377e-05,-0.1521665,-0.045796223,-0.01543279,-0.0014298286,0.0,0.0,-0.13892293,-0.29534268,0.010554878,-0.0055381567,0.0,0.0013505365,-0.005011922,-0.014176965,-0.036360614,-2.64441e-05,-0.0010356167,0.0003826445,-0.007227344,0.0017612072,0.0,0.012732448,0.0017262277,-0.008696459,-0.001277992,0.26144105,0.008336948
2319,0.0001631584,0.0,-0.00043736555,0.0074801757,0.00045964296,-0.0007846639,0.0066423574,-0.010745455,0.030970577,-0.0050445995,0.0001492801,-1.7086602e-05,0.0,0.0,0.0,-0.0029003767,0.008237085,-0.00010618098,0.0,-0.0331199,0.0027645868,0.0015882176,-0.00012462793,-0.2030339,0.014038551,0.006301488,0.0015546875,-0.0011647191,-0.002885153,0.00068117527,0.00030380907,0.002568654,-0.0003888607,0.39436442,0.020897018,5.9574377e-05,-0.15586223,-0.046441324,-0.01543279,-0.0014298286,0.0,0.0,-0.13885494,-0.2924981,0.010554878,-0.0055381567,0.0,0.0013505365,-0.005011922,-0.014227472,-0.036664173,-2.64441e-05,-0.0010356167,0.0003826445,-0.007227344,0.0017612072,0.0,0.012832686,0.0017262277,-0.008696459,-0.0014784662,0.2725235,0.008336948
2320,0.0050096945,0.0,0.00508062,0.019899638,0.0035988744,-0.00077331695,0.026838558,0.0013547573,0.05233852,-0.0013376605,-0.0013338625,-3.711055e-05,0.0,0.0,0.0,7.6855475e-05,0.012249091,0.004774069,0.0,-0.0077481605,0.010697728,0.0008452649,-0.00027172227,0.21387073,0.04866675,0.001387195,0.0004254509,-0.00059893256,0.020134209,0.0025939085,0.0017645821,0.0014818693,-0.00010926255,0.14891525,0.0066954717,0.00010818662,0.1949588,0.062014922,-0.0068542156,-0.00047404435,0.0,0.0,0.17612392,0.34388092,0.0029716336,-0.0021988887,0.0,0.0014643803,-0.001197784,0.08710193,-0.014575046,-5.143743e-05,-0.0013750368,0.0023351966,-0.0018755121,0.0016382465,0.0,0.054326292,0.0016871544,-0.0072485507,-0.0005072715,0.11578383,0.004141545
2321,0.0050096945,0.0,0.00508062,0.01042071,0.0035988744,0.0045142574,0.026726432,0.0009211898,0.055186734,-0.0017007211,-0.0013338625,-3.711055e-05,0.0,0.0,0.0,7.6855475e-05,0.014165095,0.009789043,0.0,-0.0011269004,0.010697728,0.0005093585,-0.00027172227,0.21669415,0.04866675,-0.0002683327,0.0004254509,-0.00063078577,0.020134209,-0.0057107974,0.0017645821,0.00090940244,-0.00010926255,-0.0013490467,0.0066954717,-0.00023897382,0.24365172,0.068556435,-0.00013742782,-0.00057256105,0.0,0.0,0.20373702,0.4391377,-0.0036266383,0.016219324,0.0,0.0014643803,-5.609441e-05,0.102807276,-0.017885927,-5.143743e-05,-0.006089593,0.0023351966,-0.00090175366,0.0016382465,0.0,0.054326292,0.0016871544,0.00014183216,-0.0005072715,0.008604263,0.004141545
2322,0.0050096945,0.0,0.00508062,0.01496077,0.0035988744,-0.00077331695,0.026726432,0.0013547573,0.054105148,-0.0013376605,-0.0013338625,-3.711055e-05,0.0,0.0,0.0,7.6855475e-05,0.014165095,0.009789043,0.0,-0.0077481605,0.010697728,0.0008452649,-0.00027172227,0.21408257,0.04866675,0.001387195,0.0004254509,-0.00059893256,0.020134209,0.0025939085,0.0017645821,0.0014818693,-0.00010926255,0.15413581,0.0066954717,0.00010818662,0.19541559,0.058030903,-0.0068542156,-0.00047404435,0.0,0.0,0.17185509,0.32402056,-0.0036266383,0.016219324,0.0,0.002334152,-0.001197784,0.099693805,-0.014297804,-5.143743e-05,-0.0059643155,0.0023351966,-0.0018755121,0.0016382465,0.0,0.054326292,0.0016871544,-0.007811205,-0.0005072715,0.113954425,0.004141545
2323,0.0050096945,0.0,0.00508062,0.011446851,0.0035988744,0.005641249,0.026838558,0.0013547573,0.054105148,-0.0013376605,-0.0013338625,-3.711055e-05,0.0,0.0,0.0,7.6855475e-05,0.014165095,0.009789043,0.0,-0.0077481605,0.010697728,0.0008452649,-0.00027172227,0.2123205,0.04866675,0.003506448,0.0004254509,-0.00059893256,0.020134209,-0.0057107974,0.0017645821,0.0014818693,-0.00010926255,0.15348497,0.0066954717,0.00010818662,0.19425716,0.0543179,-0.008259644,-0.00047404435,0.0,0.0,0.16842805,0.3204793,-0.0036266383,0.016219324,0.0,0.002334152,-0.001197784,0.10890016,-0.014081906,-5.143743e-05,-0.0059643155,-0.0062970086,-0.0018755121,-0.0016317632,0.0,0.054326292,0.0016871544,-0.007811205,-0.0005072715,0.10844046,0.004141545
2324,0.0050096945,0.0,0.00508062,0.011446851,0.0035988744,0.005641249,0.026726432,0.0013547573,0.054105148,-0.0013376605,-0.0013338625,-3.711055e-05,0.0,0.0,0.0,7.6855475e-05,0.014165095,0.009789043,0.0,-0.0077481605,0.010697728,0.0008452649,-0.00027172227,0.2123205,0.04866675,0.003506448,0.0004254509,-0.00059893256,0.020134209,-0.0057107974,0.0017645821,0.0014818693,-0.00010926255,0.14764671,0.0066954717,0.00010818662,0.19425716,0.0543179,-0.0068542156,-0.00047404435,0.0,0.0,0.17774144,0.3204793,-0.0036266383,0.016219324,0.0,0.002334152,-0.001197784,0.10890812,-0.014081906,-5.143743e-05,-0.0059643155,0.0023351966,-0.0018755121,-0.0016317632,0.0,0.054326292,0.0016871544,-0.007811205,-0.0005072715,0.10844046,0.004141545
2325,0.0013454749,0.0,0.00508062,0.006042114,-0.0015572418,-0.0007846639,0.01615275,0.0023745382,0.06601364,1.31877605e-05,-0.0055521447,-1.7086602e-05,0.0,0.0,0.0,5.8168927e-05,0.013354739,0.003786572,0.0,-0.030900553,0.0083121415,0.0020228077,-0.00016413136,0.25143093,0.021401407,0.006911325,0.0015546875,-0.0011899947,0.025869768,-0.0057107974,0.0010416604,0.0033457628,-0.00010926255,0.36924806,0.020897018,-0.00035031792,-0.14594927,0.06298898,-0.017526217,-0.0006342762,0.0,0.0,-0.03595045,-0.16895594,-0.012199642,-0.005303068,0.0,0.002334152,-0.005011922,0.035733014,-0.022842558,-5.143743e-05,0.0027205276,0.0023351966,-0.007227344,0.0007052553,0.0,0.030715542,0.0017262277,-0.008696459,-0.00062946253,0.24436247,0.009795231
2326,0.0013454749,0.0,0.00508062,0.01026804,-0.0015572418,-0.0007846639,0.010879261,0.0019025437,0.06300186,0.00014356361,-0.0055521447,-1.7086602e-05,0.0,0.0,0.0,5.8168927e-05,0.011815883,0.0038187641,0.0,-0.030900553,0.0083121415,0.0015882176,-0.00012462793,0.24525727,0.019220892,0.006845508,0.0015546875,-0.0011467393,0.033806827,-0.0057107974,0.0004001735,0.0027446302,-0.0003888607,0.38258713,0.020897018,5.9574377e-05,-0.13937806,-0.011468387,-0.017526217,-0.0006342762,0.0,0.0,-0.12791967,-0.273282,-0.012199642,-0.005748169,0.0,0.0019965998,-0.005011922,-0.01902528,-0.028010672,-5.143743e-05,0.013453697,0.0021184068,-0.007227344,0.0017612072,0.0,0.02397115,0.0017262277,-0.008696459,-0.00062946253,0.25249988,0.009795231
2327,0.0013454749,0.0,0.00508062,0.015518277,-0.0015572418,-0.0007846639,0.012137067,0.0023745382,0.06392404,1.31877605e-05,-0.0055521447,-1.7086602e-05,0.0,0.0,0.0,5.8168927e-05,0.013354739,0.0038187641,0.0,-0.02944944,0.0083121415,0.0016850136,-0.00012462793,0.24297231,0.019876199,0.006845508,0.0015546875,-0.0011899947,0.030298479,0.0025939085,0.0003416796,0.0027446302,-0.0003888607,0.38538447,0.020897018,-0.00035031792,-0.13767378,-0.008499325,-0.017526217,-0.0006342762,0.0,0.0,-0.03613078,-0.27165037,0.010554878,-0.005748169,0.0,0.0014643803,-0.005011922,-0.014514273,-0.023717197,-5.143743e-05,0.010843523,0.0023351966,-0.007227344,0.0017612072,0.0,0.025255548,0.0017262277,-0.008696459,-0.00062946253,0.26576704,0.009795231
2328,0.0013454749,0.0,0.00508062,0.01026804,-0.0015572418,-0.0007846639,0.010854106,0.0023745382,0.06300186,0.00014356361,0.0020317135,-1.7086602e-05,0.0,0.0,0.0,5.8168927e-05,0.011815883,0.0038187641,0.0,-0.030900553,0.0083121415,0.0015882176,-0.00012462793,0.25160956,0.019220892,0.006845508,0.0015546875,-0.0011467393,0.033806827,-0.0057107974,0.0004001735,0.0027446302,-0.0003888607,0.38258713,0.020897018,5.9574377e-05,-0.13937806,-0.011468387,-0.017526217,-0.0006342762,0.0,0.0,-0.12555498,-0.273282,-0.012199642,-0.005748169,0.0,0.0019965998,-0.005011922,-0.019278778,-0.028010672,-5.143743e-05,0.013453697,0.0021184068,-0.007227344,0.0017612072,0.0,0.02397115,0.0017262277,-0.008696459,-0.00062946253,0.25249988,0.009795231
2329,0.0013454749,0.0,0.0011307407,0.005791572,-0.0015572418,-0.0005878034,0.011090104,-0.0048472737,0.061361607,-0.0014075685,0.0020317135,-1.7086602e-05,0.0,0.0,0.0,5.8168927e-05,0.011815883,0.0038187641,0.0,-0.0014254453,0.0083121415,-0.0016296525,-0.00012462793,0.26454353,0.019220892,-0.00026359133,0.0015546875,-0.0012931579,0.030298479,0.0025939085,0.00030380907,0.000341641,-0.0003888607,-0.020153817,0.020897018,-0.0024697937,-0.17344332,-0.017740313,-0.024974808,-0.0010590283,0.0,0.0,-0.14874527,-0.364428,-0.012199642,-0.005748169,0.0,0.00014785002,-0.000102375736,-0.023931136,-0.041139428,-5.143743e-05,0.013328419,0.0021184068,-0.0029831724,0.0017612072,0.0,0.015994607,0.0017262277,0.0034124423,-0.0006981108,0.017240595,0.008336948
2330,0.0014218413,0.0,0.00508062,0.0032207824,9.1980444e-05,-0.0005878034,0.008084158,0.00093890715,0.06651142,-0.001681,-0.0013338625,-3.711055e-05,0.0,0.0,0.0,7.6855475e-05,0.011649329,0.003786572,0.0,-0.0014254453,0.010697728,0.00055782543,-0.00016413136,0.24487069,0.02602767,-0.0001977745,0.0015546875,-0.0013364134,0.025285766,-0.0057107974,0.0010416604,0.0009427735,-0.00010926255,-0.009458824,0.016555846,-0.0019030209,-0.16415787,0.07257556,-0.024248093,-0.0010590283,0.0,0.0,0.20174666,-0.25075874,-0.010226449,-0.005303068,0.0,0.002334152,-0.000102375736,0.042696927,-0.032737702,-5.143743e-05,-0.0026614626,-0.0062970086,-0.0029831724,0.0007052553,0.0,0.036588036,0.0016871544,0.0034124423,-0.00064940116,0.019514237,0.009795231
2331,0.0013454749,0.0,0.00508062,0.0075973365,-0.0015572418,-0.0007846639,0.014165744,0.0023745382,0.06601364,1.31877605e-05,-0.0055521447,-1.7086602e-05,0.0,0.0,0.0,5.8168927e-05,0.013354739,0.003786572,0.0,-0.030900553,0.0083121415,0.0020228077,-0.00012462793,0.25143093,0.020673502,0.006911325,0.0015546875,-0.0011899947,0.027201999,-0.0057107974,0.000759099,0.0033457628,-0.00010926255,0.39010292,0.020897018,-0.00035031792,-0.14594927,-0.014469697,-0.017526217,-0.0006342762,0.0,0.0,-0.03595045,-0.16895594,-0.012199642,-0.005748169,0.0,0.002334152,-0.005011922,0.0329922,-0.023591012,-5.143743e-05,0.0020605507,0.0023351966,-0.007227344,0.0007052553,0.0,0.028062182,0.0017262277,-0.008696459,-0.00062946253,0.25065637,0.009795231
2332,0.0013454749,0.0,0.00508062,0.015622596,-0.0015572418,-0.0007846639,0.0007781109,0.0023745382,0.06488122,1.31877605e-05,-0.0055521447,-1.7086602e-05,0.0,0.0,0.0,5.8168927e-05,0.013354739,0.003786572,0.0,-0.030900553,0.0083121415,0.0016850136,-0.00012462793,0.23770748,0.020673502,0.006911325,0.0015546875,-0.0011899947,0.027201999,-0.0057107974,0.00063912134,0.002720764,-0.00010926255,0.39010292,0.020897018,-0.00035031792,-0.13897157,-0.012212328,-0.018931646,-0.0006342762,0.0,0.0,-0.04126395,-0.16395421,-0.012199642,-0.005748169,0.0,0.002334152,-0.005011922,-0.00953588,-0.023591012,-5.143743e-05,0.010250048,-0.0062970086,-0.007227344,0.0017612072,0.0,0.027001204,0.0017262277,-0.008696459,0.0071624015,0.2432006,0.009795231
2333,0.0050096945,0.0,0.00508062,0.019899638,0.0035988744,-0.00077331695,0.026726432,0.0013547573,0.051256932,-0.0013376605,-0.0013338625,-3.711055e-05,0.0,0.0,0.0,7.6855475e-05,0.012249091,0.004774069,0.0,-0.0077481605,0.010697728,0.0008452649,-0.00027172227,0.21408257,0.04866675,0.001387195,0.0004254509,-0.00059893256,0.020134209,-0.0057107974,0.0017645821,0.0014818693,-0.00010926255,0.15413581,0.0066954717,0.00010818662,0.19714229,0.05830192,-0.0068542156,-0.00047404435,0.0,0.0,0.17248523,0.34715292,-0.0036266383,-0.0021988887,0.0,0.002334152,-0.001197784,0.0872061,-0.014575046,-5.143743e-05,-0.0013750368,0.0023351966,-0.0018755121,0.0016382465,0.0,0.054326292,0.0016871544,-0.0072485507,-0.0005072715,0.113954425,0.004141545
2334,0.0050096945,0.0,0.00508062,0.0188735,0.0035988744,-0.0005764565,0.026726432,0.0009211898,0.051256932,-0.0017007211,-0.0013338625,-3.711055e-05,0.0,0.0,0.0,7.6855475e-05,0.012249091,0.004774069,0.0,-0.0011269004,0.010697728,0.0005093585,-0.00027172227,0.21690598,0.04866675,-0.0002683327,0.0004254509,-0.00063078577,0.020134209,-0.0057107974,0.0017645821,0.00090940244,-0.00010926255,-0.00069821195,0.0066954717,-0.00023897382,0.24537843,0.072540455,-0.0015428562,-0.00057256105,0.0,0.0,0.20099618,0.46562612,-0.0036266383,-0.0021988887,0.0,0.002334152,-5.609441e-05,0.08549874,-0.019007925,-5.143743e-05,-0.0015003141,-0.0062970086,-0.00090175366,0.0016382465,0.0,0.054326292,0.0016871544,0.0007044865,-0.0005072715,0.01525691,0.004141545
2335,-0.0004932059,0.0,-0.00043736555,0.003105822,0.00045964296,-0.0005878034,0.0066423574,2.5617685e-05,0.030970577,-0.00094848796,0.0001492801,0.00017402662,0.0,0.0,0.0,5.8168927e-05,0.008237085,-0.00010618098,0.0,0.0019207823,0.0027645868,0.00012323525,-0.00012462793,-0.19927168,0.014038551,-0.0013676862,0.0015546875,-0.0013111377,-0.0023528058,0.00068117527,0.0004001735,0.00016566459,-0.0003888607,0.006044755,0.020897018,-0.0014931285,-0.18549266,-0.055682316,-0.02258916,-0.0018545807,0.0,0.0,-0.16261575,-0.37746453,0.010554878,-0.0055381567,0.0,-0.009295478,-0.000102375736,-0.018671438,-0.050712485,-2.64441e-05,0.0053630853,0.0003826445,-0.0029831724,0.0017612072,0.0,0.012737129,0.0017262277,0.0034124423,-0.0014784662,0.048659425,0.008336948
2336,-0.0004932059,0.0,-0.00043736555,0.003105822,0.00045964296,-0.0005878034,0.0066423574,2.5617685e-05,0.030970577,-0.00094848796,0.0001492801,0.00017402662,0.0,0.0,0.0,5.8168927e-05,0.008237085,-0.00010618098,0.0,0.0019207823,0.0027645868,0.00012323525,-0.00012462793,-0.19571428,0.014038551,-0.0008076114,0.0015546875,-0.0013111377,0.037108928,0.00068117527,0.0004001735,0.00016566459,-0.0003888607,-0.019934839,0.020897018,0.0033276365,-0.18421453,-0.055037215,-0.023003737,-0.0018545807,0.0,0.0,-0.16234453,-0.37216476,0.010554878,-0.0055381567,0.0,-0.0017187139,3.3630393e-05,-0.018671438,-0.050004907,-2.64441e-05,0.0053630853,0.0003826445,-0.0029831724,0.0017612072,0.0,0.012737129,0.0017262277,0.0034124423,-0.0014784662,0.03113849,0.008336948
2337,-0.0004932059,0.0,-0.00043736555,0.0074801757,0.00045964296,-0.0007846639,0.0064315144,0.0019025437,0.030970577,-0.0050445995,0.0001492801,-1.7086602e-05,0.0,0.0,0.0,5.8168927e-05,0.008237085,-0.00010618098,0.0,-0.027554324,0.0027645868,0.0015882176,-0.00012462793,-0.19818597,0.014038551,-0.019680085,0.0015546875,-0.0011647191,0.030659314,0.00068117527,0.0004001735,0.002568654,-0.0003888607,0.36277503,0.020897018,5.9574377e-05,-0.152217,-0.045796223,-0.01727271,-0.0014298286,0.0,0.0,-0.13886535,-0.3049408,0.010554878,-0.0055381567,0.0,-0.009295478,-0.005011922,-0.014022157,-0.036360614,-2.64441e-05,-0.0010356167,0.0003826445,-0.007227344,0.0017612072,0.0,0.012832686,0.0017262277,-0.008696459,-0.0014784662,0.24880953,0.008336948
2338,-0.0007896195,0.0,-0.00043736555,0.0023952853,0.00045964296,-0.0024328914,0.007051017,-0.005005564,0.030970577,-0.00094848796,0.0001492801,-1.7086602e-05,0.0,0.0,0.0,-0.0029003767,0.008237085,-0.00010618098,0.0,-0.00013550714,0.0027645868,0.00024205932,-0.00012462793,-0.19653417,0.014038551,0.0061644185,-0.00449361,-0.0007300108,0.07814466,0.00068117527,-0.0009422139,0.00016566459,0.0025634265,-0.020227784,0.017176652,0.00063123147,-0.1878927,-0.055912256,-0.021538997,-0.0018545807,0.0,0.0,-0.16589157,-0.3785689,0.0020655552,-0.0055381567,0.0,-0.0004982132,-0.000102375736,-0.018754838,-0.050004907,-2.64441e-05,0.0053630853,0.0003826445,-0.0007186803,0.0017612072,0.0,0.012732448,0.00050287833,0.0034124423,-0.0018466422,-0.047483027,0.008336948
2339,-0.0004932059,0.0,-0.00043736555,0.003105822,0.00045964296,-0.0005878034,0.0061955173,0.0004976122,0.030970577,-0.00094848796,0.0001492801,-1.7086602e-05,0.0,0.0,0.0,5.8168927e-05,0.008237085,-0.00010618098,0.0,0.0019207823,0.0027645868,0.00012323525,-0.00012462793,-0.19927168,0.014038551,-0.0013676862,0.0015546875,-0.0013111377,-0.0023528058,0.00068117527,0.0004001735,0.00016566459,-0.0003888607,0.006044755,0.020897018,-0.0014931285,-0.18549266,-0.055682316,-0.02258916,-0.0018545807,0.0,0.0,-0.16279884,-0.37746453,0.010554878,-0.0055381567,0.0,-0.009295478,-0.000102375736,-0.01841794,-0.050712485,-2.64441e-05,0.0053630853,0.0003826445,-0.0029831724,0.0017612072,0.0,0.012832686,0.0017262277,0.0034124423,-0.0014784662,0.048659425,0.008336948
2340,0.0013454749,0.0,0.00508062,0.015622596,-0.0015572418,-0.0007846639,0.014612583,0.0019025437,0.06592276,1.31877605e-05,-0.0055521447,-1.7086602e-05,0.0,0.0,0.0,5.8168927e-05,0.013354739,0.003786572,0.0,-0.02944944,0.0083121415,0.0016850136,-0.00012462793,0.24297231,0.020673502,0.006911325,0.0015546875,-0.0011899947,0.027201999,0.0025939085,0.00044067425,0.002720764,-0.00010926255,0.39290026,0.020897018,-0.00035031792,-0.13767378,-0.008499325,-0.017526217,-0.0006342762,0.0,0.0,-0.035852127,-0.16360196,0.010554878,-0.005748169,0.0,0.0014643803,-0.005011922,-0.028572995,-0.023591012,-5.143743e-05,0.006397522,0.0023351966,-0.007227344,0.0017612072,0.0,0.028062182,0.0017262277,-0.008696459,-0.00062946253,0.2596712,0.009795231
2341,0.0014218413,0.0,0.00508062,0.012272184,9.1980444e-05,-0.0007846639,0.021471793,0.0028158333,0.06642054,1.31877605e-05,-0.0013338625,-3.711055e-05,0.0,0.0,0.0,7.6855475e-05,0.011649329,0.003786572,0.0,-0.02944944,0.010697728,0.0016850136,-0.00016413136,0.24096203,0.02602767,0.006911325,0.0015546875,-0.0011899947,0.025285766,0.0025939085,0.00051381986,0.002720764,-0.00010926255,0.33190462,0.016555846,-0.00035031792,-0.121817105,0.059689928,-0.017526217,-0.0006342762,0.0,0.0,0.1691016,-0.16591635,0.008574299,-0.005303068,0.0,0.0014643803,-0.005011922,-0.026295234,-0.02189457,-5.143743e-05,0.011436455,0.0023351966,-0.007227344,0.0017612072,0.0,0.03695291,0.0016871544,-0.008696459,-0.00064940116,0.23598813,0.009795231
2342,0.0013454749,0.0,0.00508062,0.011248246,-0.0015572418,-0.0005878034,0.014612583,-0.0048472737,0.06592276,-0.001681,0.0020317135,-1.7086602e-05,0.0,0.0,0.0,-0.0029003767,0.013354739,0.003786572,0.0,2.5665504e-05,0.0083121415,-0.0015328564,-0.00012462793,0.2501979,0.020673502,-0.0001977745,0.0015546875,-0.0013364134,0.027201999,0.0025939085,0.00024329577,0.00031777463,-0.00010926255,-0.0098406635,0.020897018,-0.0019030209,-0.17168854,-0.017740313,-0.022842664,-0.0010590283,0.0,0.0,-0.056121808,-0.2295095,0.010554878,-0.005748169,0.0,0.0014643803,-0.000102375736,-0.027160287,-0.03712378,-5.143743e-05,0.017429078,0.0023351966,-0.0029831724,0.0017612072,0.0,0.027961941,0.0017262277,0.0034124423,-0.00042898837,0.034090698,0.009795231
2343,0.0013454749,0.0,0.00508062,0.015518277,-0.0015572418,-0.0007846639,0.012373064,0.0019025437,0.063884,1.31877605e-05,-0.0055521447,-1.7086602e-05,0.0,0.0,0.0,5.8168927e-05,0.013354739,0.0038187641,0.0,-0.02944944,0.0083121415,0.0016850136,-0.00012462793,0.24297231,0.019876199,0.006845508,0.0015546875,-0.0011899947,0.030298479,0.0025939085,0.0004001735,0.0027446302,-0.0003888607,0.38538447,0.020897018,-0.00035031792,-0.13767378,-0.008499325,-0.017526217,-0.0006342762,0.0,0.0,-0.035995018,-0.26429555,0.010554878,-0.005748169,0.0,0.0014643803,-0.005011922,-0.0217018,-0.023717197,-5.143743e-05,0.010657786,0.0023351966,-0.007227344,0.0017612072,0.0,0.025155311,0.0017262277,-0.008696459,-0.00042898837,0.26576704,0.009795231
2344,0.0014218413,0.0,0.00508062,0.0042469245,9.1980444e-05,-0.0007846639,0.021471793,0.0028158333,0.06759301,1.31877605e-05,-0.0013338625,-3.711055e-05,0.0,0.0,0.0,7.6855475e-05,0.011649329,0.003786572,0.0,-0.02944944,0.010697728,0.0020228077,-0.00016413136,0.24629834,0.02602767,0.006911325,0.0015546875,-0.0011899947,0.025285766,0.0025939085,0.0010416604,0.0033457628,-0.00010926255,0.32606637,0.016555846,-0.00035031792,-0.12838832,0.062050026,-0.017526217,-0.0006342762,0.0,0.0,0.17622319,-0.1662276,0.008574299,-0.005303068,0.0,0.0014643803,-0.005011922,0.04788721,-0.02189457,-5.143743e-05,-0.0025361853,0.0023351966,-0.007227344,0.0007052553,0.0,0.03695291,0.0016871544,-0.008696459,-0.00064940116,0.23598813,0.009795231
2345,0.0050096945,0.0,0.00508062,0.011446851,0.0035988744,0.005641249,0.026838558,0.0013547573,0.054105148,-0.0013376605,-0.0013338625,-3.711055e-05,0.0,0.0,0.0,7.6855475e-05,0.014165095,0.00019268572,0.0,-0.0077481605,-0.0003163903,0.0008452649,-0.00027172227,0.20481847,0.04866675,0.003506448,0.0004254509,-0.00059893256,0.020134209,0.0025939085,0.0017645821,0.0014818693,-0.00010926255,0.15348497,0.0066954717,0.00010818662,0.19425716,0.058030903,-0.014251459,-0.00047404435,0.0,0.0,0.17179903,0.32187763,-0.0036266383,0.016219324,0.0,0.002334152,-0.001197784,0.10890016,-0.014081906,-5.143743e-05,-0.0059643155,0.0023351966,-0.0018755121,-0.0016317632,0.0,0.054326292,0.0016871544,-0.007811205,-0.0005072715,0.10844046,0.004141545
2346,0.0050096945,0.0,0.00508062,0.011446851,0.0035988744,0.005641249,0.026726432,0.0013547573,0.054105148,-0.0013376605,-0.0013338625,-3.711055e-05,0.0,0.0,0.0,7.6855475e-05,0.014165095,0.00019268572,0.0,-0.0077481605,-0.019604433,-0.0009076229,-0.00027172227,0.1996633,0.04866675,0.003506448,0.0004254509,-0.00059893256,0.020134209,-0.0057107974,0.0015552321,0.0014818693,-0.00010926255,0.15348497,0.0066954717,0.00010818662,0.19425716,0.0543179,-0.014251459,-0.00047404435,0.0,0.0,0.16817036,0.3166663,-0.0036266383,0.016219324,0.0,0.002334152,-0.001197784,0.109230384,-0.014081906,-5.143743e-05,-0.0059643155,0.0023351966,-0.0018755121,-0.0016317632,0.0,0.053767174,0.0016871544,-0.007811205,-7.735728e-05,0.10844046,0.004141545
2347,0.0050096945,0.0,0.00508062,0.0019155053,0.0035988744,0.005641249,0.026838558,0.0013547573,0.054105148,-0.0013376605,-0.0013338625,-3.711055e-05,0.0,0.0,0.0,7.6855475e-05,0.014165095,0.00019268572,0.0,-0.0077481605,-0.019604433,-0.0009076229,-0.00027172227,0.1996633,0.04866675,0.003506448,0.0004254509,-0.00059893256,0.020134209,-0.0057107974,0.0015552321,0.0014818693,-0.00010926255,0.15348497,0.0066954717,0.00010818662,0.18792343,0.0543179,-0.014251459,-0.00047404435,0.0,0.0,0.16798511,0.3166663,-0.0036266383,0.016219324,0.0,0.002334152,-0.001197784,0.109174326,-0.014081906,-5.143743e-05,-0.0059643155,0.0023351966,-0.0018755121,-0.0016317632,0.0,0.054326292,0.0016871544,-0.007811205,-0.0005072715,0.10844046,0.004141545
2348,0.0050096945,0.0,0.00508062,0.01042071,0.0035988744,0.0045142574,0.026838558,0.0009211898,0.054105148,-0.0017007211,-0.0013338625,-3.711055e-05,0.0,0.0,0.0,7.6855475e-05,0.014165095,0.00019268572,0.0,-0.0011269004,-0.019604433,0.0005093585,-0.00027172227,0.20248671,0.04866675,0.0018509205,0.0004254509,-0.00063078577,0.020134209,-0.0057107974,0.0017645821,0.00090940244,-0.00010926255,-0.0013490467,0.0066954717,-0.00023897382,0.24249327,0.068556435,-0.0075346716,-0.00057256105,0.0,0.0,0.19986704,0.43345138,-0.0036266383,0.016219324,0.0,0.002334152,-5.609441e-05,0.10719281,-0.017885927,-5.143743e-05,-0.006089593,0.0023351966,-0.00090175366,-0.0016317632,0.0,0.054326292,0.0016871544,0.00014183216,-0.0005072715,0.008419094,0.004141545
2349,0.0050096945,0.0,0.00508062,0.00088936446,0.0035988744,0.0005533799,0.026838558,0.0009211898,0.054105148,-0.0017007211,-0.0013338625,-3.711055e-05,0.0,0.0,0.0,7.6855475e-05,0.014165095,0.00019268572,0.0,-0.0011269004,-0.019604433,0.0005093585,-0.00027172227,0.20248671,0.04866675,0.0018509205,0.0004254509,-0.00063078577,0.020134209,-0.0057107974,0.0015552321,0.00090940244,-0.00010926255,-0.0007917703,0.0066954717,-0.00023897382,0.23615955,0.068556435,-0.0071940175,-0.00057256105,0.0,0.0,0.19999623,0.4345086,-0.0036266383,0.016219324,0.0,0.002334152,-5.609441e-05,0.10746696,-0.0035749702,-5.143743e-05,-0.006089593,0.0023351966,-0.00090175366,-0.0016317632,0.0,0.053767174,0.0016871544,0.00014183216,-7.735728e-05,0.0051422566,0.004141545
2350,0.005081481,0.0,0.00508062,-0.009159667,-0.0014581572,0.015819076,-0.23177034,0.009516529,0.026888665,0.0077877026,0.00048810444,-3.711055e-05,0.0,0.0,0.0,0.00031905598,0.0071442006,0.0050504073,0.0,-8.958863e-05,-0.005806243,-0.0077929925,-0.00027172227,0.210073,0.04866675,0.0020895824,0.0004254509,-0.0005027075,-0.0021840767,0.0009221661,0.0014352177,0.00090940244,-4.2860047e-05,-0.0021235184,0.0066954717,0.00033106457,0.25033638,0.054802738,0.05181755,-0.00057256105,0.0,0.0,0.18404223,0.55521756,0.0011514276,0.019480899,0.0,0.0003896059,-5.609441e-05,0.10413421,-0.016517956,-5.143743e-05,-0.006089593,0.00078493473,-0.0003882636,-0.0016317632,0.0,0.050071385,0.0002465988,-0.0006856936,-0.0006302893,-0.007965631,0.0032757884
2351,0.005081481,0.0,0.00508062,-0.009159667,-0.0014581572,0.015819076,-0.23177034,0.009516529,0.026888665,0.0077877026,-0.0013338625,-3.711055e-05,0.0,0.0,0.0,0.00031905598,0.0071442006,0.0050504073,0.0,-8.958863e-05,-0.005806243,-0.0077929925,-0.00027172227,0.20572725,0.04866675,0.0020895824,0.0004254509,-0.0005027075,-0.0021840767,0.0009221661,0.0014352177,0.00090940244,-4.2860047e-05,-0.0021235184,0.0066954717,0.00033106457,0.24820921,0.054802738,0.05181755,-0.00057256105,0.0,0.0,0.18724607,0.5528382,0.0011514276,0.019480899,0.0,0.0003896059,-5.609441e-05,0.10415866,-0.016517956,-5.143743e-05,-0.006089593,0.00078493473,-0.0003882636,-0.0016317632,0.0,0.049375284,0.0002465988,-0.0006856936,0.0068965834,-0.007350469,0.0032757884
2352,0.005081481,0.0,0.00508062,-0.009159667,-0.0014581572,0.015819076,-0.23177034,0.009516529,0.026888665,0.0077877026,0.00048810444,-3.711055e-05,0.0,0.0,0.0,0.00031905598,0.0071442006,0.0050504073,0.0,-8.958863e-05,-0.005806243,-0.0077929925,-0.00027172227,0.20710912,0.04866675,0.0020895824,0.0004254509,-0.0005027075,-0.0021840767,0.0009221661,0.0014352177,0.00090940244,-4.2860047e-05,-0.0017479169,0.0066954717,0.00033106457,0.25066283,0.054802738,0.05181755,-0.00057256105,0.0,0.0,0.1843622,0.55357546,-0.0016160177,0.019480899,0.0,0.0003896059,-5.609441e-05,0.10415866,-0.016517956,-5.143743e-05,-0.006089593,0.00078493473,-0.0003882636,-0.0016317632,0.0,0.049375284,0.0002465988,-0.0006856936,0.005051813,-0.0066247554,0.0032757884
2353,0.005081481,0.0,0.00508062,-0.009159667,-0.0014581572,0.015819076,-0.23177034,0.009516529,0.026888665,0.0077877026,-0.0013338625,-3.711055e-05,0.0,0.0,0.0,0.00031905598,0.0071442006,0.0050504073,0.0,-8.958863e-05,-0.005806243,-0.0077929925,-0.00027172227,0.20869112,0.04866675,0.0020895824,0.0004254509,-0.0005027075,-0.0021840767,0.0009221661,0.0014352177,0.00090940244,-4.2860047e-05,-0.0021235184,0.0066954717,0.00033106457,0.25033638,0.054802738,0.05181755,-0.00057256105,0.0,0.0,0.18724607,0.55521756,0.0011514276,0.019480899,0.0,0.0003896059,-5.609441e-05,0.10413421,-0.016517956,-5.143743e-05,-0.006089593,0.00078493473,-0.0003882636,-0.0016317632,0.0,0.050071385,0.0002465988,-0.0006856936,-0.0006302893,-0.007965631,0.0032757884
2354,0.005081481,0.0,0.00508062,-0.009159667,-0.0014581572,0.015819076,-0.23177034,0.009516529,0.026888665,0.0077877026,-0.0013338625,-3.711055e-05,0.0,0.0,0.0,0.00031905598,0.0071442006,0.0050504073,0.0,-8.958863e-05,-0.005806243,-0.0077929925,-0.00027172227,0.20869112,0.04866675,0.0020895824,0.0004254509,-0.0005027075,-0.0021840767,0.0009221661,0.0014352177,0.00090940244,-4.2860047e-05,-0.0021235184,0.0066954717,0.00033106457,0.25033638,0.054802738,0.05181755,-0.00057256105,0.0,0.0,0.18724607,0.55521756,0.0011514276,0.019480899,0.0,0.0003896059,-5.609441e-05,0.10413421,-0.016517956,-5.143743e-05,-0.006089593,0.00078493473,-0.0003882636,-0.0016317632,0.0,0.050071385,0.0002465988,-0.0006856936,-0.0006302893,-0.007965631,0.0032757884
2355,0.0051458045,0.0,0.0011307407,0.01875552,0.0035988744,-0.0005764565,0.025201539,-0.0049744197,0.05370183,-0.0017007211,-0.0013338625,0.00037797,0.0,0.0,0.0,-0.003933706,0.014165095,0.009789043,0.0,0.000813175,0.010697728,0.0004384112,-0.00027172227,0.22882605,0.04917798,0.0018509205,0.0004254509,-0.00063078577,-0.0013891275,0.0025939085,0.0017645821,0.00090940244,-0.00010926255,0.0073813964,0.0066954717,-0.00023897382,0.24481478,0.07373436,-0.0023919235,-0.00057256105,0.0,0.0,0.2024191,0.4466379,0.0029716336,0.016795997,0.0,-0.0016048701,1.8426988e-05,0.08995555,-0.019851623,-5.143743e-05,-0.0015003141,0.0023351966,0.0036097807,-0.0016317632,0.0,0.045806263,0.0016871544,-0.0010115153,-0.0005759197,0.009563268,-0.0041969083
2356,0.0051458045,0.0,0.0011307407,0.01875552,0.0035988744,-0.0005764565,0.023864094,0.0009211898,0.05370183,-0.0017007211,-0.0013338625,-3.711055e-05,0.0,0.0,0.0,7.6855475e-05,0.014165095,0.009789043,0.0,0.000813175,0.010697728,0.0004384112,-0.00027172227,0.22882605,0.04866675,0.0018509205,0.0004254509,-0.00063078577,-0.0013891275,0.0025939085,0.0013403193,0.00090940244,-0.00010926255,0.0073813964,0.0066954717,-0.00023897382,0.2447514,0.07398997,-0.0023919235,-0.00057256105,0.0,0.0,0.20318857,0.4371065,0.0029716336,0.016795997,0.0,-0.0016048701,1.8426988e-05,0.09050802,-0.019596009,-5.143743e-05,-0.0015003141,0.0023351966,0.0036097807,-0.0016317632,0.0,0.046349756,0.0016871544,-0.0010115153,-0.0005759197,0.009563268,-0.0041969083
2357,0.0051458045,0.0,0.0011307407,0.038898285,0.0035988744,-0.0005764565,0.031404965,-0.000101528334,0.05204682,-0.0017007211,-0.0013338625,-3.711055e-05,0.0,0.0,0.0,7.6855475e-05,0.013318957,0.004774069,0.0,0.000813175,0.010697728,0.00010061709,-0.00027172227,0.21702948,0.04917798,0.0018509205,0.0004254509,-0.00063078577,-0.0013891275,0.0025939085,0.0006203007,0.0002844036,-0.00010926255,0.00960104,0.0066954717,-0.00023897382,0.22778197,0.065647624,-0.0023919235,-0.00057256105,0.0,0.0,0.19695985,0.43155694,0.0029716336,0.016795997,0.0,-0.0016048701,1.8426988e-05,-0.021695616,-0.020156225,-5.143743e-05,-0.0065240306,0.0023351966,0.0036097807,-0.008249152,0.0,0.046349756,0.0016871544,-0.0010115153,-0.0005759197,0.009563268,-0.0041969083
2358,0.0051458045,0.0,0.0011307407,0.013816646,0.0035988744,-0.0005764565,0.031404965,-0.000101528334,0.05370183,-0.0017007211,-0.0013338625,-3.711055e-05,0.0,0.0,0.0,7.6855475e-05,0.014165095,0.009789043,0.0,0.000813175,0.010697728,0.00096868974,-0.00027172227,0.22399968,0.04917798,0.0018509205,0.0004254509,-0.00063078577,-0.0013891275,0.0025939085,0.0017645821,0.00090940244,-0.00010926255,0.00960104,0.0066954717,-0.00023897382,0.24348125,0.07373436,-0.0023919235,-0.00057256105,0.0,0.0,0.19827223,0.43277493,0.0029716336,0.016795997,0.0,-0.0016048701,1.8426988e-05,0.095645554,-0.020057054,-5.143743e-05,-0.0015003141,0.0023351966,0.0036097807,-0.0016317632,0.0,0.046467327,0.0016871544,-0.0010115153,0.0060573947,0.008471206,-0.0041969083
2359,0.0051458045,0.0,0.0011307407,0.01875552,0.0035988744,-0.0005764565,0.030067518,0.0009211898,0.050853614,-0.0017007211,-0.0013338625,-3.711055e-05,0.0,0.0,0.0,7.6855475e-05,0.013095229,0.009789043,0.0,0.000813175,0.010697728,0.0004384112,-0.00027172227,0.22859088,0.04917798,0.0018509205,0.0004254509,-0.00063078577,-0.0013891275,0.0025939085,0.0013403193,0.00090940244,-0.00010926255,0.00960104,0.0066954717,-0.00023897382,0.24590981,0.077718385,-0.0023919235,-0.00057256105,0.0,0.0,0.19921711,0.45246872,0.0029716336,-0.0022745123,0.0,-0.0016048701,1.8426988e-05,0.08597856,-0.020235123,-5.143743e-05,-0.0015003141,0.0023351966,0.0036097807,0.0016382465,0.0,0.046349756,0.0016871544,-0.0011011584,-0.0005759197,0.009563268,-0.0041969083
2360,0.005081481,0.0,0.00508062,-0.009159667,-0.0014581572,0.015819076,-0.23177034,0.009516529,0.026888665,0.0077877026,0.00048810444,-3.711055e-05,0.0,0.0,0.0,0.00031905598,0.0071442006,0.0050504073,0.0,-0.0006423057,-0.005806243,-0.0077929925,-0.00027172227,0.21034935,0.04866675,0.0020895824,0.0004254509,-0.0005027075,-0.0021840767,0.0009221661,0.0014352177,0.00090940244,-4.2860047e-05,-0.0017479169,0.0066954717,0.00033106457,0.25066283,0.054802738,0.05181755,-0.00057256105,0.0,0.0,0.1843622,0.5559548,-0.0016160177,0.019480899,0.0,0.0003896059,-5.609441e-05,0.10413421,-0.016517956,-5.143743e-05,-0.006089593,0.00078493473,-0.0003882636,-0.0016317632,0.0,0.050071385,0.0002465988,-0.0006856936,-0.0006302893,-0.0066811526,0.0032757884
2361,0.004945371,0.0,0.00508062,-0.009159667,-0.0014581572,0.015819076,-0.23177034,0.009516529,0.026888665,0.0077877026,0.00048810444,-3.711055e-05,0.0,0.0,0.0,0.00031905598,0.0071442006,0.0050504073,0.0,-0.0006423057,-0.005806243,-0.0077929925,-0.00027172227,0.20508409,0.04866675,0.0020895824,0.0004254509,-0.0005027075,0.025037987,0.0009221661,0.0014352177,0.00090940244,-4.2860047e-05,0.0009074416,0.0066954717,0.00033106457,0.24448368,0.051545642,0.05181755,-0.00057256105,0.0,0.0,0.18171291,0.5422707,-0.0016160177,0.019480899,0.0,0.0003896059,-5.609441e-05,0.10413421,-0.016455185,-5.143743e-05,-0.006089593,0.00078493473,-0.0003882636,-0.0016317632,0.0,0.050071385,0.0002465988,-0.0006856936,-0.0006302893,-0.0054503162,0.0032757884
2362,0.004945371,0.0,0.00508062,-0.009159667,-0.0014581572,0.015819076,-0.23177034,0.009516529,0.026888665,0.0077877026,0.00048810444,-3.711055e-05,0.0,0.0,0.0,0.00031905598,0.0071442006,0.0050504073,0.0,-0.0006423057,-0.005806243,-0.0077929925,-0.00027172227,0.21021324,0.04866675,0.0020895824,0.0004254509,-0.0005027075,-0.0019118564,0.0009221661,0.0014352177,0.00090940244,-4.2860047e-05,-0.0017479169,0.0066954717,0.00033106457,0.25066283,0.054802738,0.05181755,-0.00057256105,0.0,0.0,0.1843622,0.5559548,-0.0016160177,0.019480899,0.0,0.0003896059,-5.609441e-05,0.10413421,-0.016517956,-5.143743e-05,-0.006089593,0.00078493473,-0.0003882636,-0.0016317632,0.0,0.050071385,0.0002465988,-0.0006856936,-0.0006302893,-0.0066811526,0.0032757884
2363,0.004945371,0.0,0.00508062,-0.009159667,-0.0014581572,0.011858199,-0.23177034,0.009516529,0.026888665,0.0077877026,0.00048810444,-3.711055e-05,0.0,0.0,0.0,0.00031905598,0.0071442006,0.0050504073,0.0,-0.0006423057,-0.005806243,-0.0077929925,-0.00027172227,0.21021324,0.04866675,0.0020895824,0.0004254509,-0.0005027075,-0.0019118564,0.0009221661,0.0014352177,0.00090940244,-4.2860047e-05,-0.001597164,0.0066954717,0.00033106457,0.25066283,0.054802738,0.04842139,-0.00057256105,0.0,0.0,0.1843622,0.55215687,-0.0016160177,0.018904226,0.0,0.0003896059,-5.609441e-05,0.10413421,-0.006721665,-5.143743e-05,-0.006089593,0.00078493473,-0.0003882636,-0.0016317632,0.0,0.050071385,0.0002465988,0.0004676539,-0.0006302893,-0.0060498444,0.0032757884
2364,0.004945371,0.0,0.00508062,-0.009159667,-0.0014581572,0.015819076,-0.23177034,0.009516529,0.026888665,0.0077877026,0.00048810444,-3.711055e-05,0.0,0.0,0.0,0.00031905598,0.0071442006,0.0050504073,0.0,-0.0006423057,-0.005806243,-0.0077929925,-0.00027172227,0.20508409,0.04866675,0.0020895824,0.0004254509,-0.0005027075,0.025037987,0.0009221661,0.0014352177,0.00090940244,-4.2860047e-05,0.0009074416,0.0066954717,0.00033106457,0.24448368,0.051545642,0.05181755,-0.00057256105,0.0,0.0,0.18171291,0.5422707,-0.0016160177,0.019480899,0.0,0.0003896059,-5.609441e-05,0.10413421,-0.016455185,-5.143743e-05,-0.006089593,0.00078493473,-0.0003882636,-0.0016317632,0.0,0.050071385,0.0002465988,-0.0006856936,-0.0006302893,-0.0054503162,0.0032757884
2365,0.0051458045,0.0,0.0011307407,0.01030273,0.0035988744,-0.0005764565,0.030067518,0.0009211898,0.05370183,-0.0017007211,-0.0013338625,0.00037797,0.0,0.0,0.0,7.6855475e-05,0.014165095,0.00019268572,0.0,0.000813175,0.010697728,0.00096868974,-0.00027172227,0.22068316,0.04917798,0.0018509205,0.0004254509,0.008440861,-0.0011384394,0.0025939085,0.0013403193,0.00090940244,-0.00010926255,0.009657536,0.0066954717,-0.00023897382,0.24250388,0.07373436,-0.0058084726,-0.00057256105,0.0,0.0,0.19893026,0.42255205,0.0029716336,0.016795997,0.0,-0.0016048701,1.8426988e-05,0.10705352,-0.020057054,-5.143743e-05,-0.006089593,0.0023351966,0.003540569,-0.0016317632,0.0,0.04352125,0.0016871544,-0.0010115153,0.0060573947,0.009459295,-0.0041969083
2366,0.0051458045,0.0,0.0011307407,0.01030273,0.0035988744,-0.0005764565,0.030067518,0.0009211898,0.05370183,-0.0017007211,-0.0013338625,-3.711055e-05,0.0,0.0,0.0,7.6855475e-05,0.014165095,0.00019268572,0.0,0.000813175,0.010697728,0.0004384112,-0.00027172227,0.22506464,0.04917798,0.0018509205,0.0004254509,-0.00063078577,-0.0013891275,0.0025939085,0.0013403193,0.00090940244,-0.00010926255,0.00960104,0.0066954717,-0.00023897382,0.24302468,0.07373436,-0.0058084726,-0.00057256105,0.0,0.0,0.19858697,0.43132147,0.0029716336,0.016795997,0.0,-0.0016048701,1.8426988e-05,0.10771554,-0.020057054,-5.143743e-05,-0.006089593,0.0023351966,0.003540569,-0.0016317632,0.0,0.046349756,0.0016871544,-0.0010115153,-0.0005759197,0.009597876,-0.0041969083
2367,0.0051458045,0.0,0.0011307407,0.01030273,0.0035988744,-0.0005764565,0.030067518,0.0009211898,0.05370183,-0.0017007211,-0.0013338625,-3.711055e-05,0.0,0.0,0.0,7.6855475e-05,0.014165095,0.00019268572,0.0,0.000813175,0.010697728,0.0004384112,-0.00027172227,0.22506464,0.04917798,0.0018509205,0.0004254509,-0.00063078577,-0.0013891275,0.0025939085,0.0013403193,0.00090940244,-0.00010926255,0.00960104,0.0066954717,-0.00023897382,0.24302468,0.07373436,-0.0058084726,-0.00057256105,0.0,0.0,0.19858697,0.43132147,0.0029716336,0.016795997,0.0,-0.0016048701,1.8426988e-05,0.10771554,-0.020057054,-5.143743e-05,-0.006089593,0.0023351966,0.003540569,-0.0016317632,0.0,0.046349756,0.0016871544,-0.0010115153,-0.0005759197,0.009597876,-0.0041969083
2368,0.0051458045,0.0,0.0011307407,0.01030273,0.0035988744,-0.0005764565,0.030067518,0.0009211898,0.05370183,-0.0017007211,-0.0013338625,-3.711055e-05,0.0,0.0,0.0,7.6855475e-05,0.014165095,0.00019268572,0.0,0.000813175,0.010697728,0.0004384112,-0.00027172227,0.22506464,0.04917798,0.0018509205,0.0004254509,-0.00063078577,-0.0013891275,0.0025939085,0.0017645821,0.00090940244,-0.00010926255,0.00960104,0.0066954717,-0.00023897382,0.24308807,0.07373436,-0.0058084726,-0.00057256105,0.0,0.0,0.19858697,0.4313517,0.0029716336,0.016795997,0.0,-0.0016048701,1.8426988e-05,0.107163064,-0.020057054,-5.143743e-05,-0.006089593,0.0023351966,0.0036097807,-0.0016317632,0.0,0.046349756,0.0016871544,-0.0010115153,-0.0005759197,0.009563268,-0.0041969083
2369,0.0051458045,0.0,0.0011307407,0.01030273,0.0035988744,-0.0005764565,0.023864094,0.0009211898,0.05370183,-0.0017007211,-0.0013338625,-3.711055e-05,0.0,0.0,0.0,7.6855475e-05,0.014165095,0.00019268572,0.0,0.000813175,0.010697728,0.00096868974,-0.00027172227,0.22070861,0.04917798,0.0018509205,0.0004254509,-0.00063078577,-0.0013891275,0.0025939085,0.0017645821,0.00090940244,-0.00010926255,0.0073813964,0.0066954717,-0.00023897382,0.24256727,0.07373436,-0.0058084726,-0.00057256105,0.0,0.0,0.20255843,0.4349525,0.0029716336,0.016795997,0.0,-0.0016048701,1.8426988e-05,0.106530786,-0.019851623,-5.143743e-05,-0.006089593,0.0023351966,0.003540569,-0.0016317632,0.0,0.046467327,0.0016871544,-0.0010115153,0.0060573947,0.008505812,-0.0041969083
2370,0.0051458045,0.0,0.0011307407,0.01030273,0.0035988744,-0.0005764565,0.030067518,0.0009211898,0.05370183,-0.0017007211,-0.0013338625,0.00037797,0.0,0.0,0.0,7.6855475e-05,0.014165095,0.00019268572,0.0,0.000813175,0.010697728,0.00096868974,-0.00027172227,0.22506464,0.04917798,0.0018509205,0.0004254509,-0.00063078577,-0.0013891275,0.0025939085,0.0013403193,0.00090940244,-0.00010926255,0.00960104,0.0066954717,-0.00023897382,0.24302468,0.07373436,-0.0058084726,-0.00057256105,0.0,0.0,0.19871536,0.43144307,0.0029716336,0.016795997,0.0,-0.0016048701,1.8426988e-05,0.107029065,-0.020057054,-5.143743e-05,-0.006089593,0.0023351966,0.0036097807,-0.0016317632,0.0,0.045806263,0.0016871544,-0.0010115153,-0.0005759197,0.009563268,-0.0041969083
2371,0.0051458045,0.0,0.0011307407,0.01030273,0.0035988744,-0.0005764565,0.023864094,0.0009211898,0.05370183,-0.0017007211,-0.0013338625,-3.711055e-05,0.0,0.0,0.0,7.6855475e-05,0.014165095,0.00019268572,0.0,0.000813175,0.010697728,0.0004384112,-0.00027172227,0.2252998,0.04866675,0.0018509205,0.0004254509,-0.00063078577,-0.0013891275,0.0025939085,0.0013403193,0.00090940244,-0.00010926255,0.0073813964,0.0066954717,-0.00023897382,0.24302468,0.07398997,-0.0058084726,-0.00057256105,0.0,0.0,0.20255843,0.43530276,0.0029716336,0.016795997,0.0,-0.0016048701,1.8426988e-05,0.10774527,-0.019596009,-5.143743e-05,-0.006089593,0.0023351966,0.003540569,-0.0016317632,0.0,0.046349756,0.0016871544,-0.0010115153,-0.0005759197,0.009597876,-0.0041969083
2372,0.0051458045,0.0,0.0011307407,0.01030273,0.0035988744,-0.0005764565,0.023864094,0.0009211898,0.05370183,-0.0017007211,-0.0013338625,-3.711055e-05,0.0,0.0,0.0,7.6855475e-05,0.014165095,0.00019268572,0.0,0.000813175,0.010697728,0.0004384112,-0.00027172227,0.2252998,0.04866675,0.0018509205,0.0004254509,-0.00063078577,-0.0013891275,0.0025939085,0.0013403193,0.00090940244,-0.00010926255,0.0073813964,0.0066954717,-0.00023897382,0.24302468,0.07398997,-0.0058084726,-0.00057256105,0.0,0.0,0.20255843,0.43530276,0.0029716336,0.016795997,0.0,-0.0016048701,1.8426988e-05,0.10774527,-0.019596009,-5.143743e-05,-0.006089593,0.0023351966,0.003540569,-0.0016317632,0.0,0.046349756,0.0016871544,-0.0010115153,-0.0005759197,0.009597876,-0.0041969083
2373,0.0051458045,0.0,0.0011307407,0.01875552,0.0035988744,-0.0005764565,0.030067518,0.0009211898,0.05370183,-0.0017007211,-0.0013338625,-3.711055e-05,0.0,0.0,0.0,7.6855475e-05,0.014165095,0.009789043,0.0,0.000813175,0.010697728,0.0004384112,-0.00027172227,0.22859088,0.04917798,0.0018509205,0.0004254509,-0.00063078577,-0.0013891275,0.0025939085,0.0013403193,0.00090940244,-0.00010926255,0.00960104,0.0066954717,-0.00023897382,0.2447514,0.07373436,-0.0023919235,-0.00057256105,0.0,0.0,0.19921711,0.4331252,0.0029716336,0.016795997,0.0,-0.0016048701,1.8426988e-05,0.09047828,-0.020057054,-5.143743e-05,-0.0015003141,0.0023351966,0.0036097807,-0.0016317632,0.0,0.046349756,0.0016871544,-0.0010115153,-0.0005759197,0.009563268,-0.0041969083
2374,0.0051458045,0.0,0.0011307407,0.01030273,0.0035988744,-0.0005764565,0.030067518,0.0009211898,0.05370183,-0.0017007211,-0.0013338625,-3.711055e-05,0.0,0.0,0.0,7.6855475e-05,0.014165095,0.00019268572,0.0,0.000813175,0.010697728,0.0004384112,-0.00027172227,0.22506464,0.04917798,0.0018509205,0.0004254509,-0.00063078577,-0.0013891275,0.0025939085,0.0013403193,0.00090940244,-0.00010926255,0.00960104,0.0066954717,-0.00023897382,0.24302468,0.07373436,-0.0058084726,-0.00057256105,0.0,0.0,0.19858697,0.43132147,0.0029716336,0.016795997,0.0,-0.0016048701,1.8426988e-05,0.10771554,-0.020057054,-5.143743e-05,-0.006089593,0.0023351966,0.003540569,-0.0016317632,0.0,0.046349756,0.0016871544,-0.0010115153,-0.0005759197,0.009597876,-0.0041969083
2375,0.0051458045,0.0,0.0011307407,0.038898285,0.0035988744,-0.0005764565,0.025201539,-0.0049744197,0.051830105,-0.0017007211,-0.0013338625,-3.711055e-05,0.0,0.0,0.0,-0.003933706,0.014165095,0.009789043,0.0,0.000813175,0.010697728,0.00010061709,-0.00027172227,0.21726465,0.04866675,0.0018509205,0.0004254509,-0.00063078577,-0.0013891275,0.0025939085,0.00042185365,0.0002844036,-0.00010926255,0.0073813964,0.0066954717,-0.00023897382,0.22778197,0.06590324,-0.0023919235,-0.00057256105,0.0,0.0,0.20034817,0.43058732,0.0029716336,0.016795997,0.0,-0.0016048701,1.8426988e-05,-0.044665415,-0.019596009,-5.143743e-05,-0.0073805093,0.0023351966,0.0036097807,-0.008249152,0.0,0.046349756,0.0016871544,-0.0010115153,-0.0005759197,0.009563268,-0.0041969083
2376,0.0051458045,0.0,0.0011307407,0.01030273,0.0035988744,-0.0005764565,0.031404965,-0.000101528334,0.05370183,-0.0017007211,-0.0013338625,0.00037797,0.0,0.0,0.0,7.6855475e-05,0.014165095,0.00019268572,0.0,0.000813175,0.010697728,0.00096868974,-0.00027172227,0.22047344,0.04917798,0.0018509205,0.0004254509,-0.00063078577,-0.0013891275,0.0025939085,0.0017645821,0.00090940244,-0.00010926255,0.00960104,0.0066954717,-0.00023897382,0.24256727,0.07373436,-0.0058084726,-0.00057256105,0.0,0.0,0.19840065,0.4309712,0.0029716336,0.016795997,0.0,-0.0016048701,1.8426988e-05,0.10650104,-0.020057054,-5.143743e-05,-0.006089593,0.0023351966,0.003540569,-0.0016317632,0.0,0.045923833,0.0016871544,-0.0010115153,0.0060573947,0.008505812,-0.0041969083
2377,0.0051458045,0.0,0.0011307407,0.01875552,0.0035988744,-0.0005764565,0.023864094,0.0009211898,0.052669406,-0.0017007211,0.00048810444,-3.711055e-05,0.0,0.0,0.0,7.6855475e-05,0.014165095,0.00019268572,0.0,0.000813175,0.010697728,0.0004384112,-0.00027172227,0.21865001,0.04866675,0.0018509205,0.0004254509,-0.00063078577,-0.0013891275,0.0025939085,0.0017645821,0.00090940244,-0.00010926255,0.0073813964,0.0066954717,-0.00023897382,0.24429399,0.07398997,-0.0058084726,-0.00057256105,0.0,0.0,0.19998473,0.43660003,0.0029716336,0.016795997,0.0,-0.0016048701,1.8426988e-05,0.08057792,-0.019596009,-5.143743e-05,-0.0015003141,0.0023351966,0.0036097807,-0.0016317632,0.0,0.046467327,0.0016871544,-0.0010115153,0.0060573947,0.008471206,-0.0041969083
2378,0.0051458045,0.0,0.0011307407,0.013816646,0.0035988744,-0.0005764565,0.023864094,0.0009211898,0.05370183,-0.0017007211,-0.0013338625,0.00037797,0.0,0.0,0.0,7.6855475e-05,0.014165095,0.00019268572,0.0,0.000813175,0.010697728,0.0004384112,-0.00027172227,0.2252998,0.04917798,0.0018509205,0.0004254509,-0.00063078577,-0.0013891275,0.0025939085,0.0013403193,0.00090940244,-0.00010926255,0.0073813964,0.0066954717,-0.00023897382,0.24302468,0.07373436,-0.0058084726,-0.00057256105,0.0,0.0,0.20268682,0.43657506,0.0029716336,0.016795997,0.0,-0.0016048701,1.8426988e-05,0.102924444,-0.019851623,-5.143743e-05,-0.006089593,0.0023351966,0.0036097807,-0.0016317632,0.0,0.045806263,0.0016871544,-0.0010115153,-0.0005759197,0.009563268,-0.0041969083
2379,0.0051458045,0.0,0.0011307407,0.01875552,0.0035988744,-0.0005764565,0.031404965,-0.000101528334,0.05370183,-0.0017007211,-0.0013338625,-3.711055e-05,0.0,0.0,0.0,7.6855475e-05,0.014165095,0.00019268572,0.0,0.000813175,0.010697728,0.0004384112,-0.00027172227,0.22047344,0.04917798,0.0018509205,0.0004254509,-0.00063078577,-0.0013891275,0.0025939085,0.0013403193,0.00090940244,-0.00010926255,0.00960104,0.0066954717,-0.00023897382,0.2442306,0.07373436,-0.0058084726,-0.00057256105,0.0,0.0,0.19890237,0.43255392,0.0029716336,0.016795997,0.0,-0.0016048701,1.8426988e-05,0.09050273,-0.020057054,-5.143743e-05,-0.0015003141,0.0023351966,0.0036097807,-0.0016317632,0.0,0.046467327,0.0016871544,-0.0010115153,0.0060573947,0.008471206,-0.0041969083
2380,0.0051458045,0.0,0.0011307407,0.038898285,0.0035988744,-0.0005764565,0.031404965,-0.000101528334,0.05204682,-0.0017007211,-0.0013338625,0.00037797,0.0,0.0,0.0,7.6855475e-05,0.014165095,0.009789043,0.0,0.000813175,0.010697728,0.00010061709,-0.00027172227,0.21702948,0.04917798,0.0018509205,0.0004254509,-0.00063078577,-0.0013891275,0.0025939085,0.0006203007,0.0002844036,-0.00010926255,0.00960104,0.0066954717,-0.00023897382,0.22778197,0.065647624,-0.0023919235,-0.00057256105,0.0,0.0,0.1972695,0.42559665,0.0029716336,0.016795997,0.0,-0.0016048701,1.8426988e-05,-0.021695616,-0.020057054,-5.143743e-05,-0.0065240306,0.0023351966,0.0036097807,-0.008249152,0.0,0.044985157,0.0023270196,-0.0010115153,-0.0005759197,0.009563268,-0.0041969083
2381,0.0051458045,0.0,0.0011307407,0.01875552,0.0035988744,-0.0005764565,0.031404965,-0.000101528334,0.05370183,-0.0017007211,-0.0013338625,0.00037797,0.0,0.0,0.0,7.6855475e-05,0.014165095,0.009789043,0.0,0.000813175,0.010697728,0.0004384112,-0.00027172227,0.22859088,0.04917798,0.0018509205,0.0004254509,-0.00063078577,-0.0013891275,0.0025939085,0.0013403193,0.00090940244,-0.00010926255,0.00960104,0.0066954717,-0.00023897382,0.2447514,0.07373436,-0.0023919235,-0.00057256105,0.0,0.0,0.19903079,0.4331252,0.0029716336,0.016795997,0.0,-0.0016048701,1.8426988e-05,0.09047828,-0.020057054,-5.143743e-05,-0.0015003141,0.0023351966,0.0036097807,-0.0016317632,0.0,0.045806263,0.0016871544,-0.0010115153,-0.0005759197,0.009563268,-0.0041969083
2382,0.0051458045,0.0,0.0011307407,0.038898285,0.0035988744,-0.0005764565,0.023864094,0.0009211898,0.051830105,-0.0017007211,-0.0013338625,0.00037797,0.0,0.0,0.0,7.6855475e-05,0.014165095,0.009789043,0.0,0.000813175,0.010697728,0.00010061709,-0.0002284393,0.21726465,0.048556272,0.0018509205,0.0004254509,-0.00063078577,-0.0013891275,0.0025939085,0.00042185365,0.0002844036,-0.00010926255,0.0071091154,0.0066954717,-0.00023897382,0.22778197,0.065647624,-0.02509716,-0.00057256105,0.0,0.0,0.20168489,0.42112073,0.0029716336,0.016795997,0.0,-0.0016048701,1.8426988e-05,-0.046314802,-0.019851623,-5.143743e-05,-0.0073805093,0.0023351966,0.0036097807,-0.008249152,0.0,0.04442604,0.0023270196,-0.0010115153,-0.00014600552,0.009563268,-0.0041969083
2383,0.0051458045,0.0,0.0011307407,0.038898285,0.0035988744,-0.0005764565,0.025201539,-0.000101528334,0.051830105,-0.0017007211,-0.0013338625,0.00037797,0.0,0.0,0.0,7.6855475e-05,0.014165095,0.009789043,0.0,0.000813175,0.010697728,0.00010061709,-0.00027172227,0.21726465,0.04866675,0.0018509205,0.0004254509,-0.00063078577,-0.0013891275,0.0025939085,0.00042185365,0.0002844036,-0.00010926255,0.0073813964,0.0066954717,-0.00023897382,0.22778197,0.06590324,-0.0023919235,-0.00057256105,0.0,0.0,0.20124096,0.42112073,0.0029716336,0.016795997,0.0,-0.0016048701,1.8426988e-05,-0.044665415,-0.019596009,-5.143743e-05,-0.0073805093,0.0023351966,0.0036097807,-0.008249152,0.0,0.044985157,0.0023270196,-0.0010115153,-0.0005759197,0.009563268,-0.0041969083
2384,0.0051458045,0.0,0.0011307407,0.038898285,0.0035988744,-0.0005764565,0.023751969,0.0009211898,0.051830105,-0.0017007211,0.00048810444,-3.711055e-05,0.0,0.0,0.0,7.6855475e-05,0.014165095,0.009789043,0.0,0.000813175,0.010697728,0.00010061709,-0.00027172227,0.21864653,0.04866675,0.0014805826,0.0004254509,-0.00063078577,-0.0013891275,0.0025939085,0.0008461165,0.0002844036,-0.00010926255,0.0073813964,0.0066954717,-0.00023897382,0.22784537,0.06590324,-0.0023919235,-0.00057256105,0.0,0.0,0.19822747,0.42137074,0.0029716336,0.016795997,0.0,-0.0016048701,1.8426988e-05,-0.04516181,-0.019596009,-5.143743e-05,-0.0073805093,0.0023351966,0.0036097807,-0.008249152,0.0,0.04579064,0.0016871544,-0.0010115153,-0.00014600552,0.009748437,-0.0041969083
2385,0.005081481,0.0,0.00508062,-0.009159667,-0.0014581572,0.015819076,-0.23177034,0.009516529,0.026888665,0.0077877026,0.00048810444,-3.711055e-05,0.0,0.0,0.0,0.00031905598,0.0071442006,0.0050504073,0.0,-8.958863e-05,-0.005806243,-0.0077929925,-0.00027172227,0.210073,0.04866675,0.0020895824,0.0004254509,-0.0005027075,-0.0021840767,0.0009221661,0.0014352177,0.00090940244,-4.2860047e-05,-0.0017479169,0.0066954717,0.00033106457,0.25066283,0.054802738,0.05181755,-0.00057256105,0.0,0.0,0.1843622,0.5559548,-0.0016160177,0.019480899,0.0,0.0003896059,-5.609441e-05,0.10413421,-0.016517956,-5.143743e-05,-0.006089593,0.00078493473,-0.0003882636,-0.0016317632,0.0,0.050071385,0.0002465988,-0.0006856936,-0.0006302893,-0.0069575114,0.0032757884
2386,0.005081481,0.0,0.00508062,-0.009159667,-0.0014581572,0.015819076,-0.23177034,0.009516529,0.026888665,0.0077877026,0.00048810444,-3.711055e-05,0.0,0.0,0.0,0.00031905598,0.0071442006,0.0050504073,0.0,-0.0006423057,-0.005806243,-0.0077929925,-0.00027172227,0.21034935,0.04866675,0.0020895824,0.0004254509,-0.0005027075,-0.0021840767,0.0009221661,0.0014352177,0.00090940244,-4.2860047e-05,-0.0017479169,0.0066954717,0.00033106457,0.25066283,0.054802738,0.05181755,-0.00057256105,0.0,0.0,0.18449141,0.5559548,-0.0016160177,0.019480899,0.0,0.0003896059,-5.609441e-05,0.10413421,-0.016517956,-5.143743e-05,-0.006089593,0.00078493473,-0.0003882636,-0.0016317632,0.0,0.049512267,0.0002465988,-0.0006856936,-0.00020037511,-0.0066811526,0.0032757884
2387,0.004945371,0.0,0.00508062,-0.009159667,-0.0014581572,0.015819076,-0.23177034,0.009516529,0.026888665,0.0077877026,0.00048810444,-3.711055e-05,0.0,0.0,0.0,0.00031905598,0.0071442006,0.0050504073,0.0,-0.0006423057,-0.005806243,-0.0077929925,-0.00027172227,0.20162928,0.04866675,0.0020895824,0.0004254509,-0.0005027075,0.030867146,0.0009221661,0.0014352177,0.00090940244,-4.2860047e-05,0.0013000886,0.0066954717,0.00033106457,0.24448368,0.051545642,0.05181755,-0.00057256105,0.0,0.0,0.18171291,0.539109,-0.0016160177,0.019480899,0.0,0.0003896059,-5.609441e-05,0.10413421,-0.016455185,-5.143743e-05,-0.006089593,0.00078493473,-0.0003882636,-0.0016317632,0.0,0.050071385,0.0002465988,-0.0006856936,-0.0006302893,-0.005055593,0.0032757884
2388,0.004945371,0.0,0.00508062,-0.009159667,-0.0014581572,0.015819076,-0.23177034,0.009516529,0.026888665,0.0077877026,0.00048810444,-3.711055e-05,0.0,0.0,0.0,0.00031905598,0.0071442006,0.0050504073,0.0,-0.0006423057,-0.005806243,-0.0077929925,-0.00027172227,0.21021324,0.04866675,0.0020895824,0.0004254509,-0.0005027075,-0.0019118564,0.0009221661,0.0014352177,0.00090940244,-4.2860047e-05,-0.0017479169,0.0066954717,0.00033106457,0.25066283,0.054802738,0.05181755,-0.00057256105,0.0,0.0,0.18449141,0.5559548,-0.0016160177,0.019480899,0.0,0.0003896059,-5.609441e-05,0.10413421,-0.016517956,-5.143743e-05,-0.006089593,0.00078493473,-0.0003882636,-0.0016317632,0.0,0.049512267,0.0002465988,-0.0006856936,-0.00020037511,-0.0066811526,0.0032757884
2389,0.005081481,0.0,0.00508062,-0.009159667,-0.0014581572,0.015819076,-0.23177034,0.009516529,0.026888665,0.0077877026,-0.0013338625,-3.711055e-05,0.0,0.0,0.0,0.00031905598,0.0071442006,0.0050504073,0.0,-8.958863e-05,-0.005806243,-0.0077929925,-0.00027172227,0.20869112,0.04866675,0.0020895824,0.0004254509,-0.0005027075,-0.0021840767,0.0009221661,0.0014352177,0.00090940244,-4.2860047e-05,-0.0017479169,0.0066954717,0.00033106457,0.25066283,0.054802738,0.05181755,-0.00057256105,0.0,0.0,0.18756604,0.5559548,-0.0016160177,0.019480899,0.0,0.0003896059,-5.609441e-05,0.10413421,-0.016517956,-5.143743e-05,-0.006089593,0.00078493473,-0.0003882636,-0.0016317632,0.0,0.050071385,0.0002465988,-0.0006856936,-0.0006302893,-0.0069575114,0.0032757884
2390,0.0051458045,0.0,0.0011307407,0.01030273,0.0035988744,-0.0005764565,0.030067518,0.0009211898,0.05370183,-0.0017007211,-0.0013338625,-3.711055e-05,0.0,0.0,0.0,7.6855475e-05,0.014165095,0.009789043,0.0,0.000813175,0.010697728,0.0004384112,-0.00027172227,0.22859088,0.04917798,0.0018509205,0.0004254509,-0.00063078577,-0.0013891275,0.0025939085,0.0013403193,0.00090940244,-0.00010926255,0.00960104,0.0066954717,-0.00023897382,0.24302468,0.07373436,-0.0023919235,-0.00057256105,0.0,0.0,0.19858697,0.43132147,0.0029716336,0.016795997,0.0,-0.0016048701,1.8426988e-05,0.10771554,-0.020057054,-5.143743e-05,-0.006089593,0.0023351966,0.003540569,-0.0016317632,0.0,0.046349756,0.0016871544,-0.0010115153,-0.0005759197,0.009597876,-0.0041969083
2391,0.0051458045,0.0,0.0011307407,0.01030273,0.0035988744,-0.0005764565,0.030067518,0.0009211898,0.05370183,-0.0017007211,-0.0013338625,0.00037797,0.0,0.0,0.0,7.6855475e-05,0.014165095,0.00019268572,0.0,0.000813175,0.010697728,0.00096868974,-0.00027172227,0.22527435,0.04917798,0.0018509205,0.0004254509,0.00021947213,-0.0013891275,0.0025939085,0.0013403193,0.00090940244,-0.00010926255,0.00960104,0.0066954717,-0.00023897382,0.24302468,0.07373436,-0.0058084726,-0.00057256105,0.0,0.0,0.19871536,0.43147767,0.0029716336,0.016795997,0.0,-0.0016048701,1.8426988e-05,0.107029065,-0.020057054,-5.143743e-05,-0.006089593,0.0023351966,0.003540569,-0.0016317632,0.0,0.04474628,0.0016871544,-0.0010115153,-0.0005759197,0.009597876,-0.0041969083
2392,0.0051458045,0.0,0.0011307407,0.038898285,0.0035988744,-0.0005764565,0.031404965,-0.0049744197,0.051830105,-0.0017007211,-0.0013338625,0.00037797,0.0,0.0,0.0,-0.003933706,0.014165095,0.009789043,0.0,0.000813175,0.010697728,0.00010061709,-0.0002284393,0.21189392,0.048556272,-0.0002683327,0.0004254509,0.00021947213,-0.0011384394,0.0025939085,0.00042185365,0.0002844036,-0.00010926255,0.031651363,0.0066954717,0.00091120024,0.23086213,0.06275761,-0.02509716,-0.00057256105,0.0,0.0,0.19675404,0.40557024,0.0029716336,0.016795997,0.0,-0.0016048701,1.8426988e-05,-0.03750061,-0.019808136,-5.143743e-05,-0.0073805093,0.0023351966,0.003540569,0.008281928,0.0,0.044546414,0.0016871544,-0.0010115153,0.0060573947,0.015373013,-0.0041969083
2393,0.0051458045,0.0,0.0011307407,0.01030273,0.0035988744,-0.0005764565,0.023864094,0.0009211898,0.05370183,-0.0017007211,-0.0013338625,-3.711055e-05,0.0,0.0,0.0,7.6855475e-05,0.014165095,0.00019268572,0.0,0.000813175,0.010697728,0.0004384112,-0.00027172227,0.22070861,0.04917798,0.0018509205,0.0004254509,-0.00063078577,-0.0013891275,0.0025939085,0.0013403193,0.00090940244,-0.00010926255,0.0073813964,0.0066954717,-0.00023897382,0.24250388,0.07373436,-0.0058084726,-0.00057256105,0.0,0.0,0.20255843,0.43473148,0.0029716336,0.016795997,0.0,-0.0016048701,1.8426988e-05,0.10776972,-0.019851623,-5.143743e-05,-0.006089593,0.0023351966,0.003540569,-0.0016317632,0.0,0.046467327,0.0016871544,-0.0010115153,0.0060573947,0.008505812,-0.0041969083
2394,0.0051458045,0.0,0.0011307407,0.01875552,0.0035988744,-0.0005764565,0.025201539,-0.000101528334,0.05370183,-0.0017007211,-0.0013338625,-3.711055e-05,0.0,0.0,0.0,7.6855475e-05,0.014165095,0.009789043,0.0,0.000813175,0.010697728,0.0004384112,-0.00027172227,0.23058811,0.04866675,-0.0002683327,0.0004254509,-0.00063078577,-0.0013891275,0.0025939085,0.0013403193,0.00090940244,-0.00010926255,0.0073813964,0.0066954717,-0.0007368114,0.2447514,0.07398997,-0.0023919235,-0.00057256105,0.0,0.0,0.20312276,0.43729168,0.0029716336,0.016795997,0.0,-0.0016048701,1.8426988e-05,0.09049487,-0.01934709,-5.143743e-05,-0.0015003141,0.0023351966,0.0036097807,-0.0016317632,0.0,0.046349756,0.0016871544,-0.0010115153,-0.0005759197,0.009748437,-0.0041969083
2395,0.0051458045,0.0,0.0011307407,0.01030273,0.0035988744,-0.0005764565,0.030067518,0.0009211898,0.05370183,-0.0017007211,-0.0013338625,-3.711055e-05,0.0,0.0,0.0,7.6855475e-05,0.014165095,0.00019268572,0.0,0.000813175,0.010697728,0.0004384112,-0.00027172227,0.22047344,0.04917798,0.0018509205,0.0004254509,-0.00063078577,-0.0013891275,0.0025939085,0.0013403193,0.00090940244,-0.00010926255,0.00960104,0.0066954717,-0.00023897382,0.24250388,0.07373436,-0.0058084726,-0.00057256105,0.0,0.0,0.19858697,0.4307156,0.0029716336,0.016795997,0.0,-0.0016048701,1.8426988e-05,0.10773999,-0.020057054,-5.143743e-05,-0.006089593,0.0023351966,0.0036097807,-0.0016317632,0.0,0.046467327,0.0016871544,-0.0010115153,0.0060573947,0.008471206,-0.0041969083
2396,0.0051458045,0.0,0.0011307407,0.01875552,0.0035988744,-0.0005764565,0.030067518,0.0009211898,0.05370183,-0.0017007211,-0.0013338625,-3.711055e-05,0.0,0.0,0.0,7.6855475e-05,0.014165095,0.009789043,0.0,0.000813175,0.010697728,0.0004384112,-0.00027172227,0.22859088,0.049718823,0.0018509205,0.0004254509,-0.00063078577,-0.0013891275,0.0025939085,0.0013403193,0.00090940244,-0.00010926255,0.00960104,0.0066954717,-0.00023897382,0.2447514,0.07373436,-0.0023919235,-0.00057256105,0.0,0.0,0.1993463,0.43329376,0.0029716336,0.016795997,0.0,-0.0016048701,1.8426988e-05,0.08976889,-0.020057054,-5.143743e-05,-0.0015003141,0.0023351966,0.0036097807,-0.0016317632,0.0,0.04579064,0.0016871544,-0.0010115153,-0.00014600552,0.009563268,-0.0041969083
2397,0.0051458045,0.0,0.0011307407,0.038898285,0.0035988744,-0.0005764565,0.025201539,-0.000101528334,0.05204682,-0.0017007211,-0.0013338625,-3.711055e-05,0.0,0.0,0.0,7.6855475e-05,0.014165095,0.009789043,0.0,0.000813175,0.010697728,0.00010061709,-0.00027172227,0.21726465,0.04917798,0.0018509205,0.0004254509,-0.00063078577,-0.0013891275,0.0025939085,0.0006203007,0.0002844036,-0.00010926255,0.0073813964,0.0066954717,-0.00023897382,0.22778197,0.065647624,-0.0023919235,-0.00057256105,0.0,0.0,0.20106053,0.42957795,0.0029716336,0.016795997,0.0,-0.0016048701,1.8426988e-05,-0.021665873,-0.019851623,-5.143743e-05,-0.0065240306,0.0023351966,0.0036097807,-0.008249152,0.0,0.04579064,0.0016871544,-0.0010115153,-0.00014600552,0.009563268,-0.0041969083
2398,0.0051458045,0.0,0.0011307407,0.038898285,0.0035988744,-0.0005764565,0.023864094,0.0009211898,0.051830105,-0.0017007211,-0.0013338625,-3.711055e-05,0.0,0.0,0.0,7.6855475e-05,0.014165095,0.009789043,0.0,0.000813175,0.010697728,0.00010061709,-0.00027172227,0.21726465,0.04866675,0.0018509205,0.0004254509,-0.00063078577,-0.0013891275,0.0025939085,0.00042185365,0.0002844036,-0.00010926255,0.0073813964,0.0066954717,-0.00023897382,0.22778197,0.06590324,-0.0023919235,-0.00057256105,0.0,0.0,0.20124605,0.42112073,0.0029716336,0.016795997,0.0,-0.0016048701,1.8426988e-05,-0.044665415,-0.019596009,-5.143743e-05,-0.0073805093,0.0023351966,0.0036097807,-0.008249152,0.0,0.046349756,0.0016871544,-0.0010115153,-0.0005759197,0.009563268,-0.0041969083
2399,0.0051458045,0.0,0.0011307407,0.012351708,0.0035988744,-0.0005764565,0.025201539,-0.0049744197,0.051830105,-0.0017007211,-0.0013338625,-3.711055e-05,0.0,0.0,0.0,-0.003933706,0.014165095,0.00019268572,0.0,0.000813175,0.010697728,0.0006308956,-0.00027172227,0.20914724,0.04866675,0.0018509205,0.0004254509,-0.00063078577,-0.0013891275,0.0025939085,0.0008461165,0.0002844036,-0.00010926255,0.0073813964,0.0066954717,-0.00023897382,0.21427315,0.06590324,-0.0058084726,-0.00057256105,0.0,0.0,0.19536796,0.4259911,0.0029716336,0.016795997,0.0,-0.0016048701,1.8426988e-05,-0.075217746,-0.019596009,-5.143743e-05,-0.032116354,0.0023351966,0.0036097807,-0.008249152,0.0,0.046467327,0.0016871544,-0.0010115153,0.0060573947,0.008471206,-0.0041969083
2500,-0.013436284,0.0,-0.00043736555,0.11501491,0.0011349958,-0.0024328914,0.005903837,-0.0051013334,0.021284617,-0.00094848796,0.0001492801,-0.00011040977,0.0,0.0,0.0,-0.0029003767,0.005672957,-0.00010618098,0.0,0.00077767106,0.0027645868,0.00024205932,-0.00012462793,-0.16023684,0.012975426,-0.0010697764,-0.0007841112,-0.0012661478,-0.0067092148,0.00068117527,0.00032060992,0.00016566459,0.0025634265,-0.034661297,-0.004639134,0.00063123147,-0.15546443,-0.040408485,-0.023003737,-0.0018545807,0.0,0.0,-0.13566317,-0.30381948,0.0020655552,-0.005869464,0.0,-0.0017187139,3.3630393e-05,-0.019052051,-0.048789185,-0.000169137,0.0053630853,0.0003826445,-0.0007186803,0.0017612072,0.0,-0.15194678,0.0003384709,-0.0002896314,-0.0021424298,-0.044974525,-0.002459065
2501,-0.013436284,0.0,-0.00043736555,0.11501491,0.0011349958,-0.0024328914,0.005903837,-0.0051013334,0.010265841,-0.00094848796,0.0001492801,-0.00011040977,0.0,0.0,0.0,-0.0029003767,0.0029231743,-0.00010618098,0.0,0.00077767106,0.0027645868,-7.3305036e-06,-0.00012462793,-0.1616321,0.012975426,-0.0010697764,-0.0007841112,-0.0012661478,-0.0067092148,0.00068117527,0.00032060992,0.00016566459,0.0025634265,-0.034661297,-0.0031239418,-0.0006745928,-0.15598992,-0.040659357,-0.023003737,-0.00095420436,0.0,0.0,-0.13646245,-0.3041789,0.0020655552,-0.005869464,0.0,-0.0017187139,3.3630393e-05,-0.018927356,-0.035947874,-0.000169137,0.0053630853,0.0003826445,-0.0007186803,0.0017612072,0.0,-0.15194678,0.0003384709,-0.0002896314,-0.0021424298,-0.04338533,-0.00077575585
2502,-0.013436284,0.0,-0.00043736555,0.11501491,0.0011349958,-0.0024328914,0.005903837,-0.0051013334,0.021284617,-0.00094848796,0.0001492801,-0.00011040977,0.0,0.0,0.0,-0.0029003767,0.005672957,-0.00010618098,0.0,0.00077767106,0.0027645868,0.00024205932,-0.00012462793,-0.16023684,0.013223625,-0.0010697764,-0.0007841112,-0.0012661478,-0.0067092148,0.00068117527,0.00032060992,0.00016566459,0.0025634265,-0.034661297,-0.004639134,0.00030207232,-0.15546443,-0.040408485,-0.023003737,-0.0018545807,0.0,0.0,-0.13543326,-0.30422696,0.0020655552,-0.005869464,0.0,-0.0017187139,3.3630393e-05,-0.019176148,-0.049995758,-0.000169137,0.0053630853,0.0003826445,-0.0007186803,0.0017612072,0.0,-0.15194678,0.0003384709,-0.0002896314,-0.0021424298,-0.04338533,-0.002459065
2503,-0.013436284,0.0,-0.00043736555,0.11501491,0.0011349958,-0.0024328914,0.0056929938,-0.0051013334,0.009314994,-0.00094848796,0.0001492801,-0.00011040977,0.0,0.0,0.0,-0.0029003767,0.0029231743,-0.00010618098,0.0,0.00077767106,0.0027645868,-7.3305036e-06,-0.00012462793,-0.16051781,0.012023058,-0.0010697764,-0.0007841112,-0.0012661478,-0.0067092148,0.00068117527,0.00032060992,0.00016566459,0.0025634265,-0.034661297,-0.0031239418,0.00063123147,-0.15615335,-0.040844884,-0.023003737,-0.00095420436,0.0,0.0,-0.1365051,-0.3038955,0.0020655552,-0.005869464,0.0,-0.0017187139,3.3630393e-05,-0.018673858,-0.03480998,-0.000169137,0.0053630853,0.0003826445,-0.0007186803,0.0017612072,0.0,-0.15194678,0.0003384709,-0.0002896314,-0.0021424298,-0.044974525,-0.00077575585
2504,-0.013436284,0.0,-0.00043736555,0.11501491,0.0011349958,-0.0024328914,0.0056929938,-0.0051013334,0.010265841,-0.00094848796,0.0001492801,-0.00011040977,0.0,0.0,0.0,-0.0029003767,0.0029231743,-0.00010618098,0.0,0.00077767106,0.0027645868,0.00024205932,-0.00012462793,-0.1616321,0.012023058,-0.0010697764,-0.0007841112,-0.0012661478,-0.0067092148,0.00068117527,-0.010888858,0.00016566459,0.0025634265,-0.034661297,-0.0031239418,0.00063123147,-0.15348801,-0.039584942,-0.021661349,-0.00095420436,0.0,0.0,-0.1365051,-0.30284852,0.0020655552,-0.005869464,0.0,-0.0017187139,3.3630393e-05,-0.013865008,-0.03480998,-0.000169137,0.0053630853,0.0003826445,-0.0007186803,0.0017612072,0.0,-0.15194678,0.0003384709,-0.0002896314,-0.0021424298,-0.044974525,-0.00077575585
2505,-0.013436284,0.0,-0.00043736555,0.11501491,0.0011349958,-0.0024328914,0.005903837,-0.0051013334,0.021284617,-0.00094848796,0.0001492801,-0.00011040977,0.0,0.0,0.0,-0.0029003767,0.005672957,-0.00010618098,0.0,0.00077767106,0.0027645868,0.00024205932,-0.00012462793,-0.16023684,0.012023058,-0.0010697764,-0.0007841112,-0.0012661478,-0.0067092148,0.00068117527,0.00032060992,0.00016566459,0.0025634265,-0.034661297,-0.004639134,0.00063123147,-0.15546443,-0.04059401,-0.023003737,-0.0018545807,0.0,0.0,-0.13566317,-0.30381948,0.0020655552,-0.005869464,0.0,-0.0017187139,3.3630393e-05,-0.019052051,-0.04765129,-0.000169137,0.0053630853,0.0003826445,-0.0007186803,0.0017612072,0.0,-0.15194678,0.0003384709,-0.0002896314,-0.0021424298,-0.044974525,-0.002459065
2506,-0.012065873,0.0,-0.00043736555,0.12564321,0.0011349958,-0.0024328914,0.005472268,-0.0051013334,0.021284617,-0.00094848796,0.0001492801,-0.00011040977,0.0,0.0,0.0,-0.0029003767,0.005672957,-0.00010618098,0.0,0.00077767106,0.0027645868,0.0012648392,0.005947278,-0.15865968,0.011211846,0.0061644185,-0.0007841112,-0.0012661478,-0.0067092148,0.00068117527,-0.0010217775,5.8672624e-05,0.0025634265,-0.034661297,-0.004639134,0.00063123147,-0.15546443,-0.038355507,-0.018893177,-0.0018545807,0.0,0.0,-0.13474852,-0.278598,0.0020655552,-0.005869464,0.0,-0.0017187139,3.3630393e-05,-0.05843591,-0.04765129,-0.000169137,0.0053630853,0.0003826445,-0.0007186803,0.0017612072,0.0,-0.1509502,0.0003384709,-0.0002896314,-0.0008451531,-0.04258576,-0.002459065
2507,-0.013436284,0.0,-0.00043736555,0.11501491,0.0011349958,-0.0024328914,-0.066045396,-0.005386394,0.0034229378,-0.00094848796,0.0001492801,-0.00011040977,0.0,0.0,0.0,-0.0029003767,0.0018129254,-0.00010618098,0.0,0.00077767106,0.0027645868,0.00024205932,-0.00012462793,-0.15324326,0.012023058,-0.0010697764,-0.0007841112,-0.0012661478,-0.0067092148,0.00068117527,-0.010888858,0.00016566459,0.0025634265,-0.03325134,-0.002171987,0.00063123147,-0.14631419,-0.03233077,-0.021661349,-0.00095420436,0.0,0.0,-0.11674495,-0.2841039,0.0020655552,-0.0048646173,0.0,-0.0017187139,3.3630393e-05,-0.013515824,-0.031237163,-0.000169137,0.0053630853,0.0003826445,-0.0007186803,0.0017612072,0.0,-0.14318517,0.0003384709,-0.0002896314,-0.0021424298,-0.043605044,0.00045939884
2508,-0.01049277,0.0,-0.00043736555,0.1173959,0.0011349958,-0.0024328914,-0.058599893,-0.005386394,-0.0443368,-0.0035073415,0.0001492801,-0.00011040977,0.0,0.0,0.0,-0.0029003767,-0.013114323,0.0004158025,0.0,0.00077767106,0.0027645868,0.0012648392,0.0044394606,-0.10250147,0.010505396,-0.0016298512,-0.0007841112,-0.0012661478,-0.0067092148,0.00068117527,-0.0010217775,-0.000943213,0.0025634265,-0.032773737,-0.002171987,0.00063123147,-0.14904723,-0.034265883,-0.018893177,-0.00095420436,0.0,0.0,-0.11196497,-0.2624551,0.0020655552,-0.003557119,0.0,-0.0023439266,3.3630393e-05,-0.053165033,-0.031237163,-0.000169137,0.0053630853,0.0003826445,-0.0007186803,0.0017612072,0.0,-0.14113036,0.0003384709,-0.0002896314,-0.0021424298,-0.04324162,0.00094639906
2509,-0.013436284,0.0,-0.00043736555,0.11501491,0.0011349958,-0.0024328914,-0.02210845,-0.005386394,0.020237848,-0.00094848796,0.0001492801,-0.00011040977,0.0,0.0,0.0,-0.0029003767,0.0055953404,-0.00010618098,0.0,0.00077767106,0.0027645868,0.00024205932,-0.00012462793,-0.16323078,0.012023058,-0.0010697764,-0.0007841112,-0.0012661478,-0.0067092148,0.00068117527,-0.0010217775,0.00016566459,0.0025634265,-0.03325134,-0.004639134,-0.0006745928,-0.14791183,-0.0394106,-0.021661349,-0.0018545807,0.0,0.0,-0.12739055,-0.29927915,0.0020655552,-0.005869464,0.0,-0.0017187139,3.3630393e-05,-0.01902512,-0.046571076,-0.000169137,0.0053630853,0.0003826445,-0.0007186803,0.0017612072,0.0,-0.14648515,0.0003384709,-0.0002896314,-0.0021424298,-0.04201585,-0.0012239104
2510,-0.013436284,0.0,-0.00043736555,0.11501491,0.0011349958,-0.0024328914,0.005297659,-0.0051013334,0.012938862,-0.00094848796,0.0001492801,-0.00011040977,0.0,0.0,0.0,-0.0029003767,0.0029231743,-0.00010618098,0.0,0.00077767106,0.0027645868,-7.3305036e-06,-0.00012462793,-0.16440016,0.012023058,-0.0010697764,-0.0007841112,-0.0012661478,-0.0067092148,0.00068117527,0.00032060992,0.00016566459,0.0025634265,-0.034661297,-0.004639134,0.00030207232,-0.15546443,-0.040844884,-0.023003737,-0.00095420436,0.0,0.0,-0.13856903,-0.3041789,0.0020655552,-0.005869464,0.0,-0.0017187139,3.3630393e-05,-0.018673858,-0.036016554,-0.000169137,0.0053630853,0.0003826445,-0.0007186803,0.0017612072,0.0,-0.1491563,0.0003384709,-0.0002896314,-0.0008451531,-0.04201585,-0.002459065
2511,-0.013436284,0.0,-0.00043736555,0.11501491,0.0011349958,-0.0024328914,0.005903837,-0.0051013334,0.021284617,-0.00094848796,0.0001492801,-0.00011040977,0.0,0.0,0.0,-0.0029003767,0.005672957,-0.00010618098,0.0,0.00077767106,0.0027645868,0.00024205932,-0.00012462793,-0.16023684,0.012975426,-0.0010697764,-0.0007841112,-0.0012661478,-0.0067092148,0.00068117527,-0.0010217775,0.00016566459,0.0025634265,-0.034661297,-0.004639134,0.00063123147,-0.15546443,-0.040408485,-0.021538997,-0.0018545807,0.0,0.0,-0.13566317,-0.30381948,0.0020655552,-0.005869464,0.0,-0.0004982132,3.3630393e-05,-0.019052051,-0.048789185,-0.000169137,0.0053630853,0.0003826445,-0.0007186803,0.0017612072,0.0,-0.15194678,0.0003384709,-0.0002896314,-0.0021424298,-0.046317376,-0.002459065
2512,-0.013436284,0.0,-0.00043736555,0.11501491,0.0011349958,-0.0024328914,0.011330944,-0.0051013334,0.021284617,-0.00094848796,0.0001492801,-0.00011040977,0.0,0.0,0.0,-0.0029003767,0.005672957,-0.00010618098,0.0,0.00077767106,0.0027645868,0.00012323525,-0.00012462793,-0.160003,0.013223625,-0.0010697764,-0.0007841112,-0.0012661478,-0.0067092148,0.00068117527,0.00012323141,0.00016566459,0.0025634265,-0.040278118,-0.004639134,0.00063123147,-0.15541393,-0.040408485,-0.023003737,-0.0018545807,0.0,0.0,-0.13754039,-0.30318886,0.0020655552,-0.005869464,0.0,-0.0017187139,3.3630393e-05,-0.019090189,-0.04982491,-0.000169137,0.0053630853,0.0003826445,-0.0007186803,0.0017612072,0.0,-0.1509502,0.0003384709,-0.0002896314,-0.0008451531,-0.044974525,-0.002459065
2513,-0.013436284,0.0,-0.00043736555,0.11501491,0.0011349958,-0.0024328914,0.0056929938,-0.0051013334,0.021284617,-0.00094848796,0.0001492801,-0.00011040977,0.0,0.0,0.0,-0.0029003767,0.005672957,-0.00010618098,0.0,0.00077767106,0.0027645868,0.00024205932,-0.00012462793,-0.16023684,0.012023058,-0.0010697764,-0.0007841112,-0.0012661478,-0.0067092148,0.00068117527,-0.0010217775,0.00016566459,0.0025634265,-0.034661297,-0.004639134,0.00030207232,-0.15546443,-0.04059401,-0.021661349,-0.0018545807,0.0,0.0,-0.1354759,-0.30410287,0.0020655552,-0.005869464,0.0,-0.0017187139,3.3630393e-05,-0.018798552,-0.048857864,-0.000169137,0.0053630853,0.0003826445,-0.0007186803,0.0017612072,0.0,-0.15194678,0.0003384709,-0.0002896314,-0.0021424298,-0.04338533,-0.002459065
2514,-0.013436284,0.0,-0.00043736555,0.11501491,0.0011349958,-0.0024328914,0.0056929938,-0.0051013334,0.021284617,-0.00094848796,0.0001492801,-0.00011040977,0.0,0.0,0.0,-0.0029003767,0.005672957,-0.00010618098,0.0,0.00077767106,0.0027645868,-7.3305036e-06,-0.00012462793,-0.16023684,0.012023058,-0.0010697764,-0.0007841112,-0.0012661478,-0.0067092148,0.00068117527,0.00032060992,0.00016566459,0.0025634265,-0.034661297,-0.004639134,0.00030207232,-0.15546443,-0.04059401,-0.023003737,-0.0018545807,0.0,0.0,-0.1354759,-0.30397817,0.0020655552,-0.005869464,0.0,-0.0017187139,3.3630393e-05,-0.018673858,-0.048857864,-0.000169137,0.0053630853,0.0003826445,-0.0007186803,0.0017612072,0.0,-0.15194678,0.0003384709,-0.0002896314,-0.0021424298,-0.04338533,-0.002459065
2515,-0.013436284,0.0,-0.00043736555,0.12326222,0.0011349958,-0.0024328914,0.005903837,-0.0051013334,0.021284617,-0.00094848796,0.0001492801,-0.00011040977,0.0,0.0,0.0,-0.0029003767,0.005672957,-0.00010618098,0.0,0.00077767106,0.0027645868,-7.3305036e-06,-0.00012462793,-0.16023684,0.012023058,-0.0010697764,-0.0007841112,-0.0012661478,-0.0067092148,0.00068117527,0.00032060992,0.00016566459,0.0025634265,-0.034661297,-0.004639134,0.00063123147,-0.15546443,-0.04059401,-0.022881385,-0.0018545807,0.0,0.0,-0.13566317,-0.30092102,0.0020655552,-0.005869464,0.0,-0.0004982132,3.3630393e-05,-0.018927356,-0.04765129,-0.000169137,0.0053630853,0.0003826445,-0.0007186803,0.0017612072,0.0,-0.15194678,0.0003384709,-0.0002896314,-0.0021424298,-0.044450153,-0.002459065
2516,-0.013436284,0.0,-0.00043736555,0.12326222,0.0011349958,-0.0024328914,-0.025780614,-0.005386394,0.004431912,-0.00094848796,0.0001492801,-0.00011040977,0.0,0.0,0.0,-0.0029003767,0.002055861,-0.00010618098,0.0,0.00077767106,0.0027645868,-7.3305036e-06,-0.00012462793,-0.16345721,0.012023058,-0.0010697764,-0.0007841112,-0.0012661478,-0.0067092148,0.00068117527,-0.0010217775,0.00016566459,0.0025634265,-0.03325134,-0.002171987,-0.0006745928,-0.14881608,-0.037825387,-0.021538997,-0.00095420436,0.0,0.0,-0.13085008,-0.2969275,0.0020655552,-0.0048646173,0.0,-0.0004982132,3.3630393e-05,-0.01785053,-0.031237163,-0.000169137,0.0053630853,0.0003826445,-0.0007186803,0.0017612072,0.0,-0.1436525,0.0003384709,-0.0002896314,-0.0008451531,-0.04149148,0.00045939884
2517,-0.013436284,0.0,-0.00043736555,0.12326222,0.0011349958,-0.0024328914,0.011330944,-0.0051013334,0.021284617,-0.00094848796,0.0001492801,-0.00011040977,0.0,0.0,0.0,-0.0029003767,0.005672957,-0.00010618098,0.0,0.00077767106,0.0027645868,-7.3305036e-06,-0.00012462793,-0.160003,0.013223625,-0.0010697764,-0.0007841112,-0.0012661478,-0.0067092148,0.00068117527,0.00012323141,0.00016566459,0.0025634265,-0.040123407,-0.004639134,0.00063123147,-0.15541393,-0.040408485,-0.022881385,-0.0018545807,0.0,0.0,-0.13754039,-0.30043924,0.0020655552,-0.005869464,0.0,-0.0004982132,3.3630393e-05,-0.019090189,-0.04982491,-0.000169137,0.0053630853,0.0003826445,-0.0007186803,0.0017612072,0.0,-0.1509502,0.0003384709,-0.0002896314,-0.0008451531,-0.044450153,-0.002459065
2518,-0.013436284,0.0,-0.00043736555,0.12326222,0.0011349958,-0.0024328914,0.0056929938,-0.0051013334,0.021284617,-0.00094848796,0.0001492801,-0.00011040977,0.0,0.0,0.0,-0.0029003767,0.005672957,-0.00010618098,0.0,0.00077767106,0.0027645868,0.00024205932,-0.00012462793,-0.16023684,0.012023058,-0.0010697764,-0.0007841112,-0.0012661478,-0.0067092148,0.00068117527,-0.0010217775,0.00016566459,0.0025634265,-0.034661297,-0.004639134,0.00063123147,-0.15546443,-0.04059401,-0.021661349,-0.0018545807,0.0,0.0,-0.13570581,-0.30104572,0.0020655552,-0.005869464,0.0,-0.0017187139,3.3630393e-05,-0.018798552,-0.04765129,-0.000169137,0.0053630853,0.0003826445,-0.0007186803,0.0017612072,0.0,-0.15194678,0.0003384709,-0.0002896314,-0.0021424298,-0.0431073,-0.002459065
2519,-0.013436284,0.0,-0.00043736555,0.12326222,0.0011349958,-0.0024328914,0.005903837,-0.0051013334,0.021284617,-0.00094848796,0.0001492801,-0.00011040977,0.0,0.0,0.0,-0.0029003767,0.005672957,-0.00010618098,0.0,0.00077767106,0.0027645868,-7.3305036e-06,-0.00012462793,-0.15865968,0.012023058,0.0061644185,-0.0007841112,-0.0012661478,-0.0067092148,0.00068117527,0.00032060992,0.00016566459,0.0025634265,-0.034661297,-0.004639134,0.00063123147,-0.15546443,-0.04059401,-0.023003737,-0.0018545807,0.0,0.0,-0.137957,-0.30020863,0.0020655552,-0.005869464,0.0,-0.0017187139,3.3630393e-05,-0.018864365,-0.04765129,-0.000169137,0.0053630853,0.0003826445,-0.0007186803,0.0017612072,0.0,-0.1509502,0.0003384709,-0.0002896314,-0.0008451531,-0.04258576,-0.002459065
2520,-0.013436284,0.0,-0.00043736555,0.12326222,0.0011349958,-0.0024328914,0.005903837,-0.0051013334,0.021284617,-0.00094848796,0.0001492801,-0.00011040977,0.0,0.0,0.0,-0.0029003767,0.005672957,-0.00010618098,0.0,0.00077767106,0.0027645868,-7.3305036e-06,-0.00012462793,-0.16023684,0.012975426,-0.0010697764,-0.0007841112,-0.0012661478,-0.0067092148,0.00068117527,0.00032060992,0.00016566459,0.0025634265,-0.034661297,-0.004639134,-0.0006745928,-0.15546443,-0.040408485,-0.023003737,-0.0018545807,0.0,0.0,-0.13566317,-0.3012044,0.0020655552,-0.005869464,0.0,-0.0017187139,3.3630393e-05,-0.018927356,-0.048789185,-0.000169137,0.0053630853,0.0003826445,-0.0007186803,0.0017612072,0.0,-0.15194678,0.0003384709,-0.0002896314,-0.0021424298,-0.041518107,-0.002459065
2521,-0.013436284,0.0,-0.00043736555,0.12326222,0.0011349958,-0.0024328914,0.0056929938,-0.0051013334,0.021284617,-0.00094848796,0.0001492801,-0.00011040977,0.0,0.0,0.0,-0.0029003767,0.005672957,-0.00010618098,0.0,0.00077767106,0.0027645868,0.00024205932,-0.00012462793,-0.16023684,0.012023058,-0.0010697764,-0.0007841112,-0.0012661478,-0.0067092148,-0.001499688,0.00032060992,0.00016566459,0.0025634265,-0.034661297,-0.004639134,0.00030207232,-0.15546443,-0.03818317,-0.023003737,-0.0018545807,0.0,0.0,-0.13776974,-0.3015591,0.0020655552,-0.005869464,0.0,-0.0017187139,3.3630393e-05,-0.018798552,-0.048857864,-0.000169137,0.0053630853,0.0003826445,-0.0007186803,0.0017612072,0.0,-0.1509502,0.0003384709,-0.0002896314,-0.0008451531,-0.041518107,-0.002459065
2522,-0.013436284,0.0,-0.00043736555,0.11501491,0.0011349958,-0.0024328914,0.005903837,-0.0051013334,0.021284617,-0.00094848796,0.0001492801,-0.00011040977,0.0,0.0,0.0,-0.0029003767,0.005672957,-0.00010618098,0.0,0.00077767106,0.0027645868,0.00024205932,-0.00012462793,-0.16023684,0.012975426,-0.0010697764,-0.0007841112,-0.0012661478,-0.0067092148,0.00068117527,0.00032060992,0.00016566459,0.0025634265,-0.034661297,-0.004639134,0.00030207232,-0.15546443,-0.040408485,-0.023003737,-0.0018545807,0.0,0.0,-0.1377271,-0.30410287,0.0020655552,-0.005869464,0.0,-0.0017187139,3.3630393e-05,-0.019052051,-0.049995758,-0.000169137,0.0053630853,0.0003826445,-0.0007186803,0.0017612072,0.0,-0.1509502,0.0003384709,-0.0002896314,-0.0008451531,-0.04338533,-0.002459065
2523,-0.013436284,0.0,-0.00043736555,0.12326222,0.0011349958,-0.0024328914,0.0056929938,-0.0051013334,0.012938862,-0.00094848796,0.0001492801,-0.00011040977,0.0,0.0,0.0,-0.0029003767,0.0029231743,-0.00010618098,0.0,0.00077767106,0.0027645868,0.00024205932,-0.00012462793,-0.1616321,0.012023058,-0.0010697764,-0.0007841112,-0.0012661478,-0.0067092148,0.00068117527,-0.0010217775,0.00016566459,0.0025634265,-0.034661297,-0.004639134,0.00063123147,-0.15546443,-0.040844884,-0.021661349,-0.00095420436,0.0,0.0,-0.1365051,-0.30124643,0.0020655552,-0.005869464,0.0,-0.0017187139,3.3630393e-05,-0.018798552,-0.03480998,-0.000169137,0.0053630853,0.0003826445,-0.0007186803,0.0017612072,0.0,-0.15194678,0.0003384709,-0.0002896314,-0.0021424298,-0.0431073,-0.002459065
2524,-0.013436284,0.0,-0.00043736555,0.12326222,0.0011349958,-0.0024328914,0.005903837,-0.0051013334,0.021284617,-0.00094848796,0.0001492801,-0.00011040977,0.0,0.0,0.0,-0.0029003767,0.005672957,-0.00010618098,0.0,0.00077767106,0.0027645868,0.00024205932,-0.00012462793,-0.16023684,0.012975426,-0.0010697764,-0.0007841112,-0.0012661478,-0.0067092148,0.00068117527,0.00032060992,0.00016566459,0.0025634265,-0.034661297,-0.004639134,0.00030207232,-0.15546443,-0.040408485,-0.023003737,-0.0018545807,0.0,0.0,-0.13543326,-0.3013291,0.0020655552,-0.005869464,0.0,-0.0017187139,3.3630393e-05,-0.019052051,-0.049995758,-0.000169137,0.0053630853,0.0003826445,-0.0007186803,0.0017612072,0.0,-0.15194678,0.0003384709,-0.0002896314,-0.0021424298,-0.041518107,-0.002459065
2525,-0.013436284,0.0,-0.00043736555,0.11501491,0.0011349958,-0.0024328914,0.005297659,-0.0051013334,0.012938862,-0.00094848796,0.0001492801,-0.00011040977,0.0,0.0,0.0,-0.0029003767,0.005672957,-0.00010618098,0.0,0.00077767106,0.0027645868,0.00024205932,-0.00012462793,-0.16440016,0.012023058,-0.0010697764,-0.0007841112,-0.0012661478,-0.0067092148,0.00068117527,-0.010888858,0.00016566459,0.0025634265,-0.034661297,-0.004639134,0.00063123147,-0.15296254,-0.03933407,-0.021661349,-0.00095420436,0.0,0.0,-0.13630314,-0.3026478,0.0020655552,-0.005869464,0.0,-0.0017187139,3.3630393e-05,-0.013865008,-0.038213316,-0.000169137,0.0053630853,0.0003826445,-0.0007186803,0.0017612072,0.0,-0.15015286,0.0003384709,-0.0002896314,-0.0021424298,-0.043605044,-0.002459065
2526,-0.013436284,0.0,-0.00043736555,0.11501491,0.0011349958,-0.0024328914,0.005903837,-0.0051013334,0.021284617,-0.00094848796,0.0001492801,-0.00011040977,0.0,0.0,0.0,-0.0029003767,0.005672957,-0.00010618098,0.0,0.00077767106,0.0027645868,0.00024205932,-0.00012462793,-0.16023684,0.013223625,-0.0010697764,-0.0007841112,-0.0012661478,-0.0067092148,0.00068117527,0.00032060992,0.00016566459,0.0025634265,-0.034661297,-0.004639134,0.00063123147,-0.15546443,-0.040408485,-0.023003737,-0.0018545807,0.0,0.0,-0.13566317,-0.30394357,0.0020655552,-0.005869464,0.0,-0.0017187139,3.3630393e-05,-0.019176148,-0.048789185,-0.000169137,0.0053630853,0.0003826445,-0.0007186803,0.0017612072,0.0,-0.15194678,0.0003384709,-0.0002896314,-0.0021424298,-0.044974525,-0.002459065
2527,-0.013436284,0.0,-0.00043736555,0.11501491,0.0011349958,-0.0024328914,0.005297659,-0.0051013334,0.0054734144,-0.00094848796,0.0001492801,-0.00011040977,0.0,0.0,0.0,-0.0029003767,0.0029231743,-0.00010618098,0.0,0.00077767106,0.0027645868,0.00024205932,-0.00012462793,-0.16328587,0.012023058,-0.0010697764,-0.0007841112,-0.0012661478,-0.0067092148,0.00068117527,-0.0010217775,0.00016566459,0.0025634265,-0.034661297,-0.0031239418,-0.0006745928,-0.15636866,-0.040844884,-0.021661349,-0.00095420436,0.0,0.0,-0.13667977,-0.30464968,0.0020655552,-0.0048646173,0.0,-0.0017187139,3.3630393e-05,-0.018798552,-0.031237163,-0.000169137,0.0053630853,0.0003826445,-0.0007186803,0.0017612072,0.0,-0.15015286,0.0003384709,-0.0002896314,-0.0021424298,-0.04201585,-0.00077575585
2528,-0.013436284,0.0,-0.00043736555,0.11501491,0.0011349958,-0.0024328914,0.005903837,-0.0051013334,0.021284617,-0.00094848796,0.0001492801,-0.00011040977,0.0,0.0,0.0,-0.0029003767,0.005672957,-0.00010618098,0.0,0.00077767106,0.0027645868,0.00024205932,-0.00012462793,-0.16023684,0.012023058,-0.0010697764,-0.0007841112,-0.0012661478,-0.0067092148,0.00068117527,-0.0010217775,0.00016566459,0.0025634265,-0.034661297,-0.004639134,-0.0006745928,-0.15546443,-0.04059401,-0.021661349,-0.0018545807,0.0,0.0,-0.137957,-0.30410287,0.0020655552,-0.005869464,0.0,-0.0017187139,3.3630393e-05,-0.019052051,-0.04765129,-0.000169137,0.0053630853,0.0003826445,-0.0007186803,0.0017612072,0.0,-0.1509502,0.0003384709,-0.0002896314,-0.0008451531,-0.04338533,-0.002459065
2529,-0.013436284,0.0,-0.00043736555,0.11501491,0.0011349958,-0.0024328914,0.005903837,-0.0051013334,0.021284617,-0.00094848796,0.0001492801,-0.00011040977,0.0,0.0,0.0,-0.0029003767,0.005672957,-0.00010618098,0.0,0.00077767106,0.0027645868,-7.3305036e-06,-0.00012462793,-0.16023684,0.012975426,-0.0010697764,-0.0007841112,-0.0012661478,-0.0067092148,0.00068117527,0.00032060992,0.00016566459,0.0025634265,-0.034661297,-0.004639134,-0.0006745928,-0.15546443,-0.040408485,-0.023003737,-0.0018545807,0.0,0.0,-0.13566317,-0.30397817,0.0020655552,-0.005869464,0.0,-0.0017187139,3.3630393e-05,-0.018927356,-0.048789185,-0.000169137,0.0053630853,0.0003826445,-0.0007186803,0.0017612072,0.0,-0.15194678,0.0003384709,-0.0002896314,-0.0021424298,-0.04338533,-0.002459065
2530,-0.013436284,0.0,-0.00043736555,0.11501491,0.0011349958,-0.0024328914,0.0056929938,-0.0051013334,0.021284617,-0.00094848796,0.0001492801,-0.00011040977,0.0,0.0,0.0,-0.0029003767,0.005672957,-0.00010618098,0.0,0.00077767106,0.0027645868,0.00024205932,-0.00012462793,-0.16023684,0.012023058,-0.0010697764,-0.0007841112,-0.0012661478,-0.0067092148,0.00068117527,-0.0010217775,0.00016566459,0.0025634265,-0.034661297,-0.004639134,-0.0006745928,-0.15546443,-0.04059401,-0.021661349,-0.0018545807,0.0,0.0,-0.13570581,-0.30410287,0.0020655552,-0.005869464,0.0,-0.0017187139,3.3630393e-05,-0.018798552,-0.04765129,-0.000169137,0.0053630853,0.0003826445,-0.0007186803,0.0017612072,0.0,-0.15194678,0.0003384709,-0.0002896314,-0.0021424298,-0.04338533,-0.002459065
2531,-0.013436284,0.0,-0.00043736555,0.11501491,0.0011349958,-0.0024328914,0.005903837,-0.0051013334,0.021284617,-0.00094848796,0.0001492801,-0.00011040977,0.0,0.0,0.0,-0.0029003767,0.005672957,-0.00010618098,0.0,0.00077767106,0.0027645868,-7.3305036e-06,-0.00012462793,-0.15865968,0.012023058,0.0061644185,-0.0007841112,-0.0012661478,-0.0067092148,0.00068117527,0.00032060992,0.00016566459,0.0025634265,-0.034661297,-0.004639134,0.00063123147,-0.15546443,-0.04059401,-0.023003737,-0.0018545807,0.0,0.0,-0.13566317,-0.3029824,0.0020655552,-0.005869464,0.0,-0.0017187139,3.3630393e-05,-0.018864365,-0.04765129,-0.000169137,0.0053630853,0.0003826445,-0.0007186803,0.0017612072,0.0,-0.15194678,0.0003384709,-0.0002896314,-0.0021424298,-0.044452984,-0.002459065
2532,-0.013436284,0.0,-0.00043736555,0.12326222,0.0011349958,-0.0024328914,0.0054370635,-0.0051013334,-0.02069839,-0.0015233477,0.0001492801,-0.00011040977,0.0,0.0,0.0,-0.0029003767,0.0014361494,-0.00010618098,0.0,0.00077767106,0.0027645868,0.00024205932,-0.00012462793,-0.13400805,0.011730996,-0.0010697764,-0.0007841112,-0.0012661478,-0.0067092148,0.00068117527,-0.010888858,0.00016566459,0.0025634265,-0.034661297,-0.002171987,0.00063123147,-0.15403554,-0.039584942,-0.021661349,-0.00095420436,0.0,0.0,-0.13748936,-0.30069298,0.0020655552,-0.0029840842,0.0,-0.0023439266,3.3630393e-05,-0.0125498595,-0.031237163,-0.000169137,0.0053630853,0.0003826445,-0.0007186803,0.0017612072,0.0,-0.15194678,0.0003384709,-0.0002896314,-0.0021424298,-0.0431073,-0.00077575585
2533,-0.013436284,0.0,-0.00043736555,0.11501491,0.0011349958,-0.0024328914,0.005903837,-0.0051013334,0.021284617,-0.00094848796,0.0001492801,-0.00011040977,0.0,0.0,0.0,-0.0029003767,0.005672957,-0.00010618098,0.0,0.00077767106,0.0027645868,-7.3305036e-06,-0.00012462793,-0.15865968,0.012023058,0.0061644185,-0.0007841112,-0.0012661478,-0.0067092148,0.00068117527,0.00032060992,0.00016566459,0.0025634265,-0.034661297,-0.004639134,0.00030207232,-0.15546443,-0.04059401,-0.023003737,-0.0018545807,0.0,0.0,-0.13543326,-0.30326578,0.0020655552,-0.005869464,0.0,-0.0017187139,3.3630393e-05,-0.018864365,-0.048857864,-0.000169137,0.0053630853,0.0003826445,-0.0007186803,0.0017612072,0.0,-0.15194678,0.0003384709,-0.0002896314,-0.0021424298,-0.04286379,-0.002459065
2534,-0.013436284,0.0,-0.00043736555,0.11501491,0.0011349958,-0.0024328914,0.005903837,-0.0051013334,0.021284617,-0.00094848796,0.0001492801,-0.00011040977,0.0,0.0,0.0,-0.0029003767,0.005672957,-0.00010618098,0.0,0.00077767106,0.0027645868,0.00024205932,-0.00012462793,-0.16023684,0.012975426,-0.0010697764,-0.0007841112,-0.0012661478,-0.0067092148,0.00068117527,0.00032060992,0.00016566459,0.0025634265,-0.034661297,-0.004639134,0.00030207232,-0.15546443,-0.040408485,-0.023003737,-0.0018545807,0.0,0.0,-0.13543326,-0.30410287,0.0020655552,-0.005869464,0.0,-0.0017187139,3.3630393e-05,-0.019052051,-0.049995758,-0.000169137,0.0053630853,0.0003826445,-0.0007186803,0.0017612072,0.0,-0.15194678,0.0003384709,-0.0002896314,-0.0021424298,-0.04338533,-0.002459065
2535,-0.013436284,0.0,-0.00043736555,0.11501491,0.0011349958,-0.0024328914,0.0056929938,-0.0051013334,0.009314994,-0.00094848796,0.0001492801,-0.00011040977,0.0,0.0,0.0,-0.0029003767,0.0029231743,-0.00010618098,0.0,0.00077767106,0.0027645868,-7.3305036e-06,-0.00012462793,-0.16051781,0.012975426,-0.0010697764,-0.0007841112,-0.0012661478,-0.0067092148,0.00068117527,0.00032060992,0.00016566459,0.0025634265,-0.034661297,-0.0031239418,-0.0006745928,-0.15615335,-0.040659357,-0.023003737,-0.00095420436,0.0,0.0,-0.1365051,-0.3041789,0.0020655552,-0.005869464,0.0,-0.0017187139,3.3630393e-05,-0.018673858,-0.035947874,-0.000169137,0.0053630853,0.0003826445,-0.0007186803,0.0017612072,0.0,-0.15194678,0.0003384709,-0.0002896314,-0.0021424298,-0.04338533,-0.00077575585
2536,-0.013436284,0.0,-0.00043736555,0.12326222,0.0011349958,-0.0024328914,0.011330944,-0.0051013334,0.021284617,-0.00094848796,0.0001492801,-0.00011040977,0.0,0.0,0.0,-0.0029003767,0.005672957,-0.00010618098,0.0,0.00077767106,0.0027645868,-7.3305036e-06,-0.00012462793,-0.160003,0.013223625,-0.0010697764,-0.0007841112,-0.0012661478,-0.0067092148,0.00068117527,0.00012323141,0.00016566459,0.0025634265,-0.040123407,-0.004639134,0.00063123147,-0.15541393,-0.040408485,-0.023003737,-0.0018545807,0.0,0.0,-0.13524655,-0.30043924,0.0020655552,-0.005869464,0.0,-0.0017187139,3.3630393e-05,-0.019090189,-0.04982491,-0.000169137,0.0053630853,0.0003826445,-0.0007186803,0.0017612072,0.0,-0.15194678,0.0003384709,-0.0002896314,-0.0021424298,-0.0431073,-0.002459065
2537,-0.013436284,0.0,-0.00043736555,0.11501491,0.0011349958,-0.0024328914,0.005903837,-0.0051013334,0.021284617,-0.00094848796,0.0001492801,-0.00011040977,0.0,0.0,0.0,-0.0029003767,0.005672957,-0.00010618098,0.0,0.00077767106,0.0027645868,-7.3305036e-06,-0.00012462793,-0.15865968,0.012023058,0.0061644185,-0.0007841112,-0.0012661478,-0.0067092148,0.00068117527,0.00032060992,0.00016566459,0.0025634265,-0.034661297,-0.004639134,0.00063123147,-0.15546443,-0.04059401,-0.023003737,-0.0018545807,0.0,0.0,-0.13566317,-0.3029824,0.0020655552,-0.005869464,0.0,-0.0017187139,3.3630393e-05,-0.018864365,-0.04765129,-0.000169137,0.0053630853,0.0003826445,-0.0007186803,0.0017612072,0.0,-0.15194678,0.0003384709,-0.0002896314,-0.0021424298,-0.044452984,-0.002459065
2538,-0.013436284,0.0,-0.00043736555,0.12326222,0.0011349958,-0.0024328914,0.005903837,-0.0051013334,0.021284617,-0.00094848796,0.0001492801,-0.00011040977,0.0,0.0,0.0,-0.0029003767,0.005672957,-0.00010618098,0.0,0.00077767106,0.0027645868,-7.3305036e-06,-0.00012462793,-0.16023684,0.012975426,-0.0010697764,-0.0007841112,-0.0012661478,-0.0067092148,0.00068117527,0.00032060992,0.00016566459,0.0025634265,-0.034661297,-0.004639134,-0.0006745928,-0.15546443,-0.040408485,-0.023003737,-0.0018545807,0.0,0.0,-0.137957,-0.3012044,0.0020655552,-0.005869464,0.0,-0.0017187139,3.3630393e-05,-0.018927356,-0.048789185,-0.000169137,0.0053630853,0.0003826445,-0.0007186803,0.0017612072,0.0,-0.1509502,0.0003384709,-0.0002896314,-0.0008451531,-0.041518107,-0.002459065
2539,-0.013436284,0.0,-0.00043736555,0.11501491,0.0011349958,-0.0024328914,0.005903837,-0.0051013334,0.021284617,-0.00094848796,0.0001492801,-0.00011040977,0.0,0.0,0.0,-0.0029003767,0.005672957,-0.00010618098,0.0,0.00077767106,0.0027645868,-7.3305036e-06,-0.00012462793,-0.16023684,0.012023058,-0.0010697764,-0.0007841112,-0.0012661478,-0.0067092148,0.00068117527,0.00032060992,0.00016566459,0.0025634265,-0.034661297,-0.004639134,0.00063123147,-0.15546443,-0.04059401,-0.023003737,-0.0018545807,0.0,0.0,-0.137957,-0.30369478,0.0020655552,-0.005869464,0.0,-0.0017187139,3.3630393e-05,-0.018927356,-0.04765129,-0.000169137,0.0053630853,0.0003826445,-0.0007186803,0.0017612072,0.0,-0.1509502,0.0003384709,-0.0002896314,-0.0008451531,-0.044974525,-0.002459065
2540,-0.013436284,0.0,-0.00043736555,0.11501491,0.0011349958,-0.0024328914,0.005903837,-0.0051013334,0.021284617,-0.00094848796,0.0001492801,-0.00011040977,0.0,0.0,0.0,-0.0029003767,0.005672957,-0.00010618098,0.0,0.00077767106,0.0027645868,0.00024205932,-0.00012462793,-0.16023684,0.012975426,-0.0010697764,-0.0007841112,-0.0012661478,-0.0067092148,0.00068117527,-0.0010217775,0.00016566459,0.0025634265,-0.034661297,-0.004639134,0.00063123147,-0.15546443,-0.040408485,-0.021661349,-0.0018545807,0.0,0.0,-0.13566317,-0.30381948,0.0020655552,-0.005869464,0.0,-0.0017187139,3.3630393e-05,-0.019052051,-0.048789185,-0.000169137,0.0053630853,0.0003826445,-0.0007186803,0.0017612072,0.0,-0.15194678,0.0003384709,-0.0002896314,-0.0021424298,-0.044974525,-0.002459065
2541,-0.013436284,0.0,-0.00043736555,0.11501491,0.0011349958,-0.0024328914,0.0056929938,-0.0051013334,0.021284617,-0.00094848796,0.0001492801,-0.00011040977,0.0,0.0,0.0,-0.0029003767,0.005672957,-0.00010618098,0.0,0.00077767106,0.0027645868,0.00024205932,-0.00012462793,-0.15865968,0.012023058,0.0061644185,-0.0007841112,-0.0012661478,-0.0067092148,0.00068117527,0.00032060992,0.00016566459,0.0025634265,-0.034661297,-0.004639134,0.00063123147,-0.15546443,-0.04059401,-0.023003737,-0.0018545807,0.0,0.0,-0.13570581,-0.30310708,0.0020655552,-0.005869464,0.0,-0.0017187139,3.3630393e-05,-0.018735562,-0.04765129,-0.000169137,0.0053630853,0.0003826445,-0.0007186803,0.0017612072,0.0,-0.15194678,0.0003384709,-0.0002896314,-0.0021424298,-0.044452984,-0.002459065
2542,-0.013436284,0.0,-0.00043736555,0.11501491,0.0011349958,-0.0024328914,0.0056929938,-0.0051013334,0.021284617,-0.00094848796,0.0001492801,-0.00011040977,0.0,0.0,0.0,-0.0029003767,0.005672957,-0.00010618098,0.0,0.00077767106,0.0027645868,-7.3305036e-06,-0.00012462793,-0.16023684,0.012023058,-0.0010697764,-0.0007841112,-0.0012661478,-0.0067092148,0.00068117527,0.00032060992,0.00016566459,0.0025634265,-0.034661297,-0.004639134,0.00063123147,-0.15546443,-0.04059401,-0.023003737,-0.0018545807,0.0,0.0,-0.13570581,-0.30369478,0.0020655552,-0.005869464,0.0,-0.0017187139,3.3630393e-05,-0.018673858,-0.04765129,-0.000169137,0.0053630853,0.0003826445,-0.0007186803,0.0017612072,0.0,-0.15194678,0.0003384709,-0.0002896314,-0.0021424298,-0.044974525,-0.002459065
2543,-0.013436284,0.0,-0.00043736555,0.11501491,0.0011349958,-0.0024328914,0.005903837,-0.0051013334,0.021284617,-0.00094848796,0.0001492801,-0.00011040977,0.0,0.0,0.0,-0.0029003767,0.005672957,-0.00010618098,0.0,0.00077767106,0.0027645868,0.00024205932,-0.00012462793,-0.16023684,0.012975426,-0.0010697764,-0.0007841112,-0.0012661478,-0.0067092148,0.00068117527,-0.0010217775,0.00016566459,0.0025634265,-0.034661297,-0.004639134,0.00063123147,-0.15546443,-0.040408485,-0.021661349,-0.0018545807,0.0,0.0,-0.13566317,-0.30381948,0.0020655552,-0.005869464,0.0,-0.0017187139,3.3630393e-05,-0.019052051,-0.048789185,-0.000169137,0.0053630853,0.0003826445,-0.0007186803,0.0017612072,0.0,-0.15194678,0.0003384709,-0.0002896314,-0.0021424298,-0.044974525,-0.002459065
2544,-0.013436284,0.0,-0.00043736555,0.12326222,0.0011349958,-0.0024328914,0.005903837,-0.0051013334,0.021284617,-0.00094848796,0.0001492801,-0.00011040977,0.0,0.0,0.0,-0.0029003767,0.005672957,-0.00010618098,0.0,0.00077767106,0.0027645868,-7.3305036e-06,-0.00012462793,-0.15572843,0.012975426,-0.0010697764,-0.0007841112,-0.0012661478,-0.0067092148,0.00068117527,0.00032060992,0.00016566459,0.0025634265,-0.034661297,-0.004639134,0.00063123147,-0.15546443,-0.040408485,-0.023003737,-0.0018545807,0.0,0.0,-0.13566317,-0.29894823,0.0020655552,-0.005869464,0.0,-0.0017187139,3.3630393e-05,-0.018804679,-0.048789185,-0.000169137,0.0053630853,0.0003826445,-0.0007186803,0.0017612072,0.0,-0.1513693,0.0003384709,-0.0002896314,0.017805077,-0.04155724,-0.002459065
2545,-0.013436284,0.0,-0.00043736555,0.11501491,0.0011349958,-0.0024328914,-0.02210845,-0.005386394,0.01274643,-0.00094848796,0.0001492801,-0.00011040977,0.0,0.0,0.0,-0.0029003767,0.0055953404,-0.00010618098,0.0,0.00077767106,0.0027645868,-7.3305036e-06,-0.00012462793,-0.16440016,0.012023058,-0.0010697764,-0.0007841112,-0.0012661478,-0.0067092148,0.00068117527,0.00032060992,0.00016566459,0.0025634265,-0.03325134,-0.004639134,0.00030207232,-0.14791183,-0.0394106,-0.023003737,-0.00095420436,0.0,0.0,-0.12775797,-0.29915446,0.0020655552,-0.005869464,0.0,-0.0017187139,3.3630393e-05,-0.018900426,-0.039419886,-0.000169137,0.0053630853,0.0003826445,-0.0007186803,0.0017612072,0.0,-0.14648515,0.0003384709,-0.0002896314,-0.0021424298,-0.04201585,-0.0012239104
2546,-0.013436284,0.0,-0.00043736555,0.11501491,0.0011349958,-0.0024328914,0.0056929938,-0.0051013334,0.021284617,-0.00094848796,0.0001492801,-0.00011040977,0.0,0.0,0.0,-0.0029003767,0.005672957,-0.00010618098,0.0,0.00077767106,0.0027645868,0.00024205932,-0.00012462793,-0.15865968,0.012023058,0.0061644185,-0.0007841112,-0.0012661478,-0.0067092148,0.00068117527,0.00032060992,0.00016566459,0.0025634265,-0.034661297,-0.004639134,0.0007401777,-0.15546443,-0.04059401,-0.023003737,-0.0018545807,0.0,0.0,-0.13570581,-0.30308563,0.0020655552,-0.005869464,0.0,-0.0017187139,3.3630393e-05,-0.018735562,-0.04765129,-0.000169137,0.0053630853,0.0003826445,-0.0007186803,0.0017612072,0.0,-0.15194678,0.0003384709,-0.0002896314,-0.0021424298,-0.0445834,-0.002459065
2547,-0.013436284,0.0,-0.00043736555,0.11501491,0.0011349958,-0.0024328914,0.005297659,-0.0051013334,0.021284617,-0.00094848796,0.0001492801,-0.00011040977,0.0,0.0,0.0,-0.0029003767,0.005672957,-0.00010618098,0.0,0.00077767106,0.0027645868,-7.3305036e-06,-0.00012462793,-0.16142774,0.012023058,0.0061644185,-0.0007841112,-0.0012661478,-0.0067092148,0.00068117527,0.00032060992,0.00016566459,-8.170852e-05,-0.034661297,-0.004639134,-0.0006745928,-0.15546443,-0.04059401,-0.023003737,-0.0018545807,0.0,0.0,-0.13570581,-0.3038297,0.0020655552,-0.005869464,0.0,-0.0017187139,3.3630393e-05,-0.018610867,-0.04765129,-0.000169137,0.0053630853,0.0003826445,-0.0007186803,0.0017612072,0.0,-0.15015286,0.0003384709,-0.0002896314,-0.0021424298,-0.03828529,-0.002459065
2548,-0.013436284,0.0,-0.00043736555,0.11501491,0.0011349958,-0.0024328914,0.005903837,-0.0051013334,0.021284617,-0.00094848796,0.0001492801,-0.00011040977,0.0,0.0,0.0,-0.0029003767,0.005672957,-0.00010618098,0.0,0.00077767106,0.0027645868,-7.3305036e-06,-0.00012462793,-0.15865968,0.012023058,0.0061644185,-0.0007841112,-0.0012661478,-0.0067092148,0.00068117527,0.00032060992,0.00016566459,-8.170852e-05,-0.034661297,-0.004639134,-0.0006745928,-0.15546443,-0.04059401,-0.023003737,-0.0018545807,0.0,0.0,-0.13566317,-0.3038297,0.0020655552,-0.005869464,0.0,-0.0017187139,3.3630393e-05,-0.018864365,-0.04765129,-0.000169137,0.0053630853,0.0003826445,-0.0007186803,0.0017612072,0.0,-0.15194678,0.0003384709,-0.0002896314,-0.0021424298,-0.03965477,-0.002459065
2549,-0.013436284,0.0,-0.00043736555,0.11501491,0.0011349958,-0.0024328914,0.005297659,-0.0051013334,0.009314994,-0.00094848796,0.0001492801,-0.00011040977,0.0,0.0,0.0,-0.0029003767,0.0029231743,-0.00010618098,0.0,0.00077767106,0.0027645868,0.00024205932,-0.00012462793,-0.16328587,0.012023058,-0.0010697764,-0.0007841112,-0.0012661478,-0.0067092148,0.00068117527,-0.0010217775,0.00016566459,0.0025634265,-0.034661297,-0.0031239418,-0.0006745928,-0.15615335,-0.040844884,-0.021661349,-0.00095420436,0.0,0.0,-0.1365051,-0.3043036,0.0020655552,-0.005869464,0.0,-0.0017187139,3.3630393e-05,-0.018798552,-0.03480998,-0.000169137,0.0053630853,0.0003826445,-0.0007186803,0.0017612072,0.0,-0.15015286,0.0003384709,-0.0002896314,-0.0021424298,-0.04201585,-0.00077575585
2650,-0.00032088952,0.0,-0.00043736555,0.08496796,0.0011349958,-0.0023874808,-0.06013844,-0.005386394,-0.018518753,-0.0011947682,0.0001492801,-0.00011040977,0.0,0.0,0.0,-0.0029003767,0.000116347626,-0.00010618098,0.0,0.0028339603,0.0027645868,0.0012648392,-0.0007265513,-0.12749329,0.00943147,-0.0013676862,0.0015546875,-0.0018472747,-0.0029655478,0.00068117527,9.699457e-05,-0.00034665375,-0.0003888607,0.076693185,0.012525845,0.0033276365,-0.09627349,-0.025932152,-0.0158996,-0.00095420436,0.0,0.0,-0.0905751,-0.20258303,0.010554878,-0.0048646173,0.0,-0.0023439266,3.3630393e-05,-0.17030846,-0.03102253,-0.000169137,0.006047063,0.0003826445,-0.0029831724,0.0017612072,0.0,-0.14598072,0.0015618203,-0.0002896314,-0.0015737796,0.0694644,-0.000600734
2651,-0.00032088952,0.0,-0.00043736555,0.08496796,0.0011349958,-0.0005878034,-0.06495716,-0.0052281036,0.004791912,-0.00094848796,0.0001492801,-0.00011040977,0.0,0.0,0.0,-0.0029003767,0.005166751,-0.00010618098,0.0,0.0028339603,0.0027645868,0.0012648392,0.005947278,-0.14432181,0.009723532,-0.0013676862,-0.00449361,-0.0018472747,-0.0029655478,0.00068117527,-0.009770084,-0.00034665375,-0.0003888607,0.0037430697,0.012114231,-0.0014931285,-0.09906767,-0.030146502,-0.018893177,-0.00095420436,0.0,0.0,-0.08627683,-0.22469074,0.010554878,-0.005869464,0.0,-0.0017187139,3.3630393e-05,-0.16175735,-0.03580192,-0.000169137,0.006047063,0.0003826445,-0.0029831724,0.0017612072,0.0,-0.14498416,0.0015618203,-0.0002896314,-0.00027650304,0.03800374,-0.000600734
2652,-0.00032088952,0.0,-0.00043736555,0.08496796,0.0011349958,-0.0005878034,-0.0615556,-0.005386394,-0.022514831,-0.0015233477,0.0001492801,-0.00011040977,0.0,0.0,0.0,-0.0029003767,-0.0005809805,-0.00010618098,0.0,0.0028339603,0.0027645868,-0.00014776754,0.005947278,-0.12401275,0.00943147,-0.0013676862,-0.00449361,-0.0018472747,-0.0029655478,0.00068117527,0.001439382,-0.00034665375,-0.0003888607,0.0039300625,0.00880548,-0.0014931285,-0.102145806,-0.03140644,-0.020235565,-0.00095420436,0.0,0.0,-0.08871355,-0.22402954,0.010554878,-0.0029840842,0.0,-0.0023439266,3.3630393e-05,-0.16641428,-0.032229103,-0.000169137,0.006047063,0.0003826445,-0.0029831724,0.0017612072,0.0,-0.14498416,0.0015618203,-0.0002896314,-0.00027650304,0.03800374,-0.000600734
2653,-0.00032088952,0.0,-0.00043736555,0.08496796,0.0011349958,-0.0005878034,-0.06495716,-0.005386394,-0.00084958534,-0.00094848796,0.0001492801,-0.00011040977,0.0,0.0,0.0,-0.0029003767,0.000116347626,-0.00010618098,0.0,0.0028339603,0.0027645868,0.0012648392,0.005947278,-0.14337887,0.009723532,-0.0013676862,-0.00449361,-0.0018472747,-0.0029655478,0.00068117527,0.001439382,-0.00034665375,-0.0003888607,0.0039300625,0.00880548,-0.0014931285,-0.101977035,-0.03140644,-0.020235565,-0.00095420436,0.0,0.0,-0.08809568,-0.22620854,0.010554878,-0.0048646173,0.0,-0.0017187139,3.3630393e-05,-0.165641,-0.032229103,-0.000169137,0.006047063,0.0003826445,-0.0029831724,0.0017612072,0.0,-0.14498416,0.0015618203,-0.0002896314,-0.00027650304,0.03800374,-0.000600734
2654,-0.0006173031,0.0,-0.00043736555,0.09569685,0.0011349958,-0.0024328914,-0.0572506,-0.005386394,-0.022514831,-0.0015233477,0.0001492801,-0.00011040977,0.0,0.0,0.0,-0.0029003767,-0.0005809805,-0.00010618098,0.0,0.00077767106,0.0027645868,0.0012648392,0.005947278,-0.13141604,0.00943147,-0.0016298512,-0.00449361,-0.0012661478,-0.0067092148,0.00068117527,-0.009770084,-0.0018722179,-8.170852e-05,-0.032773737,0.00880548,0.00063123147,-0.10391076,-0.03300594,-0.018893177,-0.00095420436,0.0,0.0,-0.09561471,-0.24122882,0.0020655552,-0.0029840842,0.0,-0.0023439266,3.3630393e-05,-0.1615674,-0.03102253,-0.000169137,0.006047063,0.0003826445,-0.0007186803,0.0017612072,0.0,-0.14598072,0.0003384709,-0.0002896314,-0.0021424298,-0.041187268,-0.000600734
2655,-0.00032088952,0.0,-0.00043736555,0.057280976,0.0011349958,-0.0005878034,-0.06495716,-0.00035521225,0.028341666,-0.00094848796,0.0001492801,-0.00011040977,0.0,0.0,0.0,5.8168927e-05,0.007916533,-0.00010618098,0.0,0.0028339603,0.0027645868,-0.00014776754,-0.0007265513,-0.1492792,0.009723532,-0.0013676862,0.0015546875,-0.0018472747,-0.0029655478,0.00068117527,0.001439382,-0.0026545175,-0.0003888607,0.0037430697,0.020897018,-0.0014931285,-0.09448665,-0.028014442,-0.015568521,-0.0018545807,0.0,0.0,-0.07518186,-0.22321825,0.010554878,-0.005869464,0.0,-0.0017187139,3.3630393e-05,-0.17451613,-0.047730107,-0.000169137,0.006047063,0.0021184068,-0.0029831724,0.0017612072,0.0,-0.14498416,0.0015618203,-0.0002896314,-0.00027650304,0.045687057,0.007856567
2656,-0.00032088952,0.0,-0.00043736555,0.057280976,0.0011349958,-0.0005878034,-0.06495716,-0.0052281036,0.020850252,-0.00094848796,0.0001492801,-0.00011040977,0.0,0.0,0.0,-0.0029003767,0.005166751,-0.00010618098,0.0,0.0028339603,0.0027645868,0.0012648392,-0.0007265513,-0.1516978,0.009723532,-0.0013676862,0.0015546875,-0.0018472747,-0.0029655478,0.00068117527,9.699457e-05,-0.00015609548,-0.0003888607,0.0037430697,0.020897018,-0.0014931285,-0.09448665,-0.028265316,-0.014226134,-0.00095420436,0.0,0.0,-0.07551227,-0.2185075,0.010554878,-0.005869464,0.0,-0.0017187139,3.3630393e-05,-0.17472683,-0.035969008,-0.000169137,0.006047063,0.0021184068,-0.0029831724,0.0017612072,0.0,-0.14498416,0.0015618203,-0.0002896314,-0.00027650304,0.045687057,0.007856567
2657,-0.00032088952,0.0,-0.00043736555,0.0057335855,0.0011349958,-0.0005878034,0.0024471153,-0.004943043,0.03039741,-0.00094848796,0.0001492801,-0.00011040977,0.0,0.0,0.0,-0.0029003767,0.008237085,-0.00010618098,0.0,0.0028339603,0.0027645868,0.0012648392,-0.0007265513,-0.17738385,0.009723532,-0.0013676862,0.0015546875,-0.0018472747,-0.0029655478,0.00068117527,0.001439382,-0.00015609548,-0.0003888607,0.0041612876,0.020897018,-0.0014931285,-0.102826945,-0.03235494,-0.015568521,-0.0018545807,0.0,0.0,-0.09479197,-0.23169352,0.010554878,-0.005869464,0.0,-0.0017187139,3.3630393e-05,-0.1816782,-0.05041723,-0.000169137,0.006047063,0.0021184068,-0.0029831724,0.0017612072,0.0,-0.15272795,0.0015618203,-0.0002896314,-0.00027650304,0.045687057,0.008336948
2658,-0.00032088952,0.0,-0.00043736555,0.057280976,0.0011349958,-0.0005878034,-0.06495716,-0.00035521225,0.028341666,-0.00094848796,0.0001492801,-0.00011040977,0.0,0.0,0.0,5.8168927e-05,0.007916533,-0.00010618098,0.0,0.0028339603,0.0027645868,-0.00014776754,0.005947278,-0.1492792,0.009723532,-0.0013676862,0.0015546875,-0.0018472747,-0.0029655478,0.00068117527,0.001439382,-0.0026545175,-0.0003888607,0.0037430697,0.020897018,0.0033276365,-0.09448665,-0.031155568,-0.020235565,-0.0018545807,0.0,0.0,-0.08617632,-0.22681424,0.010554878,-0.005869464,0.0,-0.0017187139,3.3630393e-05,-0.16958341,-0.047007818,-0.000169137,0.006047063,0.0003826445,-0.0029831724,0.0017612072,0.0,-0.14498416,0.0015618203,-0.0002896314,-0.00027650304,0.048589468,0.007856567
2659,0.0022451698,0.0,-0.00021911915,0.05310262,0.0035988744,-0.0005764565,0.012573112,0.0003939881,0.047477104,-0.0017007211,-0.0013338625,-0.0005678988,0.0,0.0,0.0,7.6855475e-05,0.012249091,0.004774069,0.0,0.000813175,0.010697728,0.0062615187,-0.002811506,0.20393054,0.023546476,-0.00057398435,0.0004254509,-0.0033326228,-0.0019172976,0.0025939085,0.006623803,-0.00064060173,-0.00010926255,0.0045504156,0.0066954717,-0.00023897382,0.11876891,-0.008522666,-0.009671301,-0.00057256105,0.0,0.0,0.12627745,0.25947163,0.0029716336,-0.0027196133,0.0,-0.0016048701,-5.609441e-05,-0.5422225,-0.019048134,-0.00073358836,0.025014887,0.0023351966,-0.00090175366,0.008281928,0.0,-0.48395526,0.0008040952,0.00012986774,-0.0011075733,0.013340509,0.004141545
2660,-0.00032088952,0.0,-0.00043736555,0.08496796,0.0011349958,-0.0005878034,-0.06495716,-0.005386394,-0.00084958534,-0.00094848796,0.0001492801,0.0011245208,0.0,0.0,0.0,-0.0029003767,0.000116347626,-0.00010618098,0.0,0.0028339603,0.0027645868,-0.00014776754,0.005947278,-0.14337887,0.009723532,-0.0013676862,0.0015546875,-0.0018472747,-0.0029655478,0.00068117527,0.001439382,-0.00034665375,-0.0003888607,0.0039300625,0.012525845,-0.0014931285,-0.100055955,-0.03140644,-0.020235565,-0.00095420436,0.0,0.0,-0.09027887,-0.22375742,0.010554878,-0.0048646173,0.0,-0.0017187139,3.3630393e-05,-0.16667952,-0.032229103,-0.000169137,0.006047063,0.0003826445,-0.0029831724,0.0017612072,0.0,-0.1440359,0.0015618203,-0.0002896314,-0.00027650304,0.03800374,-0.000600734
2661,-0.00032088952,0.0,-0.00043736555,0.08496796,0.0011349958,-0.0005878034,-0.011389883,-0.0051013334,0.001008458,-0.00094848796,0.0001492801,-0.00011040977,0.0,0.0,0.0,-0.0029003767,0.005487303,-0.00010618098,0.0,0.0028339603,0.0027645868,-1.7201775e-05,0.005947278,-0.15342146,0.009723532,-0.0013676862,0.0015546875,-0.0018472747,-0.0029655478,0.00068117527,0.001439382,-0.0018722179,-0.0003888607,0.003775353,0.015834596,-0.0014931285,-0.10234017,-0.034563527,-0.020235565,-0.00095420436,0.0,0.0,-0.10002538,-0.23446926,0.010554878,-0.0048646173,0.0,-0.0017187139,3.3630393e-05,-0.17563638,-0.032229103,-0.000169137,0.006047063,0.0003826445,-0.0029831724,0.0017612072,0.0,-0.15076843,0.0015618203,-0.0002896314,-0.00027650304,0.03800374,-0.000600734
2662,-0.0006173031,0.0,-0.00043736555,0.09569685,0.0011349958,-0.0024328914,-0.0572506,-0.005386394,-0.03991397,-0.0023805688,0.0001492801,-0.00011040977,0.0,0.0,0.0,-0.0029003767,-0.0005809805,-0.000383359,0.0,0.00077767106,0.0027645868,-0.00014776754,0.005947278,-0.116143495,0.009342003,-0.0016298512,-0.00449361,-0.0012661478,-0.0067092148,0.00068117527,0.001439382,-0.00034665375,-8.170852e-05,-0.032773737,0.00880548,0.00063123147,-0.10475233,-0.034265883,-0.020235565,-0.00095420436,0.0,0.0,-0.09590615,-0.23511425,0.0020655552,-0.0029840842,0.0,-0.0023439266,3.3630393e-05,-0.16546077,-0.03102253,-0.000169137,0.006047063,0.0003826445,-0.0007186803,0.0017612072,0.0,-0.14334846,0.0003384709,-0.0002896314,0.023437351,-0.038349133,-0.0008492158
2663,-0.00032088952,0.0,-0.00043736555,0.057280976,0.0011349958,-0.0005878034,-0.06495716,-0.0052281036,0.020850252,-0.00094848796,0.0001492801,-0.00011040977,0.0,0.0,0.0,-0.0029003767,0.005166751,-0.00010618098,0.0,0.0028339603,0.0027645868,-0.00014776754,-0.0007265513,-0.15044859,0.009723532,-0.0013676862,0.0015546875,-0.0018472747,-0.0029655478,0.00068117527,0.001439382,-0.0026545175,-0.0003888607,0.0037430697,0.020897018,-0.0014931285,-0.09448665,-0.028265316,-0.017241988,-0.00095420436,0.0,0.0,-0.08627683,-0.21605638,0.010554878,-0.005869464,0.0,-0.0017187139,3.3630393e-05,-0.17451613,-0.03645329,-0.000169137,0.006047063,0.0003826445,-0.0029831724,0.0017612072,0.0,-0.14498416,0.0015618203,-0.0002896314,-0.00027650304,0.045687057,0.007856567
2664,-0.00032088952,0.0,-0.00043736555,0.08496796,0.0011349958,-0.0005878034,-0.0615556,-0.005386394,-0.02112507,-0.0015233477,0.0001492801,-0.00011040977,0.0,0.0,0.0,-0.0029003767,-0.0007389754,-0.00010618098,0.0,0.0028339603,0.0027645868,0.0012648392,-0.0007265513,-0.11911785,-0.120658346,-0.0013676862,0.0015546875,-0.0018472747,-0.0029655478,0.00068117527,9.699457e-05,-0.00034665375,-0.0003888607,0.0039300625,0.012525845,-0.0014931285,-0.08403818,-0.026543785,-0.014173215,-0.00095420436,0.0,0.0,-0.07349684,-0.18735239,0.010554878,-0.0029840842,0.0,-0.0023439266,3.3630393e-05,-0.13948388,-0.032229103,-0.000169137,0.006047063,0.0003826445,-0.0029831724,0.0017612072,0.0,-0.11905592,0.0015618203,-0.0002896314,-0.0015737796,0.03800374,-0.000600734
2665,-0.00032088952,0.0,-0.00043736555,0.0057335855,0.00045964296,-0.0005878034,0.0024471153,-7.015175e-05,0.03039741,-0.00094848796,0.0001492801,-0.00011040977,0.0,0.0,0.0,5.8168927e-05,0.008237085,-0.00010618098,0.0,0.0028339603,0.0027645868,0.0012648392,-0.0007265513,-0.17738385,0.009723532,-0.0013676862,0.0015546875,-0.0018472747,-0.0029655478,0.0025939085,0.001439382,-2.3254252e-06,-0.0003888607,0.0041612876,0.020897018,-0.0014931285,-0.102826945,-0.019276684,-0.015568521,-0.0018545807,0.0,0.0,-0.09310597,-0.23708253,0.010554878,-0.005869464,0.0,-0.0017187139,3.3630393e-05,-0.1816782,-0.049733534,-0.000169137,0.006047063,0.0021184068,-0.0029831724,0.0017612072,0.0,-0.1537245,0.0015618203,-0.0002896314,-0.0015737796,0.0455077,0.008336948
2666,0.0009975372,0.0,-0.00021911915,0.013475686,-0.0015572418,-0.0005878034,-0.026903113,0.0018623496,0.05932807,-0.0015476837,0.0020317135,-0.00011040977,0.0,0.0,0.0,5.8168927e-05,0.013277123,0.003786572,0.0,0.0028339603,0.0054325443,-5.0971445e-05,-0.0007265513,0.19569626,0.014048633,-0.0007578493,0.0015546875,-0.00403825,-0.0024775872,0.0025939085,0.0011486147,-0.00030037045,-0.00010926255,0.0070607024,0.020897018,-0.0019030209,-0.07900701,-0.006560685,-0.017636888,-0.0010590283,0.0,0.0,-0.018650383,-0.14629123,0.010554878,-0.0060794763,0.0,-0.0016048701,3.3630393e-05,-0.22278407,-0.030261455,-0.00073358836,0.016116448,0.0023351966,-0.0029831724,0.0017612072,0.0,-0.22233182,0.0015618203,-0.0002896314,0.0005038524,0.035773586,0.00931485
2667,-0.0007153209,0.0,-0.00043736555,0.09569685,0.0011349958,-0.0024328914,-0.055618964,-0.005386394,-0.051015925,-0.0035073415,0.0001492801,-0.00011040977,0.0,0.0,0.0,-0.0029003767,-0.014810901,0.0004158025,0.0,0.00077767106,0.0027645868,0.0012648392,0.005947278,-0.09919655,0.009017081,-0.0016298512,0.0015546875,-0.0012661478,-0.0067092148,0.00068117527,9.699457e-05,-0.00015609548,-8.170852e-05,-0.032773737,0.012525845,0.00063123147,-0.10311409,-0.034265883,-0.018893177,-0.00095420436,0.0,0.0,-0.093467996,-0.23700629,0.0020655552,-0.003557119,0.0,-0.0023439266,3.3630393e-05,-0.16751449,-0.03102253,-0.000169137,0.006047063,0.0003826445,-0.0007186803,0.0017612072,0.0,-0.1439259,0.0003384709,-0.0002896314,-0.0021424298,-0.041187268,-0.0008492158
2668,0.0009975372,0.0,-0.000347743,0.012336742,-0.0015572418,-0.0005878034,-0.090823635,-0.00035521225,0.047424998,-0.0012851702,0.0020317135,-0.00011040977,0.0,0.0,0.0,5.8168927e-05,0.010241479,0.0039152983,0.0,0.0028339603,0.0054325443,-5.0971445e-05,-0.0007265513,0.11192276,0.01286333,-0.00082366617,0.0015546875,-0.0026148865,-0.0024165986,0.0025939085,0.001439382,0.00017365097,-0.0003888607,0.0035714982,0.020897018,-0.0019030209,-0.087946646,-0.0034035987,-0.017636888,-0.0010590283,0.0,0.0,-0.017962541,-0.21660495,0.010554878,-0.0060794763,0.0,-0.0016048701,3.3630393e-05,-0.19863516,-0.03711431,-0.00073358836,0.012015789,0.0023351966,-0.0029831724,0.0017612072,0.0,-0.15989904,0.0015618203,-0.0002896314,-0.00079342426,0.04337421,0.007856567
2669,-0.00032088952,0.0,-0.00043736555,0.0057335855,0.0011349958,-0.0005878034,-0.063447595,0.0018623496,0.029196003,-0.00094848796,0.0001492801,-0.00011040977,0.0,0.0,0.0,5.8168927e-05,0.007916533,-0.00010618098,0.0,0.0028339603,0.0027645868,0.0012648392,-0.0007265513,-0.1671699,0.009723532,-0.0013676862,0.0015546875,-0.0018472747,-0.0029655478,0.00068117527,9.699457e-05,-2.3254252e-06,-0.0003888607,0.0037430697,0.020897018,-0.0014931285,-0.09448665,-0.028014442,-0.014226134,-0.0018545807,0.0,0.0,-0.07890899,-0.22564378,0.010554878,-0.005869464,0.0,-0.0017187139,3.3630393e-05,-0.17489645,-0.05041723,-0.000169137,0.006047063,0.0021184068,-0.0029831724,0.0017612072,0.0,-0.14576028,0.0015618203,-0.0002896314,-0.00027650304,0.0455077,0.007856567
2670,-0.00032088952,0.0,-0.00043736555,0.08496796,0.0011349958,-0.0005878034,-0.06495716,-0.005386394,-0.00084958534,-0.00094848796,0.0001492801,-0.00011040977,0.0,0.0,0.0,-0.0029003767,0.000116347626,-0.00010618098,0.0,0.0028339603,0.0027645868,0.0012648392,-0.0007265513,-0.14462808,0.009723532,-0.0013676862,-0.00449361,-0.0018472747,-0.0029655478,0.00068117527,9.699457e-05,-0.00015609548,-0.0003888607,0.0039300625,0.00880548,-0.0014931285,-0.10059955,-0.028265316,-0.0158996,-0.00095420436,0.0,0.0,-0.08809568,-0.21808594,0.010554878,-0.0048646173,0.0,-0.0017187139,3.3630393e-05,-0.1735433,-0.032229103,-0.000169137,0.006047063,0.0003826445,-0.0029831724,0.0017612072,0.0,-0.14498416,0.0015618203,-0.0002896314,-0.00027650304,0.03800374,-0.000600734
2671,-0.00032088952,0.0,-0.00043736555,0.08496796,0.0011349958,-0.0023874808,-0.008362111,-0.004943043,0.021859227,-0.00094848796,0.0001492801,-0.00011040977,0.0,0.0,0.0,-0.0029003767,0.008237085,-0.00010618098,0.0,0.0028339603,0.0027645868,0.0012648392,-0.0007265513,-0.15746257,0.009723532,-0.0013676862,-0.00449361,-0.0018472747,-0.0029655478,0.00068117527,0.001439382,-0.00015609548,-0.0003888607,0.07650619,0.017176652,0.0033276365,-0.093611814,-0.028838363,-0.017241988,-0.00095420436,0.0,0.0,-0.10380415,-0.21277219,0.010554878,-0.005869464,0.0,-0.0017187139,3.3630393e-05,-0.18137494,-0.03799868,-0.000169137,0.006047063,0.0003826445,-0.0029831724,0.0017612072,0.0,-0.15076843,0.0015618203,-0.0002896314,-0.00027650304,0.0694644,0.0045236587
2672,-0.00032088952,0.0,-0.00043736555,0.08496796,0.0011349958,-0.0005878034,-0.06495716,-0.0052281036,-0.00084958534,-0.00094848796,0.0001492801,-0.00011040977,0.0,0.0,0.0,-0.0029003767,0.000116347626,-0.00010618098,0.0,0.0028339603,0.0027645868,-0.00014776754,-0.0007265513,-0.14462808,0.009723532,-0.0013676862,-0.00449361,-0.0018472747,-0.0029655478,0.00068117527,0.001439382,-0.00015609548,-0.0003888607,0.0037430697,0.00880548,0.0033276365,-0.10057085,-0.028265316,-0.017241988,-0.00095420436,0.0,0.0,-0.086031735,-0.213759,0.010554878,-0.0048646173,0.0,-0.0017187139,3.3630393e-05,-0.17458183,-0.03102253,-0.000169137,0.006047063,0.0003826445,-0.0029831724,0.0017612072,0.0,-0.14598072,0.0015618203,-0.0002896314,-0.0015737796,0.04090615,-0.000600734
2673,-0.00032088952,0.0,-0.00043736555,0.08496796,0.0011349958,-0.0005878034,-0.0615556,-0.005386394,-0.022514831,-0.0015233477,0.0001492801,-0.00011040977,0.0,0.0,0.0,-0.0029003767,0.000116347626,-0.00010618098,0.0,0.0028339603,0.0027645868,-0.00014776754,-0.0007265513,-0.12401275,0.00943147,-0.0013676862,-0.00449361,-0.0018472747,-0.0029655478,0.00068117527,9.699457e-05,-0.00034665375,-0.0003888607,0.0039300625,0.00880548,-0.0014931285,-0.102145806,-0.028265316,-0.0158996,-0.00095420436,0.0,0.0,-0.08871355,-0.2184295,0.010554878,-0.0038095862,0.0,-0.0023439266,3.3630393e-05,-0.17134698,-0.032229103,-0.000169137,0.006047063,0.0003826445,-0.0029831724,0.0017612072,0.0,-0.14498416,0.0015618203,-0.0002896314,-0.00027650304,0.03800374,-0.000600734
2674,-0.0006173031,0.0,-0.00043736555,0.10892736,0.0011349958,-0.0024328914,0.0049239425,-0.0051013334,0.00035182145,-0.00094848796,0.0001492801,-0.00011040977,0.0,0.0,0.0,-0.0029003767,0.00043689966,-0.00010618098,0.0,0.00077767106,0.0027645868,0.0012648392,0.005947278,-0.16099612,0.009723532,-0.0016298512,-0.00449361,-0.0012661478,-0.0067092148,0.00068117527,0.001439382,-0.00034665375,-8.170852e-05,-0.034183692,0.0053126537,0.00063123147,-0.114584185,-0.03860638,-0.020235565,-0.00095420436,0.0,0.0,-0.113117985,-0.25490823,0.0020655552,-0.0048646173,0.0,-0.0017187139,3.3630393e-05,-0.17242278,-0.03102253,-0.000169137,0.006047063,0.0003826445,-0.0007186803,0.0017612072,0.0,-0.15195182,0.0003384709,-0.0002896314,-0.0008451531,-0.03894159,-0.000120353536
2675,-0.00032088952,0.0,-0.00043736555,0.057280976,0.0011349958,-0.0005878034,-0.06495716,-0.00035521225,0.029196003,-0.00094848796,0.0001492801,-0.00011040977,0.0,0.0,0.0,5.8168927e-05,0.007916533,-0.00010618098,0.0,0.0028339603,0.0027645868,-0.00014776754,-0.0007265513,-0.15030253,0.009723532,-0.0013676862,0.0015546875,-0.0018472747,-0.0029655478,0.00068117527,0.001439382,-0.00015609548,-0.0003888607,0.0037430697,0.020897018,-0.0014931285,-0.09448665,-0.028014442,-0.015568521,-0.0018545807,0.0,0.0,-0.07518186,-0.22321825,0.010554878,-0.005869464,0.0,-0.0017187139,3.3630393e-05,-0.17576535,-0.04881032,-0.000169137,0.006047063,0.0021184068,-0.0029831724,0.0017612072,0.0,-0.14498416,0.0015618203,-0.0002896314,-0.00027650304,0.045687057,0.007856567
2676,-0.00032088952,0.0,-0.00043736555,0.08496796,0.0011349958,-0.0005878034,-0.06495716,-0.00035521225,0.023160184,-0.00094848796,0.0001492801,-0.00011040977,0.0,0.0,0.0,5.8168927e-05,0.007916533,-0.00010618098,0.0,0.0028339603,0.0027645868,0.0012648392,0.0044394606,-0.14376369,0.009723532,-0.0013676862,0.0015546875,-0.0018472747,-0.0029655478,0.00068117527,9.699457e-05,-0.0018722179,-0.0003888607,0.0037430697,0.020897018,-0.0014931285,-0.09473524,-0.031155568,-0.018893177,-0.0018545807,0.0,0.0,-0.08424991,-0.22780931,0.010554878,-0.005869464,0.0,-0.0017187139,3.3630393e-05,-0.16887254,-0.041172937,-0.000169137,0.006047063,0.0003826445,-0.0029831724,0.0017612072,0.0,-0.14598072,0.0015618203,-0.0002896314,-0.0015737796,0.03800374,0.0045236587
2677,-0.00032088952,0.0,-0.00043736555,0.057280976,0.0011349958,-0.0005878034,-0.06495716,-0.0052281036,0.020850252,-0.00094848796,0.0001492801,-0.00011040977,0.0,0.0,0.0,-0.0029003767,0.005166751,-0.00010618098,0.0,0.0028339603,0.0027645868,-0.00014776754,-0.0007265513,-0.1516978,0.009723532,-0.0013676862,0.0015546875,-0.0018472747,-0.0029655478,0.00068117527,0.001439382,-0.00015609548,-0.0003888607,0.0037430697,0.020897018,-0.0014931285,-0.09448665,-0.028265316,-0.017241988,-0.00095420436,0.0,0.0,-0.08627683,-0.21605638,0.010554878,-0.005869464,0.0,-0.0017187139,3.3630393e-05,-0.17576535,-0.03645329,-0.000169137,0.006047063,0.0003826445,-0.0029831724,0.0017612072,0.0,-0.14498416,0.0015618203,-0.0002896314,-0.00027650304,0.045687057,0.007856567
2678,-0.00032088952,0.0,-0.00043736555,0.057280976,0.0011349958,-0.0005878034,-0.026004842,-0.00035521225,0.030204978,-0.00094848796,0.0001492801,-0.00011040977,0.0,0.0,0.0,5.8168927e-05,0.008159469,-0.00010618098,0.0,0.0028339603,0.0027645868,0.0012648392,-0.0007265513,-0.16051649,0.009723532,-0.0013676862,0.0015546875,-0.0018472747,-0.0029655478,0.00068117527,0.001439382,-0.00015609548,-0.0003888607,0.0037430697,0.020897018,-0.0014931285,-0.09448665,-0.031171527,-0.017241988,-0.0018545807,0.0,0.0,-0.09175996,-0.23658474,0.010554878,-0.005869464,0.0,-0.0017187139,3.3630393e-05,-0.17923728,-0.049294606,-0.000169137,0.006047063,0.0003826445,-0.0029831724,0.0017612072,0.0,-0.1492807,0.0015618203,-0.0002896314,-0.0015737796,0.045687057,0.007856567
2679,-0.00032088952,0.0,-0.00043736555,0.057280976,0.0011349958,-0.0005878034,-0.06495716,-0.0052281036,-5.1638926e-07,-0.00094848796,0.0001492801,-0.00011040977,0.0,0.0,0.0,-0.0029003767,0.005166751,-0.00010618098,0.0,0.0028339603,0.0027645868,-0.00014776754,-0.0007265513,-0.1493343,0.009723532,-0.0013676862,0.0015546875,-0.0018472747,-0.0029655478,0.00068117527,0.001439382,-0.0018722179,-0.0003888607,0.0037430697,0.015834596,-0.0014931285,-0.10115614,-0.028265316,-0.017241988,-0.00095420436,0.0,0.0,-0.0864515,-0.21640247,0.010554878,-0.0048646173,0.0,-0.0017187139,3.3630393e-05,-0.17392094,-0.032880474,-0.000169137,0.006047063,0.0003826445,-0.0029831724,0.0017612072,0.0,-0.14498416,0.0015618203,-0.0002896314,-0.00027650304,0.045687057,0.0027321742
2680,-0.00032088952,0.0,-0.00043736555,0.08496796,0.0011349958,-0.0005878034,-0.06495716,-0.005386394,-0.00084958534,-0.00094848796,0.0001492801,-0.00011040977,0.0,0.0,0.0,-0.0029003767,0.000116347626,-0.00010618098,0.0,0.0028339603,0.0027645868,-0.00014776754,-0.0007265513,-0.14462808,0.009723532,-0.0013676862,0.0015546875,-0.0018472747,-0.0029655478,0.00068117527,9.699457e-05,-0.00015609548,-0.0003888607,0.0039300625,0.012525845,-0.0024697937,-0.09867847,-0.028265316,-0.0158996,-0.00095420436,0.0,0.0,-0.086031735,-0.21563482,0.010554878,-0.0048646173,0.0,-0.0017187139,3.3630393e-05,-0.17458183,-0.03102253,-0.000169137,0.006047063,0.0003826445,-0.0029831724,0.0017612072,0.0,-0.14598072,0.0015618203,-0.0002896314,-0.0015737796,0.03800374,-0.000600734
2681,-0.00032088952,0.0,-0.00043736555,0.057280976,0.0011349958,-0.0005878034,-0.06495716,-0.005386394,0.020850252,-0.00094848796,0.0001492801,-0.00011040977,0.0,0.0,0.0,-0.0029003767,0.005166751,-0.00010618098,0.0,0.0028339603,0.0027645868,-0.00014776754,-0.0007265513,-0.15044859,0.009723532,-0.0013676862,0.0015546875,-0.0018472747,-0.0029655478,0.00068117527,0.001439382,-0.0018722179,-0.0003888607,0.0039300625,0.020897018,-0.0024697937,-0.09589283,-0.028265316,-0.017241988,-0.00095420436,0.0,0.0,-0.08650673,-0.21605638,0.010554878,-0.005869464,0.0,-0.0017187139,3.3630393e-05,-0.17392094,-0.03524672,-0.000169137,0.006047063,0.0003826445,-0.0029831724,0.0017612072,0.0,-0.14498416,0.0015618203,-0.0002896314,-0.00027650304,0.045687057,0.007856567
2682,-0.00032088952,0.0,-0.00043736555,0.08496796,0.0011349958,-0.0005878034,-0.06495716,-0.005386394,-0.00084958534,-0.00094848796,0.0001492801,-0.00011040977,0.0,0.0,0.0,-0.0029003767,0.000116347626,-0.00010618098,0.0,0.0028339603,0.0027645868,-0.00014776754,-0.0007265513,-0.14337887,0.009723532,-0.0013676862,0.0015546875,-0.0018472747,-0.0029655478,0.00068117527,0.001439382,-0.0018722179,-0.0003888607,0.0039300625,0.012525845,-0.0014931285,-0.100055955,-0.028265316,-0.017241988,-0.00095420436,0.0,0.0,-0.08809568,-0.21563482,0.010554878,-0.0048646173,0.0,-0.0017187139,3.3630393e-05,-0.17273742,-0.032229103,-0.000169137,0.006047063,0.0003826445,-0.0029831724,0.0017612072,0.0,-0.14498416,0.0015618203,-0.0002896314,-0.00027650304,0.03800374,-0.000600734
2683,-0.00032088952,0.0,-0.00043736555,0.08496796,0.0011349958,-0.0023874808,-0.06192939,-0.005386394,-0.00084958534,-0.00094848796,0.0001492801,-0.00011040977,0.0,0.0,0.0,-0.0029003767,0.005166751,-0.00010618098,0.0,0.0028339603,0.0027645868,-0.00014776754,-0.0007265513,-0.14505646,0.009723532,-0.0013676862,-0.00449361,-0.0018472747,-0.0029655478,0.00068117527,0.001439382,-0.0026545175,-0.0003888607,0.076693185,0.012114231,0.0033276365,-0.09664831,-0.025932152,-0.017241988,-0.00095420436,0.0,0.0,-0.090636365,-0.19748117,0.010554878,-0.0048646173,0.0,-0.0017187139,3.3630393e-05,-0.1733326,-0.03102253,-0.000169137,0.006047063,0.0003826445,-0.0029831724,0.0017612072,0.0,-0.14498416,0.0015618203,-0.0002896314,-0.00027650304,0.0694644,-0.000600734
2684,-0.00032088952,0.0,-0.00043736555,0.057280976,0.0011349958,-0.0005878034,-0.06495716,-0.0052281036,0.023160184,-0.00094848796,0.0001492801,-0.00011040977,0.0,0.0,0.0,-0.0029003767,0.007916533,-0.00010618098,0.0,0.0028339603,0.0027645868,0.0012648392,-0.0007265513,-0.15113968,0.009723532,-0.0013676862,0.0015546875,-0.0018472747,-0.0029655478,0.00068117527,0.001439382,-0.00015609548,-0.0003888607,0.0037430697,0.020897018,-0.0014931285,-0.09448665,-0.028014442,-0.017241988,-0.0018545807,0.0,0.0,-0.08607487,-0.2183068,0.010554878,-0.005869464,0.0,-0.0017187139,3.3630393e-05,-0.17472683,-0.041824307,-0.000169137,0.006047063,0.0003826445,-0.0029831724,0.0017612072,0.0,-0.14498416,0.0015618203,-0.0002896314,-0.00027650304,0.045687057,0.007856567
2685,-0.0007153209,0.0,-0.00043736555,0.09569685,0.0011349958,-0.0024328914,-0.055618964,-0.005386394,-0.051015925,-0.0035073415,0.0001492801,-0.00011040977,0.0,0.0,0.0,-0.0029003767,-0.014810901,0.0004158025,0.0,0.00077767106,0.0027645868,0.0012648392,0.005947278,-0.097947344,0.009017081,-0.0016298512,-0.00449361,-0.0012661478,-0.0067092148,0.00068117527,9.699457e-05,-0.00034665375,-8.170852e-05,-0.032773737,0.00880548,0.00063123147,-0.10641266,-0.034265883,-0.018893177,-0.00095420436,0.0,0.0,-0.093467996,-0.23965703,0.0020655552,-0.003557119,0.0,-0.0023439266,3.3630393e-05,-0.16454493,-0.03102253,-0.000169137,0.006047063,0.0003826445,-0.0007186803,0.0017612072,0.0,-0.1439259,0.0003384709,-0.0002896314,-0.0021424298,-0.041187268,-0.0008492158
2686,-0.00032088952,0.0,-0.00043736555,0.08496796,0.0011349958,-0.0005878034,-0.06495716,-0.0052281036,-0.00084958534,-0.00094848796,0.0001492801,0.0011245208,0.0,0.0,0.0,-0.0029003767,0.000116347626,-0.00010618098,0.0,0.0028339603,0.0027645868,0.0012648392,0.005947278,-0.14337887,0.009723532,-0.0013676862,-0.00449361,-0.0018472747,-0.0029655478,0.00068117527,9.699457e-05,-0.00034665375,-0.0003888607,0.0037430697,0.00880548,-0.0014931285,-0.101948336,-0.03140644,-0.018893177,-0.00095420436,0.0,0.0,-0.09027887,-0.22620854,0.010554878,-0.0048646173,0.0,-0.0017187139,3.3630393e-05,-0.165641,-0.032229103,-0.000169137,0.006047063,0.0003826445,-0.0029831724,0.0017612072,0.0,-0.1440359,0.0015618203,-0.0002896314,-0.00027650304,0.03800374,-0.000600734
2687,-0.00032088952,0.0,-0.00043736555,0.08496796,0.0011349958,-0.0005878034,-0.026004842,-0.005386394,0.00015938879,-0.00094848796,0.0001492801,-0.00011040977,0.0,0.0,0.0,-0.0029003767,0.00035928312,-0.00010618098,0.0,0.0028339603,0.0027645868,0.0012648392,-0.0007265513,-0.15359282,0.009723532,-0.0013676862,0.0015546875,-0.0018472747,-0.0029655478,0.00068117527,0.001439382,-0.0018722179,-0.0003888607,0.0039300625,0.012525845,-0.0024697937,-0.100055955,-0.0314224,-0.017241988,-0.00095420436,0.0,0.0,-0.09413912,-0.22900131,0.010554878,-0.0048646173,0.0,-0.0017187139,3.3630393e-05,-0.17620936,-0.03102253,-0.000169137,0.006047063,0.0003826445,-0.0029831724,0.0017612072,0.0,-0.1492807,0.0015618203,-0.0002896314,-0.0015737796,0.03800374,-0.000600734
2688,-0.00032088952,0.0,-0.00043736555,0.08496796,0.0011349958,-0.0005878034,-0.06495716,-0.0052281036,-0.00084958534,-0.00094848796,0.0001492801,-0.00011040977,0.0,0.0,0.0,-0.0029003767,0.000116347626,-0.00010618098,0.0,0.0028339603,0.0027645868,0.0012648392,0.005947278,-0.14337887,0.009723532,-0.0013676862,-0.00449361,-0.0018472747,-0.0029655478,0.00068117527,0.001439382,-0.0018722179,-0.0003888607,0.0037430697,0.00880548,0.0033276365,-0.101948336,-0.03140644,-0.020235565,-0.00095420436,0.0,0.0,-0.08832558,-0.22168198,0.010554878,-0.0048646173,0.0,-0.0017187139,3.3630393e-05,-0.16676618,-0.03102253,-0.000169137,0.006047063,0.0003826445,-0.0029831724,0.0017612072,0.0,-0.14498416,0.0015618203,-0.0002896314,-0.00027650304,0.04090615,-0.000600734
2689,-0.00032088952,0.0,-0.00043736555,0.09150306,0.0011349958,-0.0005878034,-0.06495716,-0.0052281036,-0.00084958534,-0.00094848796,0.0001492801,-0.00011040977,0.0,0.0,0.0,-0.0029003767,0.000116347626,-0.00010618098,0.0,0.0028339603,0.0027645868,-0.00014776754,-0.0007265513,-0.14337887,0.009723532,-0.0013676862,-0.00449361,-0.0018472747,-0.0029655478,0.00068117527,0.001439382,-0.0018722179,-0.0003888607,0.0037430697,0.0053126537,0.0034365826,-0.101948336,-0.028265316,-0.017241988,-0.00095420436,0.0,0.0,-0.08773024,-0.21292542,0.010554878,-0.0048646173,0.0,-0.0017187139,3.3630393e-05,-0.17273742,-0.03102253,-0.000169137,0.006047063,0.0003826445,-0.0029831724,0.0017612072,0.0,-0.14498416,0.0015618203,-0.0002896314,-0.00027650304,0.03632601,-0.000600734
2690,-0.00032088952,0.0,-0.00043736555,0.0057335855,0.0011349958,-0.0005878034,-0.06495716,-0.0052281036,0.020850252,-0.00094848796,0.0001492801,-0.00011040977,0.0,0.0,0.0,-0.0029003767,0.005166751,-0.00010618098,0.0,0.0028339603,0.0027645868,0.0012648392,-0.0007265513,-0.16856515,0.009723532,-0.0013676862,0.0015546875,-0.0018472747,-0.0029655478,0.00068117527,9.699457e-05,-0.00015609548,-0.0003888607,0.0037430697,0.020897018,-0.0014931285,-0.09448665,-0.028265316,-0.014226134,-0.00095420436,0.0,0.0,-0.07551227,-0.2185075,0.010554878,-0.005869464,0.0,-0.0017187139,3.3630393e-05,-0.17489645,-0.03757592,-0.000169137,0.006047063,0.0021184068,-0.0029831724,0.0017612072,0.0,-0.14576028,0.0015618203,-0.0002896314,-0.00027650304,0.045687057,0.007856567
2691,-0.00032088952,0.0,-0.00043736555,0.0057335855,0.0011349958,-0.0005878034,-0.06495716,-0.00035521225,0.029196003,-0.00094848796,0.0001492801,-0.00011040977,0.0,0.0,0.0,5.8168927e-05,0.007916533,-0.00010618098,0.0,0.0028339603,0.0027645868,-0.00014776754,-0.0007265513,-0.1671699,0.009723532,-0.0013676862,0.0015546875,-0.0018472747,-0.0029655478,0.00068117527,0.001439382,-0.00015609548,-0.0003888607,0.0037430697,0.020897018,-0.0024697937,-0.09448665,-0.028014442,-0.015568521,-0.0018545807,0.0,0.0,-0.07541176,-0.22321825,0.010554878,-0.005869464,0.0,-0.0017187139,3.3630393e-05,-0.17593497,-0.049210656,-0.000169137,0.006047063,0.0021184068,-0.0029831724,0.0017612072,0.0,-0.14576028,0.0015618203,-0.0002896314,-0.00027650304,0.045687057,0.007856567
2692,-0.00032088952,0.0,-0.00043736555,0.057280976,0.0011349958,-0.0005878034,-0.06495716,-0.00035521225,0.029196003,-0.00094848796,0.0001492801,-0.00011040977,0.0,0.0,0.0,5.8168927e-05,0.007916533,-0.00010618098,0.0,0.0028339603,0.0027645868,0.0012648392,0.005947278,-0.14905332,0.009723532,-0.0013676862,0.0015546875,-0.0018472747,-0.0029655478,0.00068117527,9.699457e-05,-0.0018722179,-0.0003888607,0.0037430697,0.020897018,-0.0014931285,-0.09586413,-0.031155568,-0.018893177,-0.0018545807,0.0,0.0,-0.08594642,-0.23114122,0.010554878,-0.005869464,0.0,-0.0017187139,3.3630393e-05,-0.1679497,-0.049294606,-0.000169137,0.006047063,0.0003826445,-0.0029831724,0.0017612072,0.0,-0.14498416,0.0015618203,-0.0002896314,-0.00027650304,0.045687057,0.007856567
2693,-0.00032088952,0.0,-0.00043736555,0.0058743893,0.00045964296,-0.0005878034,-0.026706377,-0.00035521225,0.033111006,-0.0010915437,-0.00040794368,-0.00011040977,0.0,0.0,0.0,5.8168927e-05,0.008159469,-0.00013837314,0.0,0.0028339603,0.0027645868,-0.00014776754,-0.0007265513,-0.1767095,0.009973242,-0.0013018694,0.0015546875,-0.0018472747,-0.0031397871,0.00068117527,0.0011486147,-0.00047634685,-0.00010926255,0.004742746,0.020897018,-0.0014931285,-0.09448665,-0.030357203,-0.015568521,-0.0018545807,0.0,0.0,-0.083545335,-0.15287894,0.010554878,-0.005869464,0.0,-0.0017187139,3.3630393e-05,-0.18947372,-0.05075488,-0.000169137,0.010147721,0.0021184068,-0.0029831724,0.0017612072,0.0,-0.18273251,0.0015618203,-0.0002896314,-0.00027650304,0.039175607,0.00931485
2694,-0.00032088952,0.0,-0.00043736555,0.0057335855,0.00045964296,-0.0005878034,-0.06495716,-0.0052281036,0.020850252,-0.00094848796,-0.00040794368,-0.00011040977,0.0,0.0,0.0,-0.0029003767,0.005166751,-0.00010618098,0.0,0.0028339603,0.0027645868,-0.00014776754,-0.0007265513,-0.1678908,0.009723532,-0.0013676862,0.0015546875,-0.0018472747,-0.0029655478,0.0025939085,0.001439382,-2.3254252e-06,-0.0003888607,0.0037430697,0.020897018,-0.0014931285,-0.09448665,-0.01518706,-0.015568521,-0.00095420436,0.0,0.0,-0.07347452,-0.21408284,0.010554878,-0.005869464,0.0,-0.0017187139,3.3630393e-05,-0.17593497,-0.03689222,-0.000169137,0.006047063,0.0021184068,-0.0029831724,0.0017612072,0.0,-0.14675684,0.0015618203,-0.0002896314,-0.0015737796,0.0455077,0.007856567
2695,-0.0006173031,0.0,-0.00043736555,0.10892736,0.0011349958,-0.0024328914,0.0051941806,-0.004943043,-0.019233387,-0.0011947682,0.0001492801,0.0011245208,0.0,0.0,0.0,-0.0029003767,0.00043689966,-0.00010618098,0.0,0.00077767106,0.0027645868,0.0012648392,0.005947278,-0.13683282,0.010383837,-0.0016298512,-0.00449361,-0.0012661478,-0.0067092148,0.00068117527,0.001439382,-0.00034665375,0.0025634265,-0.034370687,0.0053126537,0.00063123147,-0.11472426,-0.038420852,-0.020235565,-0.00095420436,0.0,0.0,-0.11362521,-0.25434434,0.0020655552,-0.0048646173,0.0,-0.0023439266,3.3630393e-05,-0.17215751,-0.03216042,-0.000169137,0.006047063,0.0003826445,-0.0007186803,0.0017612072,0.0,-0.15379405,0.0003384709,-0.0002896314,-0.0021424298,-0.043520086,-0.000120353536
2696,-0.00032088952,0.0,-0.00043736555,0.057280976,0.0011349958,-0.0005878034,-0.06495716,-0.005386394,-0.00084958534,-0.00094848796,0.0001492801,-0.00011040977,0.0,0.0,0.0,-0.0029003767,0.000116347626,-0.00010618098,0.0,0.0028339603,0.0027645868,0.0012648392,-0.0007265513,-0.15075485,0.009723532,-0.0013676862,0.0015546875,-0.0018472747,-0.0029655478,0.00068117527,9.699457e-05,-0.00015609548,-0.0003888607,0.0039300625,0.012525845,-0.0014931285,-0.09980736,-0.028265316,-0.0158996,-0.00095420436,0.0,0.0,-0.08809568,-0.2188536,0.010554878,-0.0048646173,0.0,-0.0017187139,3.3630393e-05,-0.17367694,-0.032880474,-0.000169137,0.006047063,0.0003826445,-0.0029831724,0.0017612072,0.0,-0.14498416,0.0015618203,-0.0002896314,-0.00027650304,0.045687057,0.0027321742
2697,-0.0006173031,0.0,-0.00043736555,0.09569685,0.0011349958,-0.0024328914,-0.0572506,-0.005386394,-0.022514831,-0.0015233477,0.0001492801,-0.00011040977,0.0,0.0,0.0,-0.0029003767,-0.0005809805,-0.00010618098,0.0,0.00077767106,0.0027645868,0.0012648392,0.005947278,-0.13141604,0.00943147,-0.0016298512,-0.00449361,-0.0012661478,-0.0067092148,0.00068117527,9.699457e-05,-0.0018722179,-8.170852e-05,-0.032773737,0.00880548,0.00063123147,-0.10641266,-0.034265883,-0.018893177,-0.00095420436,0.0,0.0,-0.09561471,-0.24240053,0.0020655552,-0.0029840842,0.0,-0.0023439266,3.3630393e-05,-0.16650094,-0.03102253,-0.000169137,0.006047063,0.0003826445,-0.0007186803,0.0017612072,0.0,-0.14598072,0.0003384709,-0.0002896314,-0.0021424298,-0.041187268,-0.000600734
2698,-0.00032088952,0.0,-0.00043736555,0.057280976,0.0011349958,-0.0005878034,-0.029677002,-0.0052281036,0.02935064,-0.00094848796,0.0001492801,-0.00011040977,0.0,0.0,0.0,-0.0029003767,0.008159469,-0.00010618098,0.0,0.0028339603,0.0027645868,-0.00014776754,-0.0007265513,-0.16074237,0.009723532,-0.0013676862,0.0015546875,-0.0018472747,-0.0029655478,0.0025939085,0.001439382,-2.3254252e-06,-0.0003888607,0.0037430697,0.020897018,-0.0014931285,-0.09448665,-0.017071517,-0.01544617,-0.0018545807,0.0,0.0,-0.082820356,-0.2247975,0.010554878,-0.005869464,0.0,-0.0004982132,3.3630393e-05,-0.1802758,-0.04704641,-0.000169137,0.006047063,0.0021184068,-0.0029831724,0.0017612072,0.0,-0.14644808,0.0015618203,-0.0002896314,-0.00027650304,0.044164848,0.007856567
2699,-0.00032088952,0.0,-0.00043736555,0.057280976,0.0011349958,-0.0005878034,-0.06495716,-0.0052281036,0.020850252,-0.00094848796,0.0001492801,-0.00011040977,0.0,0.0,0.0,-0.0029003767,0.005166751,-0.00010618098,0.0,0.0028339603,0.0027645868,0.0012648392,-0.0007265513,-0.1516978,0.009723532,-0.0013676862,0.0015546875,-0.0018472747,-0.0029655478,0.00068117527,9.699457e-05,-0.00015609548,-0.0003888607,0.0037430697,0.020897018,-0.0014931285,-0.09448665,-0.028265316,-0.014103783,-0.00095420436,0.0,0.0,-0.07321843,-0.2185075,0.010554878,-0.005869464,0.0,-0.0004982132,3.3630393e-05,-0.17472683,-0.035969008,-0.000169137,0.006047063,0.0021184068,-0.0029831724,0.0017612072,0.0,-0.14598072,0.0015618203,-0.0002896314,-0.0015737796,0.044344205,0.007856567
2700,0.0007641303,0.0,-0.004262907,-0.002622572,9.1980444e-05,0.00010407438,0.0063745105,-0.0051149926,0.08915917,-0.0012219193,7.8600875e-05,-3.711055e-05,0.0,0.0,0.0,-0.003933706,0.014236948,0.0003653857,0.0,0.0019207823,0.005150173,-0.018765066,-0.00016413136,-0.12621175,0.01960188,-0.00034581934,0.00027128475,-0.0012278282,-0.0023121953,0.0025939085,0.00064320455,0.0002799806,-0.0003888607,0.04881769,-0.0041575795,0.00017567351,-0.1673095,0.06151059,-0.015899595,0.023486953,0.0,0.0,0.14765571,-0.29604244,-0.010226449,-0.0032910951,0.0,0.00033950407,-0.000102375736,0.30615595,0.3039264,-5.143743e-05,0.0034846459,0.0023742486,-0.0029831724,0.0007052553,0.0,0.031620204,0.0016871544,0.0034124423,-0.0008271502,0.044288695,-0.0064119827
2701,0.0007641303,0.0,-0.004262907,-0.0026590568,9.1980444e-05,0.00010407438,0.0063745105,-0.0051149926,0.07740494,-0.0010788636,7.8600875e-05,-3.711055e-05,0.0,0.0,0.0,-0.003933706,0.014236948,0.0003653857,0.0,0.0019207823,0.005150173,-0.0011950623,-0.00016413136,-0.13049312,0.01960188,-0.00034581934,0.00027128475,-0.0012278282,-0.0023121953,0.0025939085,0.00064320455,0.0002799806,-0.0003888607,0.04881769,-0.0041575795,0.00017567351,-0.1673095,0.06151059,-0.015899595,0.023486953,0.0,0.0,0.15407167,-0.306163,-0.010226449,-0.0032910951,0.0,0.00033950407,-0.000102375736,0.3094171,0.2953093,-5.143743e-05,0.0034846459,0.0023742486,-0.0029831724,0.0007052553,0.0,0.031620204,0.0016871544,0.0034124423,-0.0008271502,0.049817897,-0.0035538897
2702,0.00068776385,0.0,-0.004262907,-0.0028430843,-0.0015572418,0.00010407438,-0.0070261937,-0.005005564,-0.10766854,-0.0016537235,0.0001492801,0.00017402662,0.0,0.0,0.0,-0.0029003767,-0.0021235137,0.0003653857,0.0,0.0019207823,0.0027645868,-0.0011950623,-0.00016413136,-0.1309937,-0.2158121,-0.00034581934,0.00027128475,-0.0012278282,-0.0023786237,0.0025939085,0.00064320455,0.0002799806,-0.0003888607,0.051999327,-0.0030900415,0.00017567351,-0.1144198,0.058029145,-0.010317462,0.010773737,0.0,0.0,-0.03295616,-0.22406887,-0.012199642,-0.00040571552,0.0,0.0009192057,-0.000102375736,0.26758596,0.23665242,-5.143743e-05,0.0034846459,0.0023742486,-0.0029831724,0.0007052553,0.0,0.022574125,0.0017262277,0.0034124423,-0.00080721156,0.050544444,-0.0018705805
2703,0.0016321953,0.0,-0.004262907,0.0009921114,9.1980444e-05,0.00010407438,0.013266869,-0.0050608106,0.08703136,-0.0011742385,7.8600875e-05,-3.711055e-05,0.0,0.0,0.0,-0.003933706,0.014236948,0.00033319354,0.0,0.0020798899,0.005150173,-0.0011950623,-0.00016413136,-0.124845535,0.02900055,0.0023439694,0.00014364651,-0.0012278282,-0.00197685,0.0025939085,0.0013542208,0.00024156096,-0.00010926255,0.0423363,-0.0019233547,0.00017567351,0.22208893,0.06151059,-0.015899595,0.0183049,0.0,0.0,0.14869767,-0.19727013,-0.008161688,-0.0032910951,0.0,0.00033950407,-0.000102375736,0.29705706,0.26529527,-5.143743e-05,0.0047884043,0.0023742486,-0.002017379,0.0016382465,0.0,0.04134246,0.0016871544,0.0034477208,-0.00077490025,0.031666756,-0.0041969083
2704,0.00068776385,0.0,-0.004262907,-0.0028250595,-0.0015572418,0.00010407438,-0.11517914,-0.0052906247,-0.031890582,-0.0010788636,0.0001492801,-1.7086602e-05,0.0,0.0,0.0,-0.0029003767,-0.0018137228,0.0003653857,0.0,0.0019207823,0.0027645868,-0.0011950623,-0.00012462793,-0.13999085,0.012707782,-0.00034581934,0.00027128475,-0.0012278282,-0.0024905729,0.0025939085,0.00036064323,0.0002799806,-0.0003888607,0.078696206,-0.004041997,0.00017567351,-0.15738986,-0.015814904,-0.015899595,0.010773737,0.0,0.0,-0.054251783,-0.28772,-0.012199642,-0.0024213523,0.0,0.00033950407,-0.000102375736,0.3199859,0.24533863,-5.143743e-05,0.0028246688,0.0023742486,-0.0029831724,0.0007052553,0.0,0.021696297,0.0017262277,0.0034124423,-0.00080721156,0.058986712,-0.0006354258
2705,0.00068776385,0.0,-0.004262907,-0.0028250595,-0.0015572418,0.00010407438,0.0059976666,-0.005005564,0.09747308,-0.0010788636,0.0001492801,0.00017402662,0.0,0.0,0.0,-0.0029003767,0.013941573,0.0003653857,0.0,0.0019207823,0.0027645868,-0.0011950623,-0.00012462793,-0.12631622,0.012707782,-0.00034581934,0.00027128475,-0.0012278282,-0.0024905729,0.0025939085,0.00036064323,0.0002799806,-0.0003888607,0.07728625,-0.0055571888,0.00017567351,-0.16335827,-0.026072038,-0.015899595,0.023486953,0.0,0.0,-0.060828432,-0.3034161,-0.012199642,-0.0034261993,0.0,0.00033950407,-0.000102375736,0.3308571,0.34440416,-5.143743e-05,0.0028246688,0.0023742486,-0.0029831724,0.0007052553,0.0,0.023536308,0.0017262277,0.0034124423,-0.00080721156,0.059474558,-0.0035538897
2706,0.0007641303,0.0,-0.004262907,-0.002622572,9.1980444e-05,0.00010407438,0.0063745105,-0.0051149926,0.00095752627,-0.0012219193,7.8600875e-05,-3.711055e-05,0.0,0.0,0.0,-0.003933706,-0.00018311781,0.0003653857,0.0,0.0019207823,0.005150173,-0.018765066,-0.00016413136,-0.1558962,0.01960188,-0.00034581934,0.00027128475,-0.0012278282,-0.0023121953,0.0025939085,0.00064320455,0.0002799806,-0.0003888607,0.04881769,-0.0026423875,0.00017567351,-0.16783497,0.065042965,-0.015899595,0.010773737,0.0,0.0,0.16563807,-0.299286,-0.010226449,-0.0032910951,0.0,0.00033950407,-0.000102375736,0.30615595,0.23498888,-5.143743e-05,0.0034846459,0.0023742486,-0.0029831724,0.0007052553,0.0,0.031061085,0.0016871544,0.0034124423,-0.000397236,0.044288695,-0.004728674
2707,0.00068776385,0.0,-0.004262907,-0.0028250595,-0.0015572418,0.00010407438,-0.047348868,-0.0052906247,0.00382264,-0.0010788636,0.0001492801,-1.7086602e-05,0.0,0.0,0.0,-0.0029003767,0.013863957,0.0003653857,0.0,0.0019207823,0.0027645868,-0.0011950623,-0.00012462793,-0.15233332,0.012707782,-0.00034581934,0.00027128475,-0.0012278282,-0.0024905729,0.0025939085,0.00036064323,0.0002799806,-0.0003888607,0.022269774,-0.0055571888,0.00017567351,-0.15703787,-0.03178108,-0.015899595,0.010773737,0.0,0.0,-0.0503773,-0.3066867,-0.012199642,-0.0034261993,0.0,0.00033950407,-0.000102375736,0.31674904,0.2799595,-5.143743e-05,0.0028246688,0.0023742486,-0.0029831724,0.0007052553,0.0,0.019332383,0.0017262277,0.0034124423,0.009067743,0.033059523,-0.002318735
2708,0.00068776385,0.0,-0.004262907,-0.0022805475,-0.0015572418,-0.0016956031,-0.0090382565,-0.005005564,-0.11708584,-0.0015233477,0.0001492801,-1.7086602e-05,0.0,0.0,0.0,-0.0029003767,-0.00847944,0.0003653857,0.0,0.0019207823,0.0027645868,0.00018847323,-0.00012462793,-0.13509692,-0.19368549,-0.00034581934,0.00027128475,-0.0011845727,-0.0024905729,0.0025939085,0.00055802165,0.0002799806,-0.0003888607,0.07728625,-0.0030900415,0.008582842,-0.110519074,-0.017102178,-0.010317462,0.010773737,0.0,0.0,-0.09565632,-0.22333345,-0.012199642,-0.0005408196,0.0,0.0008143381,-0.000102375736,0.26083544,0.26180178,-5.143743e-05,0.0028246688,0.0023073244,-0.0029831724,0.0007052553,0.0,0.01934284,0.0017262277,0.0034124423,-0.00080721156,0.06342087,-0.0018705805
2709,0.0003913503,0.0,-0.004262907,0.00026052538,0.0011349958,-0.0017410136,-0.08745317,-0.0052906247,-0.08569053,-0.00094848796,0.0001492801,-1.7086602e-05,0.0,0.0,0.0,-0.0029003767,-0.013108017,0.0003653857,0.0,-0.00013550714,0.0027645868,5.7907477e-05,-0.00012462793,-0.11137739,-0.24095753,-0.0006079843,0.00027128475,-0.0006362637,-0.0062342407,0.00068117527,0.00055802165,0.0002799806,-8.170852e-05,-0.026117673,-0.0030900415,-0.0010633336,-0.10301171,-0.035066687,-0.011162465,0.010773737,0.0,0.0,-0.086537324,-0.23012191,-0.003172952,-0.0024213523,0.0,0.00023463639,-0.000102375736,0.2737608,0.26150846,-2.64441e-05,0.0008280608,0.0005715623,-0.0007186803,0.0007052553,0.0,0.017600682,0.00050287833,0.0034124423,-0.0013758617,-0.041256163,-0.0006354258
2710,0.0003913503,0.0,-0.004262907,-0.00045861123,0.0011349958,-0.0017410136,-0.07619129,-0.0052906247,-0.060763065,-0.00094848796,0.0001492801,0.00017402662,0.0,0.0,0.0,-0.0029003767,-0.01225093,0.0003653857,0.0,-0.00013550714,0.0027645868,0.00018847323,-0.00012462793,-0.17926799,0.012052478,0.0061644185,-0.0007841112,-0.0006362637,-0.0062342407,0.00068117527,0.00055802165,0.0002799806,-8.170852e-05,-0.02660601,-0.002025891,-0.0010633336,-0.17510673,-0.04050417,-0.020689998,0.010773737,0.0,0.0,-0.13270083,-0.33627158,-0.003172952,-0.004133501,0.0,0.00023463639,-0.000102375736,0.10742456,0.26150846,-2.64441e-05,0.0008280608,0.0005715623,-0.0007186803,0.0007052553,0.0,0.020335937,0.00050287833,0.0034124423,-0.0015094636,-0.04089153,-0.0006354258
2711,0.0007641303,0.0,-0.004262907,-0.0026590568,9.1980444e-05,0.00010407438,0.008791965,-0.0051149926,0.07740494,-0.0010788636,7.8600875e-05,-3.711055e-05,0.0,0.0,0.0,-0.003933706,0.014236948,0.0003653857,0.0,0.0019207823,0.005150173,-0.018765066,-0.00016413136,-0.13049312,0.01960188,-0.00034581934,0.00027128475,-0.0012278282,-0.0023121953,0.0025939085,0.0007649927,0.0002799806,-0.0003888607,0.06852912,-0.0041575795,0.00017567351,-0.16335827,0.06151059,-0.015899595,0.023486953,0.0,0.0,0.14298898,-0.3036874,-0.010226449,-0.0032910951,0.0,0.00033950407,-0.000102375736,0.30840525,0.2953093,-5.143743e-05,0.0034846459,0.0023742486,-0.0029831724,0.0007052553,0.0,0.03155931,0.0016871544,0.0034124423,-0.0008271502,0.05590213,-0.0035538897
2712,0.0003913503,0.0,-0.00043736555,-0.0007891356,0.0011349958,-0.0017410136,-0.02860586,-0.0052906247,-0.024200778,-0.00094848796,0.0001492801,0.00017402662,0.0,0.0,0.0,-0.0029003767,-0.011218298,0.0003653857,0.0,-0.00013550714,0.0027645868,5.7907477e-05,-0.00012462793,-0.19301078,0.012052478,0.0061644185,-0.0007841112,-0.0006362637,-0.0062342407,0.00068117527,0.00055802165,0.0002799806,0.0025634265,-0.026880318,-0.004493038,-0.0010633336,-0.17657423,-0.05104578,-0.020689998,0.010773737,0.0,0.0,-0.14673495,-0.36270338,-0.003172952,-0.005138348,0.0,0.00023463639,-0.000102375736,0.014218239,0.28517443,-2.64441e-05,0.0008280608,0.0005715623,-0.0007186803,0.0007052553,0.0,0.012313568,0.00050287833,0.0034124423,-0.0020471164,-0.04476515,-0.002318735
2713,0.00068776385,0.0,-0.004262907,-0.0028250595,-0.0015572418,0.00010407438,0.0059976666,-0.005005564,0.09747308,-0.0010788636,0.0001492801,0.00017402662,0.0,0.0,0.0,-0.0029003767,0.013941573,0.0003653857,0.0,0.0019207823,0.0027645868,-0.018765066,-0.00012462793,-0.12579834,0.012707782,0.002634492,0.00027128475,-0.0012278282,-0.0024905729,0.0025939085,0.00048243144,0.0002799806,-0.0003888607,0.07728625,-0.0055571888,0.00017567351,-0.16335827,-0.026072038,-0.015899595,0.023486953,0.0,0.0,-0.06734461,-0.3033058,-0.012199642,-0.0034261993,0.0,0.00033950407,-0.000102375736,0.32482448,0.34440416,-5.143743e-05,0.0028246688,0.0023742486,-0.0029831724,0.0007052553,0.0,0.023375176,0.0017262277,0.0034124423,-0.0006067374,0.05857671,-0.0035538897
2714,0.00068776385,0.0,-0.004262907,-0.0028250595,-0.0015572418,0.00010407438,0.0059976666,-0.005005564,0.08692146,-0.0010788636,0.0001492801,-1.7086602e-05,0.0,0.0,0.0,-0.0029003767,0.013941573,0.0003653857,0.0,0.0019207823,0.0027645868,-0.018765066,-0.00012462793,-0.12866828,0.012707782,0.002634492,0.00027128475,-0.0012278282,-0.0024905729,0.0025939085,0.00036064323,0.0002799806,-0.0003888607,0.07728625,-0.0055571888,0.00017567351,-0.16295177,-0.026072038,-0.015899595,0.023486953,0.0,0.0,-0.06714883,-0.3027713,-0.012199642,-0.0034261993,0.0,0.00033950407,-0.000102375736,0.32111347,0.33578706,-5.143743e-05,0.0028246688,0.0023742486,-0.0029831724,0.0007052553,0.0,0.020212837,0.0017262277,0.0034124423,0.009067743,0.053540207,-0.0035538897
2715,0.00068776385,0.0,-0.004262907,-0.0028250595,-0.0015572418,0.00010407438,-0.111777574,-0.0052906247,-0.11107665,-0.0020301153,0.0001492801,0.00017402662,0.0,0.0,0.0,-0.0029003767,-0.0041578338,0.0003653857,0.0,0.0019207823,0.0027645868,-0.0011950623,-0.00012462793,-0.09356925,-0.24561857,-0.00034581934,0.00027128475,-0.0012278282,-0.0024905729,0.0025939085,0.00036064323,0.0002799806,-0.0003888607,0.078696206,-0.0030900415,0.00017567351,-0.09413293,-0.01037742,-0.010317462,0.010773737,0.0,0.0,-0.030098818,-0.19262147,-0.012199642,-0.0005408196,0.0,0.0009192057,-0.000102375736,0.2633848,0.24533863,-5.143743e-05,0.0028246688,0.0023742486,-0.0029831724,0.0007052553,0.0,0.018669691,0.0017262277,0.0034124423,-0.00080721156,0.058986712,-0.0006354258
2716,0.0003913503,0.0,-0.004262907,-0.00045861123,0.0011349958,-0.0017410136,-0.07278972,-0.0052906247,-0.086683415,-0.0018997398,0.0001492801,0.00017402662,0.0,0.0,0.0,-0.0029003767,-0.013805345,0.0003653857,0.0,-0.00013550714,0.0027645868,5.7907477e-05,-0.00012462793,-0.11439063,-0.23339666,-0.0010697764,-0.0007841112,-0.0006362637,-0.0062342407,0.00068117527,-0.00078436575,0.0002799806,0.0025634265,-0.026451299,-0.002025891,-0.0010633336,-0.11184979,-0.035066687,-0.013765477,0.010773737,0.0,0.0,-0.09229773,-0.24134576,-0.003172952,-0.0022529678,0.0,-0.0008292156,-0.000102375736,0.10381708,0.26150846,-2.64441e-05,0.0008280608,0.0005715623,-0.0007186803,0.0007052553,0.0,0.017505128,0.00050287833,0.0034124423,-0.0017099378,-0.04462209,-0.0006354258
2717,0.0003913503,0.0,-0.004262907,-0.0020701298,0.0011349958,-0.0017410136,-0.006181158,-0.005005564,-0.08242186,-0.00094848796,0.0001492801,-1.7086602e-05,0.0,0.0,0.0,-0.0029003767,-0.011930378,0.0003653857,0.0,-0.00013550714,0.0027645868,-0.0015644145,-0.00012462793,-0.17394386,0.012052478,-0.0006079843,-0.0007841112,-0.0006362637,-0.0062342407,0.00068117527,0.00036064323,0.0002799806,-8.170852e-05,-0.02768234,-0.0018175049,-0.0010633336,-0.17588253,-0.054396752,-0.016744599,0.010773737,0.0,0.0,-0.15056446,-0.34587234,-0.003172952,-0.0024213523,0.0,0.00023463639,-0.000102375736,0.2792739,0.26150846,-2.64441e-05,0.0008280608,0.0005715623,-0.0007186803,0.0007052553,0.0,0.02130379,0.00050287833,0.0034124423,-0.0013758617,-0.042625643,-0.0018705805
2718,0.00068776385,0.0,-0.004262907,-0.0028250595,-0.0015572418,0.00010407438,-0.027522646,-0.005005564,0.00382264,-0.0010788636,0.0001492801,-1.7086602e-05,0.0,0.0,0.0,-0.0029003767,0.013941573,0.0003653857,0.0,0.0019207823,0.0027645868,-0.0011950623,-0.00012462793,-0.15131912,0.012707782,-0.00034581934,0.00027128475,-0.0012278282,-0.0024905729,0.0025939085,0.00036064323,0.0002799806,-0.0003888607,0.078696206,-0.0055571888,0.00017567351,-0.16073325,-0.029447917,-0.015899595,0.010773737,0.0,0.0,-0.055843797,-0.3034161,-0.012199642,-0.0034261993,0.0,0.00033950407,-0.000102375736,0.32068664,0.2799595,-5.143743e-05,0.0028246688,0.0023742486,-0.0029831724,0.0007052553,0.0,0.022980541,0.0017262277,0.0034124423,-0.00080721156,0.058986712,-0.002318735
2719,0.0003913503,0.0,-0.00043736555,-0.0007891356,0.0011349958,-0.0017410136,-0.07619129,-0.0052906247,-0.06283032,-0.00094848796,0.0001492801,-1.7086602e-05,0.0,0.0,0.0,-0.0029003767,-0.013108017,0.0003653857,0.0,-0.00013550714,0.0027645868,0.00018847323,-0.00012462793,-0.13046825,-0.24095753,0.0061644185,-0.0007841112,-0.0006362637,-0.0062342407,0.00068117527,0.00055802165,0.0002799806,0.0025634265,-0.027035026,-0.002025891,-0.0010633336,-0.117045246,-0.035507657,-0.0151078645,0.010773737,0.0,0.0,-0.09358142,-0.25630692,-0.003172952,-0.004133501,0.0,0.00023463639,-0.000102375736,0.011245638,0.26150846,-2.64441e-05,0.0008280608,0.0005715623,-0.0007186803,0.0007052553,0.0,0.00912958,0.00050287833,0.0034124423,-0.0020471164,-0.04476515,-0.0006354258
2720,0.00068776385,0.0,-0.004262907,-0.0028250595,-0.0015572418,0.00010407438,0.0059976666,-0.005005564,0.09747308,-0.0010788636,0.0001492801,0.00017402662,0.0,0.0,0.0,-0.0029003767,0.013941573,0.0003653857,0.0,0.0019207823,0.0027645868,-0.018765066,-0.00012462793,-0.12579834,0.012707782,0.002634492,0.00027128475,-0.0012278282,-0.0024905729,0.0025939085,0.00048243144,0.0002799806,-0.0003888607,0.07728625,-0.0055571888,0.00017567351,-0.16335827,-0.026072038,-0.015899595,0.023486953,0.0,0.0,-0.06724439,-0.3033058,-0.012199642,-0.0034261993,0.0,0.00033950407,-0.000102375736,0.32482448,0.34440416,-5.143743e-05,0.0028246688,0.0023742486,-0.0029831724,0.0007052553,0.0,0.023475414,0.0017262277,0.0034124423,-0.00080721156,0.05857671,-0.0035538897
2721,0.00068776385,0.0,-0.004262907,-0.0028250595,-0.0015572418,-0.0016956031,-0.0051508024,-0.005005564,-0.10193101,-0.001325144,0.0001492801,-1.7086602e-05,0.0,0.0,0.0,-0.0029003767,-0.0014261855,0.0003653857,0.0,0.0019207823,0.0027645868,-0.0011950623,-0.00012462793,-0.14134969,-0.1939549,-0.00034581934,0.00027128475,-0.0012278282,-0.0024905729,0.0025939085,0.00036064323,0.0002799806,-0.0003888607,0.07728625,-0.0030900415,0.00017567351,-0.11586513,-0.017102178,-0.010317462,0.010773737,0.0,0.0,-0.0328606,-0.22814319,-0.012199642,-0.0024213523,0.0,0.0009192057,-0.000102375736,0.26479736,0.24533863,-5.143743e-05,0.0008280608,0.0023742486,-0.0029831724,0.0007052553,0.0,0.021027839,0.0017262277,0.0034124423,-0.00080721156,0.06409575,-0.0018705805
2722,0.00068776385,0.0,-0.004262907,-0.0028250595,-0.0015572418,0.00010407438,-0.00875727,-0.005005564,-0.073004566,-0.0010788636,0.0001492801,0.00017402662,0.0,0.0,0.0,-0.0029003767,-0.0012681908,0.0003653857,0.0,0.0019207823,0.0027645868,-0.018765066,-0.00012462793,-0.163148,0.012707782,-0.00034581934,0.00027128475,-0.0012278282,-0.0023679452,0.0025939085,0.00048243144,0.0002799806,-0.0003888607,0.07728625,-0.0030900415,0.00017567351,-0.16725498,-0.02253966,-0.015899595,0.010773737,0.0,0.0,-0.06718945,-0.3100472,-0.012199642,-0.0024213523,0.0,0.00033950407,-0.000102375736,0.27696133,0.24533863,-5.143743e-05,0.0008280608,0.0023742486,-0.0029831724,0.0007052553,0.0,0.023240289,0.0017262277,0.0034124423,-0.0006067374,0.06103107,-0.0018705805
2723,0.0003913503,0.0,-0.004262907,-0.00045861123,0.0011349958,-0.0017410136,-0.02860586,-0.0052906247,-0.024200778,-0.00094848796,0.0001492801,0.00017402662,0.0,0.0,0.0,-0.0029003767,-0.011218298,0.0003653857,0.0,-0.00013550714,0.0027645868,0.00018847323,-0.00012462793,-0.19042489,0.012052478,0.0061644185,-0.0007841112,-0.0006362637,-0.0062342407,0.00068117527,0.00036064323,0.0002799806,0.0025634265,-0.02660601,-0.004493038,-0.0010633336,-0.1711595,-0.05060481,-0.020689998,0.010773737,0.0,0.0,-0.14454663,-0.35260364,-0.003172952,-0.005138348,0.0,0.00023463639,-0.000102375736,0.081713304,0.28517443,-2.64441e-05,0.0008280608,0.0005715623,-0.0007186803,0.0007052553,0.0,0.020684434,0.00050287833,0.0034124423,-0.0015094636,-0.044390734,-0.002318735
2724,0.0003913503,0.0,-0.004262907,-0.00045861123,0.0011349958,-0.0017410136,-0.07278972,-0.0052906247,-0.079833634,-0.0015233477,0.0001492801,-1.7086602e-05,0.0,0.0,0.0,-0.0029003767,-0.013106253,0.0003653857,0.0,-0.00013550714,0.0027645868,-0.0015644145,-0.00012462793,-0.15154526,-0.19368549,-0.0010697764,-0.0007841112,-0.0006362637,-0.0062342407,0.00068117527,0.00036064323,0.0002799806,0.0025634265,-0.02660601,-0.002025891,-0.0010633336,-0.1182698,-0.035066687,-0.0151078645,0.010773737,0.0,0.0,-0.09191073,-0.2462264,-0.003172952,-0.0022529678,0.0,0.0008143381,-0.000102375736,0.10467537,0.26150846,-2.64441e-05,0.0008280608,0.0005715623,-0.0007186803,0.0007052553,0.0,0.017600682,0.00050287833,0.0034124423,-0.0017099378,-0.04462209,-0.0006354258
2725,0.00068776385,0.0,-0.004262907,-0.0028250595,-0.0015572418,0.00010407438,-0.0046371273,-0.005005564,0.004015072,-0.0010788636,0.0001492801,-1.7086602e-05,0.0,0.0,0.0,-0.0029003767,-0.00047849328,0.0003653857,0.0,0.0019207823,0.0027645868,-0.0011950623,-0.00012462793,-0.15600067,0.012707782,-0.00034581934,0.00027128475,-0.0012278282,-0.0024905729,0.0025939085,0.00036064323,0.0002799806,-0.0003888607,0.07728625,-0.0055571888,0.00017567351,-0.16335827,-0.02253966,-0.015899595,0.010773737,0.0,0.0,-0.05445995,-0.30665973,-0.012199642,-0.0034261993,0.0,0.00033950407,-0.000102375736,0.32068664,0.26900464,-5.143743e-05,0.0028246688,0.0023742486,-0.0029831724,0.0007052553,0.0,0.023531627,0.0017262277,0.0034124423,-0.0006067374,0.059474558,-0.0035538897
2726,0.0003913503,0.0,-0.00043736555,-0.0007891356,0.0011349958,-0.0017410136,0.019738248,-0.005005564,0.08684213,-0.00094848796,0.0001492801,0.00017402662,0.0,0.0,0.0,-0.0029003767,0.019093398,0.0003653857,0.0,-0.00013550714,0.0027645868,0.0003072973,-0.00012462793,-0.16040678,0.021870296,0.0061644185,-0.0007841112,-0.0006362637,-0.006111613,0.00068117527,0.00055802165,0.0002799806,0.0025634265,-0.033752378,-0.004493038,-0.0010633336,-0.18643938,-0.04779355,-0.020689998,0.023486953,0.0,0.0,-0.13880838,-0.36702606,-0.003172952,-0.005138348,0.0,0.00023463639,-0.000102375736,0.013929187,0.4044199,-2.64441e-05,0.0008280608,0.0005715623,-0.0007186803,0.0007052553,0.0,0.012675814,0.00050287833,0.0034124423,-0.0020471164,-0.04613463,-0.0035538897
2727,0.00068776385,0.0,-0.004262907,-0.0022805475,-0.0015572418,0.00010407438,-0.0061309296,-0.005005564,-0.08242186,-0.00094848796,0.0001492801,0.00017402662,0.0,0.0,0.0,-0.0029003767,-0.0076241167,0.0003653857,0.0,0.0019207823,0.0027645868,-0.006826531,-0.00012462793,-0.16782956,0.012052478,-0.00034581934,0.00027128475,-0.0011845727,-0.0024905729,0.0025939085,0.00036064323,0.0002799806,-0.0003888607,0.07728625,-0.0030900415,0.008582842,-0.16725498,-0.02253966,-0.015899595,0.010773737,0.0,0.0,-0.13055448,-0.309925,-0.012199642,-0.0024213523,0.0,0.00023463639,-0.000102375736,0.27497736,0.26180178,-5.143743e-05,0.0008280608,0.0023073244,-0.0029831724,0.0007052553,0.0,0.02215167,0.0017262277,0.0034124423,-0.0006067374,0.061518915,-0.0018705805
2728,0.00068776385,0.0,-0.004262907,-0.0028250595,-0.0015572418,-0.0016956031,0.0056090876,-0.005005564,0.09747308,-0.0010788636,0.0001492801,-1.7086602e-05,0.0,0.0,0.0,-0.0029003767,0.013941573,0.0003653857,0.0,0.0019207823,0.0027645868,-0.018765066,-0.00012462793,-0.1267048,0.012707782,-0.00034581934,0.00027128475,-0.0012278282,-0.0023679452,0.0025939085,0.00048243144,0.0002799806,-0.0003888607,0.07728625,-0.0055571888,0.00017567351,-0.16335827,-0.026072038,-0.015899595,0.023486953,0.0,0.0,-0.06724907,-0.30353832,-0.012199642,-0.0034261993,0.0,0.00033950407,-0.000102375736,0.3275482,0.34440416,-5.143743e-05,0.0008280608,0.0023742486,-0.0029831724,0.0007052553,0.0,0.02340942,0.0017262277,0.0034124423,-0.0006067374,0.06409575,-0.0035538897
2729,0.00029333256,0.0,-0.00043736555,-0.0007891356,0.0011349958,-0.0017410136,-0.07115808,-0.0052906247,-0.103989504,-0.0035073415,0.0001492801,0.00017402662,0.0,0.0,0.0,-0.0029003767,-0.023902463,0.0008873691,0.0,-0.00013550714,0.0027645868,0.00018847323,-0.00012462793,-0.1024424,-0.2272646,0.0061644185,-0.0007841112,-0.0006362637,-0.0062342407,0.00068117527,0.00055802165,0.0002799806,0.0025634265,-0.027195258,-0.002025891,-0.0010633336,-0.11721402,-0.035507657,-0.0151078645,0.010773737,0.0,0.0,-0.09214814,-0.25263155,-0.003172952,-0.0028260027,0.0,0.0008143381,3.3630393e-05,0.011249517,0.26150846,-2.64441e-05,0.0008280608,0.0005715623,-0.0007186803,0.0007052553,0.0,0.008981263,0.00050287833,0.0034124423,-0.0020471164,-0.04476515,-0.00014842558
2730,0.0003913503,0.0,-0.00043736555,-0.0007891356,0.0011349958,-0.0017410136,-0.02860586,-0.0052906247,-0.024200778,-0.00094848796,0.0001492801,0.00017402662,0.0,0.0,0.0,-0.0029003767,-0.011218298,0.0003653857,0.0,-0.00013550714,0.0027645868,5.7907477e-05,-0.00012462793,-0.19301078,0.012052478,0.0061644185,-0.0007841112,-0.0006362637,-0.0062342407,0.00068117527,0.00055802165,0.0002799806,0.0025634265,-0.026880318,-0.004493038,-0.0010633336,-0.17657423,-0.05104578,-0.020689998,0.010773737,0.0,0.0,-0.14683521,-0.36270338,-0.003172952,-0.005138348,0.0,0.00023463639,-0.000102375736,0.014218239,0.28517443,-2.64441e-05,0.0008280608,0.0005715623,-0.0007186803,0.0007052553,0.0,0.01221333,0.00050287833,0.0034124423,-0.0018466422,-0.04476515,-0.002318735
2731,0.0003913503,0.0,-0.004262907,-0.00045861123,0.0011349958,-0.0017410136,0.0050807325,-0.005005564,-0.058712598,-0.00094848796,0.0001492801,0.00017402662,0.0,0.0,0.0,-0.0029003767,-0.011140682,0.0003653857,0.0,-0.00013550714,0.0027645868,5.7907477e-05,-0.00012462793,-0.1902775,0.012052478,0.0061644185,-0.0007841112,-0.0006362637,-0.006111613,0.00068117527,0.00055802165,0.0002799806,0.0025634265,-0.027861254,-0.0029778462,-0.0010633336,-0.18497188,-0.054396752,-0.020689998,0.010773737,0.0,0.0,-0.15590274,-0.35799813,-0.003172952,-0.004133501,0.0,0.00023463639,-0.000102375736,0.10707537,0.26150846,-2.64441e-05,0.0008280608,0.0005715623,-0.0007186803,0.0007052553,0.0,0.021046681,0.00050287833,0.0034124423,-0.0015094636,-0.04547003,-0.0018705805
2732,0.0003913503,0.0,-0.0019950154,-0.0007891356,0.0011349958,-0.0017410136,-0.07619129,-0.0052906247,-0.027882773,-0.00094848796,0.0001492801,0.00017402662,0.0,0.0,0.0,-0.0029003767,-0.011461234,0.0003653857,0.0,-0.00013550714,0.0027645868,5.7907477e-05,-0.00012462793,-0.18145154,0.012052478,0.0061644185,-0.0007841112,-0.0006362637,-0.0062342407,0.00068117527,0.00055802165,0.0002799806,0.0025634265,-0.026880318,-0.0029778462,-0.0010633336,-0.17709973,-0.04094514,-0.020689998,0.010773737,0.0,0.0,-0.13165659,-0.34843633,-0.003172952,-0.005138348,0.0,0.00023463639,-0.000102375736,0.013744095,0.28517443,-2.64441e-05,0.0008280608,0.0005715623,-0.0007186803,0.0007052553,0.0,0.016373677,0.00050287833,0.0034124423,-0.0017099378,-0.04476515,-0.0006354258
2733,0.00068776385,0.0,-0.004262907,-0.0022805475,-0.0015572418,0.00010407438,-0.0061309296,-0.005005564,0.10544823,-0.00094848796,0.0001492801,-1.7086602e-05,0.0,0.0,0.0,-0.0029003767,0.015899546,0.0003653857,0.0,0.0019207823,0.0027645868,0.00018847323,-0.00012462793,-0.12631622,0.012052478,-0.00034581934,0.00027128475,-0.0011845727,-0.0024905729,0.0025939085,0.00046165727,0.0002799806,-0.0003888607,0.07728625,-0.0055571888,0.008582842,-0.16340876,-0.026072038,-0.015899595,0.023486953,0.0,0.0,-0.11425007,-0.30516902,-0.012199642,-0.0034261993,0.0,0.00023463639,-0.000102375736,0.31597307,0.38292444,-5.143743e-05,0.0008280608,0.0023073244,-0.0029831724,0.0007052553,0.0,0.022347465,0.0017262277,0.0034124423,-0.00080721156,0.061518915,-0.0035538897
2734,0.0003913503,0.0,-0.004262907,6.6971756e-05,0.0011349958,-0.0017410136,0.0050807325,-0.005005564,0.10243599,-0.00094848796,0.0001492801,-1.7086602e-05,0.0,0.0,0.0,-0.0029003767,0.019093398,0.0003653857,0.0,-0.00013550714,0.0027645868,0.00018847323,-0.00012462793,-0.13489862,0.012052478,0.0037917166,-0.0007841112,-0.0006362637,-0.0062342407,0.00068117527,0.00055802165,0.0002799806,-8.170852e-05,-0.028015962,-0.004493038,-0.0010633336,-0.17262296,-0.05042902,-0.020689998,0.023486953,0.0,0.0,-0.13688353,-0.34490266,-0.003172952,-0.0034261993,0.0,0.00023463639,-0.000102375736,0.24504894,0.38870853,-2.64441e-05,0.0008280608,0.0005715623,-0.0007186803,0.0007052553,0.0,0.02130379,0.00050287833,0.0034124423,-0.0013758617,-0.042261012,-0.0035538897
2735,0.00068776385,0.0,-0.004262907,-0.0028250595,-0.0015572418,0.00010407438,-0.00875727,-0.005005564,0.004015072,-0.0010788636,0.0001492801,0.00017402662,0.0,0.0,0.0,-0.0029003767,-0.00047849328,0.0003653857,0.0,0.0019207823,0.0027645868,0.00055782543,-0.00012462793,-0.15131912,0.012707782,-0.00034581934,0.00027128475,-0.0012278282,-0.0024905729,0.0025939085,0.00036064323,0.0002799806,-0.0003888607,0.07728625,-0.0055571888,0.00017567351,-0.16335827,-0.02253966,-0.015899595,0.010773737,0.0,0.0,-0.054555506,-0.30841258,-0.012199642,-0.0034261993,0.0,0.00033950407,-0.000102375736,0.32068664,0.26900464,-5.143743e-05,0.0028246688,0.0023742486,-0.0029831724,0.0007052553,0.0,0.023362495,0.0017262277,0.0034124423,-0.0006067374,0.058986712,-0.0035538897
2736,0.00068776385,0.0,-0.004262907,-0.0028250595,-0.0015572418,0.00010407438,0.0059976666,-0.005005564,0.09747308,-0.0010788636,0.0001492801,0.00017402662,0.0,0.0,0.0,-0.0029003767,0.013941573,0.0003653857,0.0,0.0019207823,0.0027645868,-0.018765066,-0.00012462793,-0.12874186,0.012707782,-0.00034581934,0.00027128475,-0.0012278282,-0.0023679452,0.0025939085,0.00048243144,0.0002799806,-0.0003888607,0.020859819,-0.0055571888,0.00017567351,-0.1673095,-0.028405203,-0.015899595,0.023486953,0.0,0.0,-0.06734461,-0.31522056,-0.012199642,-0.0034261993,0.0,0.00033950407,-0.000102375736,0.32759598,0.34440416,-5.143743e-05,0.0028246688,0.0023742486,-0.0029831724,0.0007052553,0.0,0.023313863,0.0017262277,0.0034124423,-0.0006067374,0.038583867,-0.0035538897
2737,0.00068776385,0.0,-0.004262907,-0.0028250595,-0.0015572418,-0.0016956031,-0.110308826,-0.0052906247,-0.1026307,-0.0016537235,0.0001492801,-1.7086602e-05,0.0,0.0,0.0,-0.0029003767,-0.0041578338,0.0003653857,0.0,0.0019207823,0.0027645868,-0.0011950623,-0.00012462793,-0.10523353,-0.2474327,-0.00034581934,0.00027128475,-0.0012278282,-0.0024905729,0.0025939085,0.00036064323,0.0002799806,-0.0003888607,0.078696206,-0.0030900415,0.00017567351,-0.09413293,-0.01037742,-0.010317462,0.010773737,0.0,0.0,-0.029711816,-0.19262147,-0.012199642,-0.0005408196,0.0,0.0009192057,-0.000102375736,0.2636462,0.24533863,-5.143743e-05,0.0028246688,0.0023742486,-0.0029831724,0.0007052553,0.0,0.018765246,0.0017262277,0.0034124423,-0.00080721156,0.06342087,-0.0006354258
2738,0.00068776385,0.0,-0.004262907,-0.0022805475,-0.0015572418,-0.0016956031,0.0041152854,-0.005005564,0.10544823,-0.00094848796,0.0001492801,-1.7086602e-05,0.0,0.0,0.0,-0.0029003767,0.015899546,0.0003653857,0.0,0.0019207823,0.0027645868,0.00018847323,-0.00012462793,-0.1267048,0.012052478,-0.00034581934,0.00027128475,-0.0011845727,-0.0024905729,0.0025939085,0.00036064323,0.0002799806,-0.0003888607,0.07728625,-0.0055571888,0.008582842,-0.16335827,-0.026072038,-0.015899595,0.023486953,0.0,0.0,-0.11069945,-0.30516902,-0.012199642,-0.0034261993,0.0,0.00023463639,-0.000102375736,0.32624182,0.38292444,-5.143743e-05,0.0028246688,0.0023073244,-0.0029831724,0.0007052553,0.0,0.022347465,0.0017262277,0.0034124423,-0.00080721156,0.062051393,-0.0035538897
2739,0.00029333256,0.0,-0.00043736555,-0.0007891356,0.0011349958,-0.0017410136,-0.07115808,-0.0052906247,-0.103989504,-0.0035073415,0.0001492801,0.00017402662,0.0,0.0,0.0,-0.0029003767,-0.023902463,0.0008873691,0.0,-0.00013550714,0.0027645868,0.00018847323,-0.00012462793,-0.10401955,-0.2272646,-0.0016298512,-0.0007841112,-0.0006362637,-0.0062342407,0.00068117527,0.00055802165,0.0002799806,0.0025634265,-0.026557423,-0.002025891,-0.0010633336,-0.11721402,-0.035507657,-0.0151078645,0.010773737,0.0,0.0,-0.09214814,-0.25346974,-0.003172952,-0.0028260027,0.0,0.0008143381,-0.000102375736,0.011186525,0.26150846,-2.64441e-05,0.0008280608,0.0005715623,-0.0007186803,0.0007052553,0.0,0.008981263,0.00050287833,0.0034124423,-0.0020471164,-0.045102622,-0.00014842558
2740,0.00068776385,0.0,-0.004262907,-0.0028250595,-0.0015572418,0.00010407438,-0.0046371273,-0.005005564,0.09747308,-0.0010788636,0.0001492801,-1.7086602e-05,0.0,0.0,0.0,-0.0029003767,0.013941573,0.0003653857,0.0,0.0019207823,0.0027645868,-0.0011950623,-0.00012462793,-0.12631622,0.012707782,-0.00034581934,0.00027128475,-0.0012278282,-0.0024905729,0.0025939085,0.00036064323,0.0002799806,-0.0003888607,0.057574816,-0.0055571888,0.00017567351,-0.1673095,-0.026072038,-0.015899595,0.023486953,0.0,0.0,-0.0642835,-0.3059526,-0.012199642,-0.0034261993,0.0,0.00033950407,-0.000102375736,0.32068664,0.34440416,-5.143743e-05,0.0028246688,0.0023742486,-0.0029831724,0.0007052553,0.0,0.023631865,0.0017262277,0.0034124423,-0.00080721156,0.053390324,-0.0035538897
2741,0.0003913503,0.0,-0.00043736555,-0.0007891356,0.0011349958,-0.0017410136,0.0050807325,-0.005005564,0.08684213,-0.00094848796,0.0001492801,-1.7086602e-05,0.0,0.0,0.0,-0.0029003767,0.019093398,0.0003653857,0.0,-0.00013550714,0.0027645868,-0.0015644145,-0.00012462793,-0.16510679,0.012052478,0.0061644185,-0.0007841112,-0.0006362637,-0.0062342407,0.00068117527,0.00036064323,0.0002799806,0.0025634265,-0.028444981,-0.004493038,-0.0010633336,-0.18638887,-0.05086999,-0.020689998,0.023486953,0.0,0.0,-0.1434481,-0.36557257,-0.003172952,-0.005138348,0.0,0.00023463639,-0.000102375736,0.014543495,0.37389857,-2.64441e-05,0.0008280608,0.0005715623,-0.0007186803,0.0007052553,0.0,0.012832686,0.00050287833,0.0034124423,-0.0020471164,-0.04613463,-0.0035538897
2742,0.00068776385,0.0,-0.004262907,-0.0028250595,-0.0015572418,-0.0016956031,0.0056090876,-0.005005564,0.09747308,-0.0010788636,0.0001492801,0.00017402662,0.0,0.0,0.0,-0.0029003767,0.013941573,0.0003653857,0.0,0.0019207823,0.0027645868,0.00055782543,-0.00012462793,-0.1267048,0.012707782,-0.00034581934,0.00027128475,-0.0012278282,-0.0024905729,0.0025939085,0.00036064323,0.0002799806,-0.0003888607,0.07728625,-0.0055571888,0.00017567351,-0.16335827,-0.026072038,-0.015899595,0.023486953,0.0,0.0,-0.060928665,-0.30516902,-0.012199642,-0.0034261993,0.0,0.00033950407,-0.000102375736,0.3308571,0.34440416,-5.143743e-05,0.0028246688,0.0023742486,-0.0029831724,0.0007052553,0.0,0.02343607,0.0017262277,0.0034124423,-0.0006067374,0.062051393,-0.0035538897
2743,0.0003913503,0.0,-0.004262907,-0.0020701298,-0.0015572418,-0.0017410136,-0.00549821,-0.005005564,-0.1184756,-0.0015233477,0.0001492801,-1.7086602e-05,0.0,0.0,0.0,-0.0029003767,-0.008321445,0.0003653857,0.0,-0.00013550714,0.0027645868,-0.0015644145,-0.00012462793,-0.15413316,0.011760416,-0.0006079843,0.00027128475,-0.00060344586,-0.0062342407,0.0025939085,0.00036064323,0.0002799806,-8.170852e-05,-0.02768234,-0.0030900415,-0.0010633336,-0.17583416,-0.027732268,-0.015899595,0.010773737,0.0,0.0,-0.1451188,-0.3451765,-0.003172952,-0.0005408196,0.0,0.0008143381,-0.000102375736,0.26320082,0.2512378,-5.143743e-05,0.0008280608,0.0023073244,-0.0007186803,0.0007052553,0.0,0.022347465,0.00050287833,0.0034124423,-0.0013758617,-0.042625643,-0.0018705805
2744,0.0003913503,0.0,-0.004262907,-0.0020701298,0.007644304,-0.0017410136,-0.0052422797,-0.005005564,0.10544823,-0.00094848796,0.0001492801,0.00017402662,0.0,0.0,0.0,-0.0029003767,0.015899546,0.0003653857,0.0,-0.00013550714,0.0027645868,0.00018847323,-0.00012462793,-0.13243051,0.012052478,-0.0006079843,0.00027128475,-0.00060344586,-0.0062342407,0.0025939085,0.00055802165,0.0002799806,-8.170852e-05,-0.029543558,-0.0055571888,-0.0010633336,-0.17156436,-0.023552777,-0.015899595,0.023486953,0.0,0.0,-0.11928955,-0.33959708,0.0020655552,-0.0034261993,0.0,0.00023463639,3.3630393e-05,0.31518924,0.37236047,-5.143743e-05,0.0008280608,0.0023073244,-0.0007186803,0.0007052553,0.0,0.022251908,0.00050287833,0.0034124423,-0.0013758617,-0.047250498,-0.0035538897
2745,0.00068776385,0.0,-0.004262907,-0.0022805475,-0.0015572418,-0.0016956031,0.0041152854,-0.005005564,0.10544823,-0.00094848796,0.0001492801,-1.7086602e-05,0.0,0.0,0.0,-0.0029003767,0.015899546,0.0003653857,0.0,0.0019207823,0.0027645868,-0.0015644145,-0.00012462793,-0.12618692,0.012052478,0.002634492,0.00027128475,-0.0011845727,-0.0023679452,0.0025939085,0.00036064323,0.0002799806,-0.0003888607,0.07992336,-0.0055571888,0.008582842,-0.161654,-0.026072038,-0.015899595,0.023486953,0.0,0.0,-0.10893727,-0.29963762,0.010554878,-0.0034261993,0.0,0.00023463639,3.3630393e-05,0.32342255,0.38292444,-5.143743e-05,0.0008280608,0.0023073244,-0.0029831724,0.0007052553,0.0,0.022286152,0.0017262277,0.0034124423,-0.00080721156,0.07159074,-0.0035538897
2746,0.00068776385,0.0,-0.004262907,-0.0022805475,-0.0015572418,0.00010407438,-0.0061309296,-0.005005564,-0.0054022246,-0.00094848796,0.0001492801,-1.7086602e-05,0.0,0.0,0.0,-0.0029003767,-0.0068344194,0.0003653857,0.0,0.0019207823,0.0027645868,-0.006826531,-0.00012462793,-0.15600067,0.012052478,-0.00034581934,0.00027128475,-0.0011845727,-0.0023679452,0.0025939085,0.00036064323,0.0002799806,-0.0003888607,0.07712602,-0.0055571888,0.008582842,-0.16335827,-0.02253966,-0.015899595,0.010773737,0.0,0.0,-0.12414071,-0.3066968,-0.012199642,-0.0034261993,0.0,0.00023463639,3.3630393e-05,0.31544155,0.28546774,-5.143743e-05,0.0028246688,0.0023073244,-0.0029831724,0.0007052553,0.0,0.022286152,0.0017262277,0.0034124423,-0.00080721156,0.059474558,-0.0035538897
2747,0.00029333256,0.0,-0.00043736555,-0.0007891356,0.0011349958,-0.0017410136,-0.07115808,-0.0052906247,-0.103989504,-0.0035073415,0.0001492801,-1.7086602e-05,0.0,0.0,0.0,-0.0029003767,-0.023902463,0.0008873691,0.0,-0.00013550714,0.0027645868,0.00018847323,-0.00012462793,-0.1024424,-0.2272646,0.0061644185,-0.0007841112,-0.0006362637,-0.0062342407,0.00068117527,0.00055802165,0.0002799806,-8.170852e-05,-0.02660601,-0.002025891,-0.0010633336,-0.11184979,-0.035066687,-0.0151078645,0.010773737,0.0,0.0,-0.089864254,-0.24319224,-0.003172952,-0.0028260027,0.0,0.0008143381,-0.000102375736,0.07864589,0.26150846,-2.64441e-05,0.0008280608,0.0005715623,-0.0007186803,0.0007052553,0.0,0.008976582,0.00050287833,0.0034124423,-0.0018466422,-0.041181717,-0.00014842558
2748,0.0003913503,0.0,-0.004262907,-0.00045861123,0.0011349958,-0.0017410136,-0.07278972,-0.0052906247,-0.0812234,-0.0015233477,0.0001492801,0.00017402662,0.0,0.0,0.0,-0.0029003767,-0.012948258,0.0003653857,0.0,-0.00013550714,0.0027645868,0.0003072973,-0.00012462793,-0.16388886,0.011760416,-0.0010697764,-0.0007841112,-0.0006362637,-0.0062342407,0.00068117527,-0.00078436575,0.0002799806,-8.170852e-05,-0.026451299,-0.002025891,-0.0010633336,-0.1752755,-0.04050417,-0.019347612,0.010773737,0.0,0.0,-0.13321847,-0.33740488,-0.003172952,-0.0022529678,0.0,0.0008143381,-0.000102375736,0.10750213,0.26150846,-2.64441e-05,0.0008280608,0.0005715623,-0.0007186803,0.0007052553,0.0,0.020436175,0.00050287833,0.0034124423,-0.0017099378,-0.041413072,-0.0006354258
2749,0.00068776385,0.0,-0.004262907,-0.0028250595,-0.0015572418,0.00010407438,-0.11517914,-0.0052906247,-0.076273225,-0.0010788636,0.0001492801,-1.7086602e-05,0.0,0.0,0.0,-0.0029003767,-0.0034605057,0.0003653857,0.0,0.0019207823,0.0027645868,-0.018765066,-0.00012462793,-0.10154844,-0.25317943,-0.00034581934,0.00027128475,-0.0012278282,-0.0024905729,0.0025939085,0.00036064323,0.0002799806,-0.0003888607,0.078696206,-0.0030900415,0.00017567351,-0.09396416,-0.01037742,-0.010317462,0.010773737,0.0,0.0,-0.03561014,-0.19234934,-0.012199642,-0.0024213523,0.0,0.00033950407,-0.000102375736,0.27205575,0.24533863,-5.143743e-05,0.0028246688,0.0023742486,-0.0029831724,0.0007052553,0.0,0.01866501,0.0017262277,0.0034124423,-0.0006067374,0.058986712,-0.0006354258
2850,0.0050096945,0.0,0.00508062,-0.0078102536,-0.0014581572,0.005641249,0.033041984,0.0016731084,0.03676573,0.008150764,-0.0013338625,-3.711055e-05,0.0,0.0,0.0,0.00031905598,0.009377251,0.003052714,0.0,-0.0077481605,-0.005806243,0.0009546476,-0.00027172227,0.21030593,0.04866675,0.003506448,0.0004254509,-0.00059893256,0.020134209,-0.002030258,0.0018594805,0.0014818693,-0.00010926255,0.1513031,0.0098388735,5.6470104e-05,0.19847581,0.052928574,0.04279189,-0.00047404435,0.0,0.0,0.16727799,0.44164562,-0.0035767227,0.019480899,0.0,0.0008935593,-0.001197784,0.109230295,-0.01076897,-5.143743e-05,-0.0059643155,-0.0023717568,-0.0018755121,-0.0016317632,0.0,0.05397397,-0.0020607328,-0.0004890964,0.005312374,0.099473536,0.004141545
2851,0.0050096945,0.0,0.00508062,-0.0078102536,-0.0014581572,0.005641249,0.026838558,0.0016731084,0.038506635,0.008150764,-0.0013338625,-3.711055e-05,0.0,0.0,0.0,0.00031905598,0.009377251,0.003052714,0.0,-0.0077481605,-0.005806243,0.0009546476,-0.00027172227,0.21018022,0.04866675,0.003506448,0.0004254509,-0.00059893256,0.020134209,-0.002030258,0.0018594805,0.0014818693,-0.00010926255,0.14908345,0.0098388735,5.6470104e-05,0.19847581,0.052928574,0.04279189,-0.00047404435,0.0,0.0,0.17124945,0.44562688,-0.0035767227,0.01810089,0.0,0.0008935593,-0.001197784,0.10926004,-0.010563538,-5.143743e-05,-0.0059643155,-0.0023717568,-0.0018755121,-0.0016317632,0.0,0.05397397,-0.0020607328,-0.0004890964,0.005312374,0.099473536,0.004141545
2852,0.0050096945,0.0,0.00508062,-0.0078102536,-0.0014581572,0.005641249,0.026838558,0.0016731084,0.038506635,0.008150764,-0.0013338625,-3.711055e-05,0.0,0.0,0.0,0.00031905598,0.009377251,0.003052714,0.0,-0.0077481605,-0.005806243,-0.0004922155,-0.00027172227,0.21018022,0.04866675,0.003506448,0.0004254509,-0.00059893256,0.020134209,-0.002030258,0.0018594805,0.0014818693,-0.00010926255,0.147743,0.0098388735,5.6470104e-05,0.19847581,0.052928574,0.04279189,-0.00047404435,0.0,0.0,0.17124945,0.44841418,-0.0035767227,0.01810089,0.0,0.0008935593,-0.001197784,0.10926004,-0.010563538,-5.143743e-05,-0.0059643155,-0.0023717568,-0.0018755121,-0.0016317632,0.0,0.05397397,-0.0020607328,-0.0004890964,0.005312374,0.099473536,0.004141545
2853,0.0050096945,0.0,0.00508062,-0.0078102536,-0.0014581572,0.005641249,0.026838558,0.0016731084,0.038506635,0.008150764,-0.0013338625,-3.711055e-05,0.0,0.0,0.0,0.00031905598,0.009377251,0.003052714,0.0,-0.0077481605,-0.005806243,-0.0004922155,-0.00027172227,0.21018022,0.04866675,0.003506448,0.0004254509,-0.00059893256,0.020134209,-0.002030258,0.0018594805,0.0014818693,-0.00010926255,0.147743,0.0098388735,-0.00038965093,0.19847581,0.052928574,0.04279189,-0.00047404435,0.0,0.0,0.17124945,0.44828397,-0.0035767227,0.01810089,0.0,0.0008935593,-0.001197784,0.10926004,-0.010563538,-5.143743e-05,-0.0059643155,-0.0023717568,-0.0018755121,-0.0016317632,0.0,0.05397397,-0.0020607328,-0.0004890964,0.005312374,0.10004987,0.004141545
2854,0.0050096945,0.0,0.00508062,-0.0078102536,-0.0014581572,0.005641249,0.026838558,0.0016731084,0.038506635,0.008150764,-0.0013338625,-3.711055e-05,0.0,0.0,0.0,0.00031905598,0.009377251,0.003052714,0.0,-0.0077481605,-0.005806243,0.0009546476,-0.00027172227,0.21018022,0.04866675,0.003506448,0.0004254509,-0.00059893256,0.020134209,-0.002030258,0.0018594805,0.0014818693,-0.00010926255,0.14908345,0.0098388735,-0.00038965093,0.19847581,0.052928574,0.04279189,-0.00047404435,0.0,0.0,0.17124945,0.44549668,-0.0035767227,0.01810089,0.0,0.0008935593,-0.001197784,0.10926004,-0.010563538,-5.143743e-05,-0.0059643155,-0.0023717568,-0.0018755121,-0.0016317632,0.0,0.05397397,-0.0020607328,-0.0004890964,0.005312374,0.10004987,0.004141545
2855,0.0050096945,0.0,0.00508062,-0.0078102536,-0.0014581572,0.005641249,0.026838558,0.0016731084,0.03676573,0.008150764,-0.0013338625,-3.711055e-05,0.0,0.0,0.0,0.00031905598,0.009377251,0.003052714,0.0,-0.0077481605,-0.005806243,-0.0004922155,-0.00027172227,0.2105411,0.04866675,0.003506448,0.0004254509,-0.00059893256,0.020134209,-0.002030258,0.0018594805,0.0014818693,-0.00010926255,0.147743,0.0098388735,5.6470104e-05,0.19847581,0.052928574,0.04279189,-0.00047404435,0.0,0.0,0.17124945,0.44841418,-0.0035767227,0.019480899,0.0,0.0008935593,-0.001197784,0.10926004,-0.010563538,-5.143743e-05,-0.0059643155,-0.0023717568,-0.0018755121,-0.0016317632,0.0,0.05397397,-0.0020607328,-0.0004890964,0.005312374,0.099473536,0.004141545
2856,0.0050096945,0.0,0.00508062,-0.0078102536,-0.0014581572,0.005641249,0.026838558,0.0016731084,0.03676573,0.008150764,-0.0013338625,-3.711055e-05,0.0,0.0,0.0,0.00031905598,0.009377251,0.003052714,0.0,-0.0077481605,-0.005806243,-0.0004922155,-0.00027172227,0.2105411,0.04866675,0.003506448,0.0004254509,-0.00059893256,0.020134209,-0.002030258,0.0018594805,0.0014818693,-0.00010926255,0.147743,0.0098388735,-0.00038965093,0.19847581,0.052928574,0.04279189,-0.00047404435,0.0,0.0,0.17124945,0.44828397,-0.0035767227,0.019480899,0.0,0.0008935593,-0.001197784,0.10926004,-0.010563538,-5.143743e-05,-0.0059643155,-0.0023717568,-0.0018755121,-0.0016317632,0.0,0.05397397,-0.0020607328,-0.0004890964,0.005312374,0.10004987,0.004141545
2857,0.0050096945,0.0,0.00508062,-0.0078102536,-0.0014581572,0.005641249,0.026838558,0.0016731084,0.038506635,0.008150764,-0.0013338625,-3.711055e-05,0.0,0.0,0.0,0.00031905598,0.009377251,0.003052714,0.0,-0.0077481605,-0.005806243,-0.0004922155,-0.00027172227,0.21018022,0.04866675,0.003506448,0.0004254509,-0.00059893256,0.020134209,-0.002030258,0.0018594805,0.0014818693,-0.00010926255,0.147743,0.0098388735,-0.00038965093,0.19847581,0.052928574,0.04279189,-0.00047404435,0.0,0.0,0.17124945,0.44828397,-0.0035767227,0.01810089,0.0,0.0008935593,-0.001197784,0.10926004,-0.010563538,-5.143743e-05,-0.0059643155,-0.0023717568,-0.0018755121,-0.0016317632,0.0,0.05397397,-0.0020607328,-0.0004890964,0.005312374,0.10004987,0.004141545
2858,0.0050096945,0.0,0.00508062,-0.0078102536,-0.0014581572,0.005641249,0.026838558,0.0016731084,0.03676573,0.008150764,-0.0013338625,-3.711055e-05,0.0,0.0,0.0,0.00031905598,0.009377251,0.003052714,0.0,-0.0077481605,-0.005806243,-0.0004922155,-0.00027172227,0.2105411,0.04866675,0.003506448,0.0004254509,-0.00059893256,0.020134209,-0.002030258,0.0018594805,0.0014818693,-0.00010926255,0.147743,0.0098388735,0.0013166785,0.19847581,0.052928574,0.04279189,-0.00047404435,0.0,0.0,0.17124945,0.44598123,-0.0035767227,0.019480899,0.0,0.0008935593,-0.001197784,0.10926004,-0.010563538,-5.143743e-05,-0.0059643155,-0.0023717568,-0.0018755121,-0.0016317632,0.0,0.05397397,-0.0020607328,-0.0004890964,0.005312374,0.10064627,0.004141545
2859,0.0050096945,0.0,0.00508062,-0.0078102536,-0.0014581572,0.005641249,0.026838558,0.0016731084,0.03676573,0.008150764,-0.0013338625,-3.711055e-05,0.0,0.0,0.0,0.00031905598,0.009377251,0.003052714,0.0,-0.0077481605,-0.005806243,-0.0004922155,-0.00027172227,0.2105411,0.04866675,0.003506448,0.0004254509,-0.00059893256,0.020134209,-0.002030258,0.0018594805,0.0014818693,-0.00010926255,0.147743,0.0098388735,-0.00038965093,0.19847581,0.052928574,0.04279189,-0.00047404435,0.0,0.0,0.17124945,0.44828397,-0.0035767227,0.019480899,0.0,0.0008935593,-0.001197784,0.10926004,-0.010563538,-5.143743e-05,-0.0059643155,-0.0023717568,-0.0018755121,-0.0016317632,0.0,0.05397397,-0.0020607328,-0.0004890964,0.005312374,0.10004987,0.004141545
2860,0.0050096945,0.0,0.00508062,-0.0078102536,-0.0014581572,0.005641249,0.026838558,0.0016731084,0.03676573,0.008150764,-0.0013338625,-3.711055e-05,0.0,0.0,0.0,0.00031905598,0.009377251,0.003052714,0.0,-0.0077481605,-0.005806243,0.0009546476,-0.00027172227,0.2105411,0.04866675,0.003506448,0.0004254509,-0.00059893256,0.020134209,-0.002030258,0.0018594805,0.0014818693,-0.00010926255,0.14908345,0.0098388735,5.6470104e-05,0.19847581,0.052928574,0.04279189,-0.00047404435,0.0,0.0,0.17124945,0.44562688,-0.0035767227,0.019480899,0.0,0.0008935593,-0.001197784,0.10926004,-0.010563538,-5.143743e-05,-0.0059643155,-0.0023717568,-0.0018755121,-0.0016317632,0.0,0.05397397,-0.0020607328,-0.0004890964,0.005312374,0.099473536,0.004141545
2861,0.0050096945,0.0,0.00508062,-0.0078102536,-0.0014581572,0.005641249,0.026838558,0.0016731084,0.03676573,0.008150764,-0.0013338625,-3.711055e-05,0.0,0.0,0.0,0.00031905598,0.009377251,0.003052714,0.0,-0.0077481605,-0.005806243,-0.0004922155,-0.00027172227,0.2105411,0.04866675,0.003506448,0.0004254509,-0.00059893256,0.020134209,-0.002030258,0.0018594805,0.0014818693,-0.00010926255,0.147743,0.0098388735,5.6470104e-05,0.19847581,0.052928574,0.04279189,-0.00047404435,0.0,0.0,0.17124945,0.44841418,-0.0035767227,0.019480899,0.0,0.0008935593,-0.001197784,0.10926004,-0.010563538,-5.143743e-05,-0.0059643155,-0.0023717568,-0.0018755121,-0.0016317632,0.0,0.05397397,-0.0020607328,-0.0004890964,0.005312374,0.099473536,0.004141545
2862,0.0050096945,0.0,0.00508062,-0.0078102536,-0.0014581572,0.005641249,0.026838558,0.0016731084,0.038506635,0.008150764,-0.0013338625,-3.711055e-05,0.0,0.0,0.0,0.00031905598,0.009377251,0.003052714,0.0,-0.0077481605,-0.005806243,-0.0004922155,-0.00027172227,0.21018022,0.04866675,0.003506448,0.0004254509,-0.00059893256,0.020134209,-0.002030258,0.0018594805,0.0014818693,-0.00010926255,0.147743,0.0098388735,0.00010818662,0.19847581,0.052928574,0.04279189,-0.00047404435,0.0,0.0,0.17100053,0.44828397,-0.0035767227,0.01810089,0.0,0.0008935593,-0.001197784,0.10926004,-0.010812457,-5.143743e-05,-0.0059643155,-0.0023717568,-0.0018755121,-0.0016317632,0.0,0.05397397,-0.0020607328,-0.0004890964,0.005312374,0.10004987,0.004141545
2863,0.0050096945,0.0,0.00508062,-0.0078102536,-0.0014581572,0.005641249,0.026838558,0.0016731084,0.038506635,0.008150764,-0.0013338625,-3.711055e-05,0.0,0.0,0.0,0.00031905598,0.009377251,0.003052714,0.0,-0.0077481605,-0.005806243,-0.0004922155,-0.00027172227,0.21018022,0.04866675,0.003506448,0.0004254509,-0.00059893256,0.020134209,-0.002030258,0.0018594805,0.0014818693,-0.00010926255,0.147743,0.0098388735,-0.00038965093,0.19847581,0.052928574,0.04279189,-0.00047404435,0.0,0.0,0.17124945,0.44828397,-0.0035767227,0.01810089,0.0,0.0008935593,-0.001197784,0.10926004,-0.010563538,-5.143743e-05,-0.0059643155,-0.0023717568,-0.0018755121,-0.0016317632,0.0,0.05397397,-0.0020607328,-0.0004890964,0.005312374,0.10004987,0.004141545
2864,0.0050096945,0.0,0.00508062,-0.0078102536,-0.0014581572,0.005641249,0.026838558,0.0016731084,0.038506635,0.008150764,-0.0013338625,-3.711055e-05,0.0,0.0,0.0,0.00031905598,0.009377251,0.003052714,0.0,-0.0077481605,-0.005806243,-0.0004922155,-0.00027172227,0.21018022,0.04866675,0.003506448,0.0004254509,-0.00059893256,0.020134209,-0.002030258,0.0018594805,0.0014818693,-0.00010926255,0.147743,0.0098388735,5.6470104e-05,0.19847581,0.052928574,0.04279189,-0.00047404435,0.0,0.0,0.17124945,0.44841418,-0.0035767227,0.01810089,0.0,0.0008935593,-0.001197784,0.10926004,-0.010563538,-5.143743e-05,-0.0059643155,-0.0023717568,-0.0018755121,-0.0016317632,0.0,0.05397397,-0.0020607328,-0.0004890964,0.005312374,0.099473536,0.004141545
2865,0.0050096945,0.0,0.00508062,-0.0078102536,-0.0014581572,0.005641249,0.026838558,0.0016731084,0.03676573,0.008150764,-0.0013338625,-3.711055e-05,0.0,0.0,0.0,0.00031905598,0.009377251,0.003052714,0.0,-0.0077481605,-0.005806243,0.0009546476,-0.00027172227,0.2105411,0.04866675,0.003506448,0.0004254509,-0.00059893256,0.020134209,-0.002030258,0.0018594805,0.0014818693,-0.00010926255,0.14908345,0.0098388735,-0.00038965093,0.19847581,0.052928574,0.04279189,-0.00047404435,0.0,0.0,0.17124945,0.44549668,-0.0035767227,0.019480899,0.0,0.0008935593,-0.001197784,0.10926004,-0.010563538,-5.143743e-05,-0.0059643155,-0.0023717568,-0.0018755121,-0.0016317632,0.0,0.05397397,-0.0020607328,-0.0004890964,0.005312374,0.10004987,0.004141545
2866,0.0050096945,0.0,0.00508062,-0.0078102536,-0.0014581572,0.005641249,0.026838558,0.0016731084,0.03676573,0.008150764,-0.0013338625,-3.711055e-05,0.0,0.0,0.0,0.00031905598,0.009377251,0.003052714,0.0,-0.0077481605,-0.005806243,-0.0004922155,-0.00027172227,0.2105411,0.04866675,0.003506448,0.0004254509,-0.00059893256,0.020134209,-0.002030258,0.0018594805,0.0014818693,-0.00010926255,0.147743,0.0098388735,0.00010818662,0.19847581,0.052928574,0.04279189,-0.00047404435,0.0,0.0,0.17100053,0.44828397,-0.0035767227,0.019480899,0.0,0.0008935593,-0.001197784,0.10926004,-0.010812457,-5.143743e-05,-0.0059643155,-0.0023717568,-0.0018755121,-0.0016317632,0.0,0.05397397,-0.0020607328,-0.0004890964,0.005312374,0.10004987,0.004141545
2867,0.0050096945,0.0,0.00508062,-0.0078102536,-0.0014581572,0.005641249,0.026838558,0.0016731084,0.03676573,0.008150764,-0.0013338625,-3.711055e-05,0.0,0.0,0.0,0.00031905598,0.009377251,0.003052714,0.0,-0.0077481605,-0.005806243,-0.0004922155,-0.00027172227,0.2105411,0.04866675,0.003506448,0.0004254509,-0.00059893256,0.020134209,-0.002030258,0.0018594805,0.0014818693,-0.00010926255,0.147743,0.0098388735,5.6470104e-05,0.19847581,0.052928574,0.04279189,-0.00047404435,0.0,0.0,0.17124945,0.44841418,-0.0035767227,0.019480899,0.0,0.0008935593,-0.001197784,0.10926004,-0.010563538,-5.143743e-05,-0.0059643155,-0.0023717568,-0.0018755121,-0.0016317632,0.0,0.05397397,-0.0020607328,-0.0004890964,0.005312374,0.099473536,0.004141545
2868,0.0050096945,0.0,0.00508062,-0.0078102536,-0.0014581572,0.005641249,0.026838558,0.0016731084,0.036265124,0.008150764,-0.0013338625,-3.711055e-05,0.0,0.0,0.0,0.00031905598,0.00884168,0.0038506181,0.0,-0.0077481605,-0.005806243,0.0009546476,-0.00027172227,0.2105411,0.04866675,0.003506448,0.0004254509,-0.00059893256,0.020134209,-0.002030258,0.0018594805,0.0014818693,-0.00010926255,0.14908345,0.0098388735,5.6470104e-05,0.19847581,0.052928574,0.04279189,-0.00047404435,0.0,0.0,0.17124945,0.44586515,-0.0035767227,0.019480899,0.0,0.0008935593,-0.001197784,0.10926004,-0.010563538,-5.143743e-05,-0.0059643155,-0.0023717568,-0.0018755121,-0.0016317632,0.0,0.05397397,-0.0020607328,-0.0004890964,0.005312374,0.099473536,0.004141545
2869,0.0050096945,0.0,0.00508062,-0.0078102536,-0.0014581572,0.005641249,0.026838558,0.0016731084,0.03676573,0.008150764,-0.0013338625,-3.711055e-05,0.0,0.0,0.0,0.00031905598,0.009377251,0.003052714,0.0,-0.0077481605,-0.005806243,0.0009546476,-0.00027172227,0.2105411,0.04866675,0.003506448,0.0004254509,-0.00059893256,0.020134209,-0.002030258,0.0018594805,0.0014818693,-0.00010926255,0.14908345,0.0098388735,5.6470104e-05,0.19847581,0.052928574,0.04279189,-0.00047404435,0.0,0.0,0.17124945,0.44562688,-0.0035767227,0.019480899,0.0,0.0008935593,-0.001197784,0.10926004,-0.010563538,-5.143743e-05,-0.0059643155,-0.0023717568,-0.0018755121,-0.0016317632,0.0,0.05397397,-0.0020607328,-0.0004890964,0.005312374,0.099473536,0.004141545
2870,0.0050096945,0.0,0.00508062,-0.0078102536,-0.0014581572,0.005641249,0.026838558,0.0016731084,0.038506635,0.008150764,-0.0013338625,-3.711055e-05,0.0,0.0,0.0,0.00031905598,0.009377251,0.003052714,0.0,-0.0077481605,-0.005806243,-0.0004922155,-0.00027172227,0.21018022,0.04866675,0.003506448,0.0004254509,-0.00059893256,0.020134209,-0.002030258,0.0018594805,0.0014818693,-0.00010926255,0.147743,0.0098388735,5.6470104e-05,0.19847581,0.052928574,0.04279189,-0.00047404435,0.0,0.0,0.17124945,0.44841418,-0.0035767227,0.01810089,0.0,0.0008935593,-0.001197784,0.10926004,-0.010563538,-5.143743e-05,-0.0059643155,-0.0023717568,-0.0018755121,-0.0016317632,0.0,0.05397397,-0.0020607328,-0.0004890964,0.005312374,0.099473536,0.004141545
2871,0.0050096945,0.0,0.00508062,-0.0078102536,-0.0014581572,0.005641249,0.026838558,0.0016731084,0.038506635,0.008150764,-0.0013338625,-3.711055e-05,0.0,0.0,0.0,0.00031905598,0.009377251,0.003052714,0.0,-0.0077481605,-0.005806243,0.0009546476,-0.00027172227,0.21018022,0.04866675,0.003506448,0.0004254509,-0.00059893256,0.020134209,-0.002030258,0.0018594805,0.0014818693,-0.00010926255,0.14908345,0.0098388735,5.6470104e-05,0.19847581,0.052928574,0.04279189,-0.00047404435,0.0,0.0,0.17124945,0.44562688,-0.0035767227,0.01810089,0.0,0.0008935593,-0.001197784,0.10926004,-0.010563538,-5.143743e-05,-0.0059643155,-0.0023717568,-0.0018755121,-0.0016317632,0.0,0.05397397,-0.0020607328,-0.0004890964,0.005312374,0.099473536,0.004141545
2872,0.0050096945,0.0,0.00508062,-0.0078102536,-0.0014581572,0.005641249,0.033041984,0.0016731084,0.038506635,0.008150764,-0.0013338625,-3.711055e-05,0.0,0.0,0.0,0.00031905598,0.009377251,0.003052714,0.0,-0.0077481605,-0.005806243,0.0009546476,-0.00027172227,0.20994505,0.04866675,0.003506448,0.0004254509,-0.00059893256,0.020134209,-0.002030258,0.0018594805,0.0014818693,-0.00010926255,0.1513031,0.0098388735,5.6470104e-05,0.19847581,0.052928574,0.04279189,-0.00047404435,0.0,0.0,0.16727799,0.44164562,-0.0035767227,0.01810089,0.0,0.0008935593,-0.001197784,0.109230295,-0.01076897,-5.143743e-05,-0.0059643155,-0.0023717568,-0.0018755121,-0.0016317632,0.0,0.05397397,-0.0020607328,-0.0004890964,0.005312374,0.099473536,0.004141545
2873,0.0050096945,0.0,0.00508062,-0.0078102536,-0.0014581572,0.005641249,0.026838558,0.0016731084,0.038506635,0.008150764,-0.0013338625,-3.711055e-05,0.0,0.0,0.0,0.00031905598,0.009377251,0.003052714,0.0,-0.0077481605,-0.005806243,0.0009546476,-0.00027172227,0.21018022,0.04866675,0.003506448,0.0004254509,-0.00059893256,0.020134209,-0.002030258,0.0018594805,0.0014818693,-0.00010926255,0.14908345,0.0098388735,5.6470104e-05,0.19847581,0.052928574,0.04279189,-0.00047404435,0.0,0.0,0.17124945,0.44562688,-0.0035767227,0.01810089,0.0,0.0008935593,-0.001197784,0.10926004,-0.010563538,-5.143743e-05,-0.0059643155,-0.0023717568,-0.0018755121,-0.0016317632,0.0,0.05397397,-0.0020607328,-0.0004890964,0.005312374,0.099473536,0.004141545
2874,0.0050096945,0.0,0.00508062,-0.0078102536,-0.0014581572,0.005641249,0.026838558,0.0016731084,0.038506635,0.008150764,-0.0013338625,-3.711055e-05,0.0,0.0,0.0,0.00031905598,0.009377251,0.003052714,0.0,-0.0077481605,-0.005806243,-0.0004922155,-0.00027172227,0.21018022,0.04866675,0.003506448,0.0004254509,-0.00059893256,0.020134209,-0.002030258,0.0018594805,0.0014818693,-0.00010926255,0.147743,0.0098388735,0.0013166785,0.19847581,0.052928574,0.04279189,-0.00047404435,0.0,0.0,0.17124945,0.44598123,-0.0035767227,0.01810089,0.0,0.0008935593,-0.001197784,0.10926004,-0.010563538,-5.143743e-05,-0.0059643155,-0.0023717568,-0.0018755121,-0.0016317632,0.0,0.05397397,-0.0020607328,-0.0004890964,0.005312374,0.10064627,0.004141545
2875,0.0050096945,0.0,0.00508062,-0.0078102536,-0.0014581572,0.005641249,0.026838558,0.0016731084,0.03676573,0.008150764,-0.0013338625,-3.711055e-05,0.0,0.0,0.0,0.00031905598,0.009377251,0.003052714,0.0,-0.0077481605,-0.005806243,0.0009546476,-0.00027172227,0.2105411,0.04866675,0.003506448,0.0004254509,-0.00059893256,0.020134209,-0.002030258,0.0018594805,0.0014818693,-0.00010926255,0.14977,0.0098388735,5.6470104e-05,0.19847581,0.052928574,0.04279189,-0.00047404435,0.0,0.0,0.17124945,0.44230264,-0.0035767227,0.019480899,0.0,0.0008935593,-0.001197784,0.10926004,-0.010563538,-5.143743e-05,-0.0059643155,-0.0023717568,-0.0018755121,-0.0016317632,0.0,0.05397397,0.00057696406,-0.0004890964,0.005312374,0.099473536,0.004141545
2876,0.0050096945,0.0,0.00508062,-0.0078102536,-0.0014581572,0.005641249,0.026838558,0.0016731084,0.038506635,0.008150764,-0.0013338625,-3.711055e-05,0.0,0.0,0.0,0.00031905598,0.009377251,0.003052714,0.0,-0.0077481605,-0.005806243,-0.0004922155,-0.00027172227,0.21018022,0.04866675,0.003506448,0.0004254509,-0.00059893256,0.020134209,-0.002030258,0.0018594805,0.0014818693,-0.00010926255,0.147743,0.0098388735,5.6470104e-05,0.19847581,0.052928574,0.04279189,-0.00047404435,0.0,0.0,0.17124945,0.44841418,-0.0035767227,0.01810089,0.0,0.0008935593,-0.001197784,0.10926004,-0.010563538,-5.143743e-05,-0.0059643155,-0.0023717568,-0.0018755121,-0.0016317632,0.0,0.05397397,-0.0020607328,-0.0004890964,0.005312374,0.099473536,0.004141545
2877,0.0050096945,0.0,0.00508062,-0.0078102536,-0.0014581572,0.005641249,0.026838558,0.0016731084,0.03676573,0.008150764,-0.0013338625,-3.711055e-05,0.0,0.0,0.0,0.00031905598,0.009377251,0.003052714,0.0,-0.0077481605,-0.005806243,0.0009546476,-0.00027172227,0.2105411,0.04866675,0.003506448,0.0004254509,-0.00059893256,0.020134209,-0.002030258,0.0018594805,0.0014818693,-0.00010926255,0.14908345,0.0098388735,5.6470104e-05,0.19847581,0.052928574,0.04279189,-0.00047404435,0.0,0.0,0.17124945,0.44562688,-0.0035767227,0.019480899,0.0,0.0008935593,-0.001197784,0.10926004,-0.010563538,-5.143743e-05,-0.0059643155,-0.0023717568,-0.0018755121,-0.0016317632,0.0,0.05397397,-0.0020607328,-0.0004890964,0.005312374,0.099473536,0.004141545
2878,0.0050096945,0.0,0.00508062,-0.0078102536,-0.0014581572,0.005641249,0.026838558,0.0016731084,0.038506635,0.008150764,-0.0013338625,-3.711055e-05,0.0,0.0,0.0,0.00031905598,0.009377251,0.003052714,0.0,-0.0077481605,-0.005806243,-0.0004922155,-0.00027172227,0.21018022,0.04866675,0.003506448,0.0004254509,-0.00059893256,0.020134209,-0.002030258,0.0018594805,0.0014818693,-0.00010926255,0.147743,0.0098388735,5.6470104e-05,0.19847581,0.052928574,0.04279189,-0.00047404435,0.0,0.0,0.17124945,0.44841418,-0.0035767227,0.01810089,0.0,0.0008935593,-0.001197784,0.10926004,-0.010563538,-5.143743e-05,-0.0059643155,-0.0023717568,-0.0018755121,-0.0016317632,0.0,0.05397397,-0.0020607328,-0.0004890964,0.005312374,0.099473536,0.004141545
2879,0.0050096945,0.0,0.00508062,-0.0078102536,-0.0014581572,0.005641249,0.026838558,0.0016731084,0.038506635,0.008150764,-0.0013338625,-3.711055e-05,0.0,0.0,0.0,0.00031905598,0.009377251,0.003052714,0.0,-0.0077481605,-0.005806243,-0.0004922155,-0.00027172227,0.21314406,0.04866675,0.003506448,0.0004254509,-0.00059893256,0.020134209,-0.002030258,0.0018594805,0.0014818693,-0.00010926255,0.147743,0.0098388735,5.6470104e-05,0.1989966,0.052928574,0.04279189,-0.00047404435,0.0,0.0,0.17124945,0.44898546,-0.0035767227,0.01810089,0.0,0.0008935593,-0.001197784,0.109235585,-0.010563538,-5.143743e-05,-0.0059643155,-0.0023717568,-0.0018755121,-0.0016317632,0.0,0.05467007,-0.0020607328,-0.0004890964,-0.0005072715,0.1005656,0.004141545
2880,0.0050096945,0.0,0.00508062,-0.0078102536,-0.0014581572,0.005641249,0.026838558,0.0016731084,0.038506635,0.008150764,-0.0013338625,-3.711055e-05,0.0,0.0,0.0,0.00031905598,0.009377251,0.003052714,0.0,-0.0077481605,-0.005806243,-0.0004922155,-0.00027172227,0.21018022,0.04866675,0.003506448,0.0004254509,-0.00059893256,0.020134209,-0.002030258,0.0018594805,0.0014818693,-0.00010926255,0.147743,0.0098388735,5.6470104e-05,0.19847581,0.052928574,0.04279189,-0.00047404435,0.0,0.0,0.17124945,0.44841418,-0.0035767227,0.01810089,0.0,0.0008935593,-0.001197784,0.10926004,-0.010563538,-5.143743e-05,-0.0059643155,-0.0023717568,-0.0018755121,-0.0016317632,0.0,0.05397397,-0.0020607328,-0.0004890964,0.005312374,0.099473536,0.004141545
2881,0.0050096945,0.0,0.00508062,-0.0078102536,-0.0014581572,0.005641249,0.033041984,0.0016731084,0.03676573,0.008150764,-0.0013338625,-3.711055e-05,0.0,0.0,0.0,0.00031905598,0.009377251,0.003052714,0.0,-0.0077481605,-0.005806243,0.0009546476,-0.00027172227,0.21030593,0.04866675,0.003506448,0.0004254509,-0.00059893256,0.020134209,-0.002030258,0.0018594805,0.0014818693,-0.00010926255,0.1513031,0.0098388735,5.6470104e-05,0.19847581,0.052928574,0.04279189,-0.00047404435,0.0,0.0,0.16727799,0.44164562,-0.0035767227,0.019480899,0.0,0.0008935593,-0.001197784,0.109230295,-0.01076897,-5.143743e-05,-0.0059643155,-0.0023717568,-0.0018755121,-0.0016317632,0.0,0.05397397,-0.0020607328,-0.0004890964,0.005312374,0.099473536,0.004141545
2882,0.0050096945,0.0,0.00508062,-0.0078102536,-0.0014581572,0.005641249,0.026838558,0.0016731084,0.038506635,0.008150764,-0.0013338625,-3.711055e-05,0.0,0.0,0.0,0.00031905598,0.009377251,0.003052714,0.0,-0.0077481605,-0.005806243,0.0009546476,-0.00027172227,0.21018022,0.04866675,0.003506448,0.0004254509,-0.00059893256,0.020134209,-0.002030258,0.0018594805,0.0014818693,-0.00010926255,0.14908345,0.0098388735,0.00010818662,0.19847581,0.052928574,0.04279189,-0.00047404435,0.0,0.0,0.17100053,0.44549668,-0.0035767227,0.01810089,0.0,0.0008935593,-0.001197784,0.10926004,-0.010812457,-5.143743e-05,-0.0059643155,-0.0023717568,-0.0018755121,-0.0016317632,0.0,0.05397397,-0.0020607328,-0.0004890964,0.005312374,0.10004987,0.004141545
2883,0.0050096945,0.0,0.00508062,-0.0078102536,-0.0014581572,0.005641249,0.026838558,0.0016731084,0.038506635,0.008150764,-0.0013338625,-3.711055e-05,0.0,0.0,0.0,0.00031905598,0.009377251,0.003052714,0.0,-0.0077481605,-0.005806243,0.0009546476,-0.00027172227,0.21018022,0.04866675,0.003506448,0.0004254509,-0.00059893256,0.020134209,-0.002030258,0.0018594805,0.0014818693,-0.00010926255,0.14908345,0.0098388735,5.6470104e-05,0.19847581,0.052928574,0.04279189,-0.00047404435,0.0,0.0,0.17124945,0.44562688,-0.0035767227,0.01810089,0.0,0.0008935593,-0.001197784,0.10926004,-0.010563538,-5.143743e-05,-0.0059643155,-0.0023717568,-0.0018755121,-0.0016317632,0.0,0.05397397,-0.0020607328,-0.0004890964,0.005312374,0.099473536,0.004141545
2884,0.0050096945,0.0,0.00508062,-0.0078102536,-0.0014581572,0.005641249,0.026838558,0.0016731084,0.03676573,0.008150764,-0.0013338625,-3.711055e-05,0.0,0.0,0.0,0.00031905598,0.009377251,0.003052714,0.0,-0.0077481605,-0.005806243,0.0009546476,-0.00027172227,0.2105411,0.04866675,0.003506448,0.0004254509,-0.00059893256,0.020134209,-0.002030258,0.0018594805,0.0014818693,-0.00010926255,0.14908345,0.0098388735,5.6470104e-05,0.19847581,0.052928574,0.04279189,-0.00047404435,0.0,0.0,0.17124945,0.44562688,-0.0035767227,0.019480899,0.0,0.0008935593,-0.001197784,0.10926004,-0.010563538,-5.143743e-05,-0.0059643155,-0.0023717568,-0.0018755121,-0.0016317632,0.0,0.05397397,-0.0020607328,-0.0004890964,0.005312374,0.099473536,0.004141545
2885,0.0050096945,0.0,0.00508062,-0.0078102536,-0.0014581572,0.005641249,0.026838558,0.0016731084,0.038506635,0.008150764,-0.0013338625,-3.711055e-05,0.0,0.0,0.0,0.00031905598,0.009377251,0.003052714,0.0,-0.0077481605,-0.005806243,-0.0004922155,-0.00027172227,0.21018022,0.04866675,0.003506448,0.0004254509,-0.00059893256,0.020134209,-0.002030258,0.0018594805,0.0014818693,-0.00010926255,0.147743,0.0098388735,5.6470104e-05,0.19847581,0.052928574,0.04279189,-0.00047404435,0.0,0.0,0.17124945,0.44841418,-0.0035767227,0.01810089,0.0,0.0008935593,-0.001197784,0.10926004,-0.010563538,-5.143743e-05,-0.0059643155,-0.0023717568,-0.0018755121,-0.0016317632,0.0,0.05397397,-0.0020607328,-0.0004890964,0.005312374,0.099473536,0.004141545
2886,0.0050096945,0.0,0.00508062,-0.0078102536,-0.0014581572,0.005641249,0.026838558,0.0016731084,0.03676573,0.008150764,-0.0013338625,-3.711055e-05,0.0,0.0,0.0,0.00031905598,0.009377251,0.003052714,0.0,-0.0077481605,-0.005806243,0.0009546476,-0.00027172227,0.2105411,0.04866675,0.003506448,0.0004254509,-0.00059893256,0.020134209,-0.002030258,0.0018594805,0.0014818693,-0.00010926255,0.14908345,0.0098388735,0.0013166785,0.19847581,0.052928574,0.04279189,-0.00047404435,0.0,0.0,0.17124945,0.44319394,-0.0035767227,0.019480899,0.0,0.0008935593,-0.001197784,0.10926004,-0.010563538,-5.143743e-05,-0.0059643155,-0.0023717568,-0.0018755121,-0.0016317632,0.0,0.05397397,-0.0020607328,-0.0004890964,0.005312374,0.10064627,0.004141545
2887,0.0050096945,0.0,0.00508062,-0.0078102536,-0.0014581572,0.005641249,0.026838558,0.0016731084,0.03676573,0.008150764,-0.0013338625,-3.711055e-05,0.0,0.0,0.0,0.00031905598,0.009377251,0.003052714,0.0,-0.0077481605,-0.005806243,-0.0004922155,-0.00027172227,0.2105411,0.04866675,0.003506448,0.0004254509,-0.00059893256,0.020134209,-0.002030258,0.0018594805,0.0014818693,-0.00010926255,0.147743,0.0098388735,5.6470104e-05,0.19847581,0.052928574,0.04279189,-0.00047404435,0.0,0.0,0.17124945,0.44841418,-0.0035767227,0.019480899,0.0,0.0008935593,-0.001197784,0.10926004,-0.010563538,-5.143743e-05,-0.0059643155,-0.0023717568,-0.0018755121,-0.0016317632,0.0,0.05397397,-0.0020607328,-0.0004890964,0.005312374,0.099473536,0.004141545
2888,0.0050096945,0.0,0.00508062,-0.0078102536,-0.0014581572,0.005641249,0.026838558,0.0016731084,0.03676573,0.008150764,-0.0013338625,-3.711055e-05,0.0,0.0,0.0,0.00031905598,0.009377251,0.003052714,0.0,-0.0077481605,-0.005806243,-0.0004922155,-0.00027172227,0.2105411,0.04866675,0.003506448,0.0004254509,-0.00059893256,0.020134209,-0.002030258,0.0018594805,0.0014818693,-0.00010926255,0.147743,0.0098388735,5.6470104e-05,0.19847581,0.052928574,0.04279189,-0.00047404435,0.0,0.0,0.17124945,0.44841418,-0.0035767227,0.019480899,0.0,0.0008935593,-0.001197784,0.10926004,-0.010563538,-5.143743e-05,-0.0059643155,-0.0023717568,-0.0018755121,-0.0016317632,0.0,0.05397397,-0.0020607328,-0.0004890964,0.005312374,0.099473536,0.004141545
2889,0.0050096945,0.0,0.00508062,-0.0078102536,-0.0014581572,0.005641249,0.026838558,0.0016731084,0.038506635,0.008150764,-0.0013338625,-3.711055e-05,0.0,0.0,0.0,0.00031905598,0.009377251,0.003052714,0.0,-0.0077481605,-0.005806243,0.0009546476,-0.00027172227,0.21018022,0.04866675,0.003506448,0.0004254509,-0.00059893256,0.020134209,-0.002030258,0.0018594805,0.0014818693,-0.00010926255,0.14908345,0.0098388735,5.6470104e-05,0.19847581,0.052928574,0.04279189,-0.00047404435,0.0,0.0,0.17124945,0.44562688,-0.0035767227,0.01810089,0.0,0.0008935593,-0.001197784,0.10926004,-0.010563538,-5.143743e-05,-0.0059643155,-0.0023717568,-0.0018755121,-0.0016317632,0.0,0.05397397,-0.0020607328,-0.0004890964,0.005312374,0.099473536,0.004141545
2890,0.0050096945,0.0,0.00508062,-0.0078102536,-0.0014581572,0.005641249,0.026838558,0.0016731084,0.03676573,0.008150764,-0.0013338625,-3.711055e-05,0.0,0.0,0.0,0.00031905598,0.009377251,0.003052714,0.0,-0.0077481605,-0.005806243,-0.0004922155,-0.00027172227,0.2105411,0.04866675,0.003506448,0.0004254509,-0.00059893256,0.020134209,-0.002030258,0.0018594805,0.0014818693,-0.00010926255,0.147743,0.0098388735,5.6470104e-05,0.19847581,0.052928574,0.04279189,-0.00047404435,0.0,0.0,0.17124945,0.44841418,-0.0035767227,0.019480899,0.0,0.0008935593,-0.001197784,0.10926004,-0.010563538,-5.143743e-05,-0.0059643155,-0.0023717568,-0.0018755121,-0.0016317632,0.0,0.05397397,-0.0020607328,-0.0004890964,0.005312374,0.099473536,0.004141545
2891,0.0050096945,0.0,0.00508062,-0.0078102536,-0.0014581572,0.005641249,0.026838558,0.0016731084,0.03676573,0.008150764,-0.0013338625,-3.711055e-05,0.0,0.0,0.0,0.00031905598,0.009377251,0.003052714,0.0,-0.0077481605,-0.005806243,-0.0004922155,-0.00027172227,0.2105411,0.04866675,0.003506448,0.0004254509,-0.00059893256,0.020134209,-0.002030258,0.0018594805,0.0014818693,-0.00010926255,0.147743,0.0098388735,5.6470104e-05,0.19847581,0.052928574,0.04279189,-0.00047404435,0.0,0.0,0.17124945,0.44841418,-0.0035767227,0.019480899,0.0,0.0008935593,-0.001197784,0.10926004,-0.010563538,-5.143743e-05,-0.0059643155,-0.0023717568,-0.0018755121,-0.0016317632,0.0,0.05397397,-0.0020607328,-0.0004890964,0.005312374,0.099473536,0.004141545
2892,0.0050096945,0.0,0.00508062,-0.0078102536,-0.0014581572,0.005641249,0.026838558,0.0016731084,0.03676573,0.008150764,-0.0013338625,-3.711055e-05,0.0,0.0,0.0,0.00031905598,0.009377251,0.003052714,0.0,-0.0077481605,-0.005806243,-0.0004922155,-0.00027172227,0.2105411,0.04866675,0.003506448,0.0004254509,-0.00059893256,0.020134209,-0.002030258,0.0018594805,0.0014818693,-0.00010926255,0.147743,0.0098388735,5.6470104e-05,0.19847581,0.052928574,0.04279189,-0.00047404435,0.0,0.0,0.17124945,0.44841418,-0.0035767227,0.019480899,0.0,0.0008935593,-0.001197784,0.10926004,-0.010563538,-5.143743e-05,-0.0059643155,-0.0023717568,-0.0018755121,-0.0016317632,0.0,0.05397397,-0.0020607328,-0.0004890964,0.005312374,0.099473536,0.004141545
2893,0.0050096945,0.0,0.00508062,-0.0078102536,-0.0014581572,0.005641249,0.026838558,0.0016731084,0.03676573,0.008150764,-0.0013338625,-3.711055e-05,0.0,0.0,0.0,0.00031905598,0.009377251,0.003052714,0.0,-0.0077481605,-0.005806243,0.0009546476,-0.00027172227,0.2105411,0.04866675,0.003506448,0.0004254509,-0.00059893256,0.020134209,-0.002030258,0.0018594805,0.0014818693,-0.00010926255,0.14908345,0.0098388735,0.00010818662,0.19847581,0.052928574,0.04279189,-0.00047404435,0.0,0.0,0.17100053,0.44549668,-0.0035767227,0.019480899,0.0,0.0008935593,-0.001197784,0.10926004,-0.010812457,-5.143743e-05,-0.0059643155,-0.0023717568,-0.0018755121,-0.0016317632,0.0,0.05397397,-0.0020607328,-0.0004890964,0.005312374,0.10004987,0.004141545
2894,0.0050096945,0.0,0.00508062,-0.0078102536,-0.0014581572,0.005641249,0.026838558,0.0016731084,0.03676573,0.008150764,-0.0013338625,-3.711055e-05,0.0,0.0,0.0,0.00031905598,0.009377251,0.003052714,0.0,-0.0077481605,-0.005806243,0.0009546476,-0.00027172227,0.2105411,0.04866675,0.003506448,0.0004254509,-0.00059893256,0.020134209,-0.002030258,0.0018594805,0.0014818693,-0.00010926255,0.14908345,0.0098388735,5.6470104e-05,0.19847581,0.052928574,0.04279189,-0.00047404435,0.0,0.0,0.17124945,0.44562688,-0.0035767227,0.019480899,0.0,0.0008935593,-0.001197784,0.10926004,-0.010563538,-5.143743e-05,-0.0059643155,-0.0023717568,-0.0018755121,-0.0016317632,0.0,0.05397397,-0.0020607328,-0.0004890964,0.005312374,0.099473536,0.004141545
2895,0.0050096945,0.0,0.00508062,-0.0078102536,-0.0014581572,0.005641249,0.026838558,0.0016731084,0.03676573,0.008150764,-0.0013338625,-3.711055e-05,0.0,0.0,0.0,0.00031905598,0.009377251,0.003052714,0.0,-0.0077481605,-0.005806243,-0.0004922155,-0.00027172227,0.2105411,0.04866675,0.003506448,0.0004254509,-0.00059893256,0.020134209,-0.002030258,0.0018594805,0.0014818693,-0.00010926255,0.147743,0.0098388735,5.6470104e-05,0.19847581,0.052928574,0.04279189,-0.00047404435,0.0,0.0,0.17124945,0.44841418,-0.0035767227,0.019480899,0.0,0.0008935593,-0.001197784,0.10926004,-0.010563538,-5.143743e-05,-0.0059643155,-0.0023717568,-0.0018755121,-0.0016317632,0.0,0.05397397,-0.0020607328,-0.0004890964,0.005312374,0.099473536,0.004141545
2896,0.0050096945,0.0,0.00508062,-0.0078102536,-0.0014581572,0.005641249,0.026838558,0.0016731084,0.038506635,0.008150764,-0.0013338625,-3.711055e-05,0.0,0.0,0.0,0.00031905598,0.009377251,0.003052714,0.0,-0.0077481605,-0.005806243,0.0009546476,-0.00027172227,0.21018022,0.04866675,0.003506448,0.0004254509,-0.00059893256,0.020134209,-0.002030258,0.0018594805,0.0014818693,-0.00010926255,0.14908345,0.0098388735,5.6470104e-05,0.19847581,0.052928574,0.04279189,-0.00047404435,0.0,0.0,0.17124945,0.44562688,-0.0035767227,0.01810089,0.0,0.0008935593,-0.001197784,0.10926004,-0.010563538,-5.143743e-05,-0.0059643155,-0.0023717568,-0.0018755121,-0.0016317632,0.0,0.05397397,-0.0020607328,-0.0004890964,0.005312374,0.099473536,0.004141545
2897,0.0050096945,0.0,0.00508062,-0.0078102536,-0.0014581572,0.005641249,0.026838558,0.0016731084,0.03676573,0.008150764,-0.0013338625,-3.711055e-05,0.0,0.0,0.0,0.00031905598,0.009377251,0.003052714,0.0,-0.0077481605,-0.005806243,-0.0004922155,-0.00027172227,0.2105411,0.04866675,0.003506448,0.0004254509,-0.00059893256,0.020134209,-0.002030258,0.0018594805,0.0014818693,-0.00010926255,0.147743,0.0098388735,5.6470104e-05,0.19847581,0.052928574,0.04279189,-0.00047404435,0.0,0.0,0.17124945,0.44841418,-0.0035767227,0.019480899,0.0,0.0008935593,-0.001197784,0.10926004,-0.010563538,-5.143743e-05,-0.0059643155,-0.0023717568,-0.0018755121,-0.0016317632,0.0,0.05397397,-0.0020607328,-0.0004890964,0.005312374,0.099473536,0.004141545
2898,0.0050096945,0.0,0.00508062,-0.0078102536,-0.0014581572,0.005641249,0.026838558,0.0016731084,0.038506635,0.008150764,-0.0013338625,-3.711055e-05,0.0,0.0,0.0,0.00031905598,0.009377251,0.003052714,0.0,-0.0077481605,-0.005806243,0.0009546476,-0.00027172227,0.21018022,0.04866675,0.003506448,0.0004254509,-0.00059893256,0.020134209,-0.002030258,0.0018594805,0.0014818693,-0.00010926255,0.14908345,0.0098388735,-0.00038965093,0.19847581,0.052928574,0.04279189,-0.00047404435,0.0,0.0,0.17124945,0.44549668,-0.0035767227,0.01810089,0.0,0.0008935593,-0.001197784,0.10926004,-0.010563538,-5.143743e-05,-0.0059643155,-0.0023717568,-0.0018755121,-0.0016317632,0.0,0.05397397,-0.0020607328,-0.0004890964,0.005312374,0.10004987,0.004141545
2899,0.0050096945,0.0,0.00508062,-0.0078102536,-0.0014581572,0.005641249,0.026838558,0.0016731084,0.03676573,0.008150764,-0.0013338625,-3.711055e-05,0.0,0.0,0.0,0.00031905598,0.009377251,0.003052714,0.0,-0.0077481605,-0.005806243,-0.0004922155,-0.00027172227,0.2105411,0.04866675,0.003506448,0.0004254509,-0.00059893256,0.020134209,-0.002030258,0.0018594805,0.0014818693,-0.00010926255,0.147743,0.0098388735,0.0013166785,0.19847581,0.052928574,0.04279189,-0.00047404435,0.0,0.0,0.17124945,0.44598123,-0.0035767227,0.019480899,0.0,0.0008935593,-0.001197784,0.10926004,-0.010563538,-5.143743e-05,-0.0059643155,-0.0023717568,-0.0018755121,-0.0016317632,0.0,0.05397397,-0.0020607328,-0.0004890964,0.005312374,0.10064627,0.004141545
2950,-0.00036481774,0.0,-0.00043736555,-0.0058533503,0.0011349958,-0.0024328914,0.012463262,-0.005005564,0.02249022,-0.00094848796,0.0001492801,0.00017402662,0.0,0.0,0.0,-0.0029003767,0.005672957,-0.00010618098,0.0,0.00077767106,0.0027645868,5.7907477e-05,-0.00012462793,-0.20656833,0.015239116,0.0061644185,-0.0007841112,-0.0007300108,-0.00662882,0.00068117527,0.00036064323,0.0002799806,0.0025634265,-0.03903639,-0.0056440495,0.00063123147,-0.20633416,-0.06142793,-0.023003737,-0.0018545807,0.0,0.0,-0.17091478,-0.39619532,0.0020655552,-0.005869464,0.0,-0.0017187139,3.3630393e-05,0.015929472,-0.052696716,-2.64441e-05,0.0008280608,0.0003826445,-0.0007186803,0.0007052553,0.0,0.012737129,0.00050287833,-0.0015734943,-0.0020471164,-0.052294064,-0.0035538897
2951,-0.00036481774,0.0,-0.00043736555,-0.0058533503,0.0011349958,0.020436857,0.007036155,-0.005005564,0.02249022,-0.00094848796,0.0001492801,-1.7086602e-05,0.0,0.0,0.0,-0.0029003767,0.005672957,-0.00010618098,0.0,0.00077767106,0.0027645868,-0.006826531,-0.00012462793,-0.20680216,0.014038551,0.0061644185,-0.0007841112,-0.0007300108,-0.00662882,0.00068117527,0.00036064323,0.0002799806,-8.170852e-05,-0.032107852,-0.0056440495,-0.0006745928,-0.20633416,-0.061613455,-0.021207917,-0.0018545807,0.0,0.0,-0.15467955,-0.39370975,0.0020655552,-0.005869464,0.0,-0.0004982132,3.3630393e-05,0.015561177,-0.04919406,-2.64441e-05,0.0008280608,0.0021184068,-0.0007186803,0.0007052553,0.0,0.012732448,0.00050287833,-0.0015734943,-0.0018466422,-0.04338884,-0.0035538897
2952,-0.00036481774,0.0,-0.00043736555,-0.0058533503,0.0011349958,0.020436857,0.007036155,-0.005005564,0.02249022,-0.00094848796,0.0001492801,-1.7086602e-05,0.0,0.0,0.0,-0.0029003767,0.005672957,-0.00010618098,0.0,0.00077767106,0.0027645868,-0.006826531,-0.00012462793,-0.20680216,0.014038551,0.0061644185,-0.0007841112,-0.0007300108,-0.00662882,0.00068117527,0.00048243144,0.0002799806,0.0025634265,-0.032107852,-0.0056440495,-0.0006745928,-0.20633416,-0.061613455,-0.022881385,-0.0018545807,0.0,0.0,-0.1653439,-0.3932068,0.0020655552,-0.005869464,0.0,-0.0004982132,3.3630393e-05,0.015561177,-0.049678344,-2.64441e-05,0.0008280608,0.0003826445,-0.0007186803,0.0007052553,0.0,0.012771792,0.00050287833,-0.0015734943,-0.0020471164,-0.046597853,-0.0035538897
2953,-0.00036481774,0.0,-0.00043736555,-0.0058533503,0.0011349958,-0.0024328914,0.012463262,-0.005005564,0.02249022,-0.00094848796,0.0001492801,0.00017402662,0.0,0.0,0.0,-0.0029003767,0.005672957,-0.00010618098,0.0,0.00077767106,0.0027645868,0.00018847323,-0.00012462793,-0.20656833,0.014990918,0.0061644185,-0.0007841112,-0.0007300108,-0.00662882,0.00068117527,0.00036064323,0.0002799806,0.0025634265,-0.0391911,-0.0056440495,0.00063123147,-0.20633416,-0.06142793,-0.023003737,-0.0018545807,0.0,0.0,-0.17101501,-0.3960471,0.0020655552,-0.005869464,0.0,-0.0017187139,3.3630393e-05,0.01605357,-0.052696716,-2.64441e-05,0.0008280608,0.0003826445,-0.0007186803,0.0007052553,0.0,0.0126368925,0.00050287833,-0.0015734943,-0.0018466422,-0.052294064,-0.0035538897
2954,-0.00036481774,0.0,-0.00043736555,-0.0058533503,0.0011349958,0.020436857,0.007036155,-0.005005564,0.02249022,-0.00094848796,0.0001492801,0.00017402662,0.0,0.0,0.0,-0.0029003767,0.005672957,-0.00010618098,0.0,0.00077767106,0.0027645868,-0.0015644145,-0.00012462793,-0.20680216,0.014038551,0.0061644185,-0.0007841112,-0.0007300108,-0.00662882,0.00068117527,0.00036064323,0.0002799806,0.0025634265,-0.032107852,-0.0056440495,0.00063123147,-0.20633416,-0.061613455,-0.022881385,-0.0018545807,0.0,0.0,-0.17143162,-0.39286253,0.0020655552,-0.005869464,0.0,-0.0004982132,3.3630393e-05,0.016190996,-0.049678344,-2.64441e-05,0.0008280608,0.0003826445,-0.0007186803,0.0007052553,0.0,0.0126368925,0.00050287833,-0.0015734943,-0.0018466422,-0.04818705,-0.0035538897
2955,-0.00036481774,0.0,-0.00043736555,-0.0058533503,0.0011349958,-0.0024328914,0.007036155,-0.005005564,0.01414447,-0.00094848796,0.0001492801,0.00017402662,0.0,0.0,0.0,-0.0029003767,0.0029231743,-0.00010618098,0.0,0.00077767106,0.0027645868,0.0003072973,-0.00012462793,-0.2081974,0.014038551,0.0061644185,-0.0007841112,-0.0007300108,-0.00662882,0.00068117527,0.00055802165,0.0002799806,0.0025634265,-0.03357428,-0.0056440495,0.00063123147,-0.20638466,-0.06186433,-0.023003737,-0.00095420436,0.0,0.0,-0.17213067,-0.39700255,0.0020655552,-0.005869464,0.0,-0.0017187139,3.3630393e-05,0.015967613,-0.037681792,-2.64441e-05,0.0008280608,0.0003826445,-0.0007186803,0.0007052553,0.0,0.012737129,0.00050287833,-0.0015734943,-0.0020471164,-0.052294064,-0.0035538897
2956,-0.00036481774,0.0,-0.00043736555,-0.0058533503,0.0011349958,-0.0024328914,-0.02686128,-0.0052906247,0.013367611,-0.00094848796,0.0001492801,0.00017402662,0.0,0.0,0.0,-0.0029003767,0.0026875632,-0.00010618098,0.0,0.00077767106,0.0027645868,5.7907477e-05,-0.00012462793,-0.1909385,-0.19338155,0.0061644185,-0.0007841112,-0.0007300108,-0.00662882,0.00068117527,-0.00078436575,0.0002799806,0.0025634265,-0.032164328,-0.0056440495,0.00063123147,-0.13956434,-0.052634902,-0.016079213,-0.00095420436,0.0,0.0,-0.122746095,-0.30027515,0.0020655552,-0.005869464,0.0,-0.0017187139,3.3630393e-05,0.0130691,-0.037681792,-2.64441e-05,0.0008280608,0.0003826445,-0.0007186803,0.0007052553,0.0,0.0092822835,0.00050287833,-0.0015734943,-0.0018466422,-0.050924584,-0.002318735
2957,-0.00036481774,0.0,-0.00043736555,-0.0058533503,0.0011349958,-0.0024328914,0.007036155,-0.005005564,0.02249022,-0.00094848796,0.0001492801,-1.7086602e-05,0.0,0.0,0.0,-0.0029003767,0.005672957,-0.00010618098,0.0,0.00077767106,0.0027645868,0.0003072973,-0.00012462793,-0.20680216,0.014038551,0.0061644185,-0.0007841112,-0.0007300108,-0.00662882,0.00068117527,-0.00078436575,0.0002799806,0.0025634265,-0.03357428,-0.0056440495,-0.0006745928,-0.20638466,-0.061613455,-0.021538997,-0.0018545807,0.0,0.0,-0.17123583,-0.39708516,0.0020655552,-0.005869464,0.0,-0.0004982132,3.3630393e-05,0.015967613,-0.0505231,-2.64441e-05,0.0008280608,0.0003826445,-0.0007186803,0.0007052553,0.0,0.012832686,0.00050287833,-0.0015734943,-0.0020471164,-0.05204772,-0.0035538897
2958,-0.00036481774,0.0,-0.00043736555,-0.0058533503,0.0011349958,0.020436857,0.004562495,-0.005005564,0.021635883,-0.00094848796,0.0001492801,0.00017402662,0.0,0.0,0.0,-0.0029003767,0.005672957,-0.00010618098,0.0,0.00077767106,0.0027645868,0.00018847323,-0.00012462793,-0.20606112,0.014038551,0.0061644185,-0.0007841112,-0.0007300108,-0.00662882,0.00068117527,0.00055802165,0.0002799806,0.0025634265,-0.032107852,-0.0056440495,0.00063123147,-0.20638466,-0.061613455,-0.023003737,-0.0018545807,0.0,0.0,-0.17137404,-0.3946636,0.0020655552,-0.005869464,0.0,-0.0017187139,3.3630393e-05,0.016345805,-0.04859813,-2.64441e-05,0.0008280608,0.0003826445,-0.0007186803,0.0007052553,0.0,0.012663553,0.00050287833,-0.0015734943,-0.0020471164,-0.04547472,-0.0035538897
2959,-0.00036481774,0.0,-0.00043736555,-0.0058533503,0.0011349958,-0.0024328914,0.012463262,-0.005005564,0.02249022,-0.00094848796,0.0001492801,0.00017402662,0.0,0.0,0.0,-0.0029003767,0.005672957,-0.00010618098,0.0,0.00077767106,0.0027645868,0.0003072973,-0.00012462793,-0.20656833,0.014990918,0.0061644185,-0.0007841112,-0.0007300108,-0.00662882,0.00068117527,0.00055802165,0.0002799806,0.0025634265,-0.03903639,-0.0056440495,0.00063123147,-0.20638466,-0.06142793,-0.023003737,-0.0018545807,0.0,0.0,-0.17101501,-0.39624408,0.0020655552,-0.005869464,0.0,-0.0017187139,3.3630393e-05,0.015830183,-0.052696716,-2.64441e-05,0.0008280608,0.0003826445,-0.0007186803,0.0007052553,0.0,0.0126368925,0.00050287833,-0.0015734943,-0.0018466422,-0.052294064,-0.0035538897
2960,-0.00036481774,0.0,-0.00043736555,-0.0058533503,0.0011349958,0.020436857,0.006825312,-0.005005564,0.02249022,-0.00094848796,0.0001492801,-1.7086602e-05,0.0,0.0,0.0,-0.0029003767,0.005672957,-0.00010618098,0.0,0.00077767106,0.0027645868,-0.0015644145,-0.00012462793,-0.20680216,0.014038551,0.0061644185,-0.0007841112,-0.0007300108,-0.00662882,0.00068117527,0.00036064323,0.0002799806,0.0025634265,-0.032107852,-0.0056440495,-0.0006745928,-0.20633416,-0.061613455,-0.022881385,-0.0018545807,0.0,0.0,-0.17127849,-0.3931459,0.0020655552,-0.005869464,0.0,-0.0004982132,3.3630393e-05,0.016444495,-0.049678344,-2.64441e-05,0.0008280608,0.0003826445,-0.0007186803,0.0007052553,0.0,0.012832686,0.00050287833,-0.0015734943,-0.0020471164,-0.046597853,-0.0035538897
2961,-0.00036481774,0.0,-0.00043736555,-0.0058533503,0.0011349958,0.020436857,0.007036155,-0.005005564,0.021635883,-0.00094848796,0.0001492801,-1.7086602e-05,0.0,0.0,0.0,-0.0029003767,0.005672957,-0.00010618098,0.0,0.00077767106,0.0027645868,-0.0015644145,-0.00012462793,-0.20702803,0.014038551,0.0061644185,-0.0007841112,-0.0007300108,-0.00662882,0.00068117527,0.00036064323,0.0002799806,0.0025634265,-0.032107852,-0.0056440495,-0.0006745928,-0.20633416,-0.061613455,-0.022881385,-0.0018545807,0.0,0.0,-0.17123583,-0.3931459,0.0020655552,-0.005869464,0.0,-0.0004982132,3.3630393e-05,0.016190996,-0.04859813,-2.64441e-05,0.0008280608,0.0003826445,-0.0007186803,0.0007052553,0.0,0.012832686,0.00050287833,-0.0015734943,-0.0020471164,-0.046597853,-0.0035538897
2962,-0.00036481774,0.0,-0.00043736555,-0.0058533503,0.0011349958,0.020436857,0.007036155,-0.005005564,0.02249022,-0.00094848796,0.0001492801,0.00017402662,0.0,0.0,0.0,-0.0029003767,0.005672957,-0.00010618098,0.0,0.00077767106,0.0027645868,0.00018847323,-0.00012462793,-0.20680216,0.014038551,0.0061644185,-0.0007841112,-0.0007300108,-0.00662882,0.00068117527,0.00046165727,0.0002799806,0.0025634265,-0.032107852,-0.0056440495,0.00063123147,-0.20638466,-0.061613455,-0.022881385,-0.0018545807,0.0,0.0,-0.17143162,-0.39461538,0.0020655552,-0.005869464,0.0,-0.0004982132,3.3630393e-05,0.016140489,-0.049678344,-2.64441e-05,0.0008280608,0.0003826445,-0.0007186803,0.0007052553,0.0,0.0126368925,0.00050287833,-0.0015734943,-0.0018466422,-0.04818705,-0.0035538897
2963,-0.00036481774,0.0,-0.00043736555,-0.0058533503,0.0011349958,-0.0024328914,0.007036155,-0.005005564,0.02249022,-0.00094848796,0.0001492801,0.00017402662,0.0,0.0,0.0,-0.0029003767,0.005672957,-0.00010618098,0.0,0.00077767106,0.0027645868,5.7907477e-05,-0.00012462793,-0.20680216,0.014038551,0.0061644185,-0.0007841112,-0.0007300108,-0.00662882,0.00068117527,0.00055802165,0.0002799806,0.0025634265,-0.03357428,-0.0056440495,0.00063123147,-0.20638466,-0.061613455,-0.022881385,-0.0018545807,0.0,0.0,-0.17143162,-0.3966771,0.0020655552,-0.005869464,0.0,-0.0004982132,3.3630393e-05,0.016092308,-0.0505231,-2.64441e-05,0.0008280608,0.0003826445,-0.0007186803,0.0007052553,0.0,0.0126368925,0.00050287833,-0.0015734943,-0.0018466422,-0.053636916,-0.0035538897
2964,-0.00036481774,0.0,-0.00043736555,-0.0058533503,0.0011349958,-0.0024328914,0.007036155,-0.005005564,0.02249022,-0.00094848796,0.0001492801,-1.7086602e-05,0.0,0.0,0.0,-0.0029003767,0.005672957,-0.00010618098,0.0,0.00077767106,0.0027645868,5.7907477e-05,-0.00012462793,-0.20680216,0.014038551,0.0061644185,-0.0007841112,-0.0007300108,-0.00662882,0.00068117527,0.00055802165,0.0002799806,0.0025634265,-0.03357428,-0.0056440495,0.00063123147,-0.20638466,-0.061613455,-0.023003737,-0.0018545807,0.0,0.0,-0.17123583,-0.3966771,0.0020655552,-0.005869464,0.0,-0.0017187139,3.3630393e-05,0.016092308,-0.0505231,-2.64441e-05,0.0008280608,0.0003826445,-0.0007186803,0.0007052553,0.0,0.012832686,0.00050287833,-0.0015734943,-0.0020471164,-0.052294064,-0.0035538897
2965,-0.00036481774,0.0,-0.00043736555,-0.0058533503,0.0011349958,-0.0024328914,0.007036155,-0.005005564,0.02249022,-0.00094848796,0.0001492801,-1.7086602e-05,0.0,0.0,0.0,-0.0029003767,0.005672957,-0.00010618098,0.0,0.00077767106,0.0027645868,5.7907477e-05,-0.00012462793,-0.20229374,0.014038551,0.0061644185,-0.0007841112,-0.0007300108,-0.00662882,0.00068117527,0.00055802165,0.0002799806,0.0025634265,-0.03357428,-0.0056440495,0.00063123147,-0.20472433,-0.061613455,-0.023003737,-0.0018545807,0.0,0.0,-0.17123583,-0.3947043,0.0020655552,-0.005869464,0.0,-0.0017187139,3.3630393e-05,0.016214985,-0.0505231,-2.64441e-05,0.0008280608,0.0003826445,-0.0007186803,0.0007052553,0.0,0.013410145,0.00050287833,-0.0015734943,0.023532664,-0.04945593,-0.0035538897
2966,-0.00036481774,0.0,-0.00043736555,-0.0058533503,0.0011349958,-0.0024328914,0.007036155,-0.005005564,0.02249022,-0.00094848796,0.0001492801,0.00017402662,0.0,0.0,0.0,-0.0029003767,0.005672957,-0.00010618098,0.0,0.00077767106,0.0027645868,0.00018847323,-0.00012462793,-0.20680216,0.014038551,0.0061644185,-0.0007841112,-0.0007300108,-0.00662882,0.00068117527,0.00055802165,0.0002799806,0.0025634265,-0.03372899,-0.0056440495,0.00063123147,-0.20638466,-0.061613455,-0.023003737,-0.0018545807,0.0,0.0,-0.17133139,-0.39665297,0.0020655552,-0.005869464,0.0,-0.0017187139,3.3630393e-05,0.016092308,-0.0505231,-2.64441e-05,0.0008280608,0.0003826445,-0.0007186803,0.0007052553,0.0,0.012737129,0.00050287833,-0.0015734943,-0.0020471164,-0.052294064,-0.0035538897
2967,-0.00036481774,0.0,-0.00043736555,-0.0058533503,0.0011349958,0.020436857,0.007036155,-0.005005564,0.02249022,-0.00094848796,0.0001492801,-1.7086602e-05,0.0,0.0,0.0,-0.0029003767,0.005672957,-0.00010618098,0.0,0.00077767106,0.0027645868,-0.006826531,-0.00012462793,-0.20680216,0.014038551,0.0061644185,-0.0007841112,-0.0007300108,-0.00662882,0.00068117527,0.00036064323,0.0002799806,0.0025634265,-0.032107852,-0.0056440495,-0.0006745928,-0.20633416,-0.061613455,-0.022881385,-0.0018545807,0.0,0.0,-0.16544412,-0.3931459,0.0020655552,-0.005869464,0.0,-0.0004982132,3.3630393e-05,0.015561177,-0.049678344,-2.64441e-05,0.0008280608,0.0003826445,-0.0007186803,0.0007052553,0.0,0.012732448,0.00050287833,-0.0015734943,-0.0018466422,-0.046597853,-0.0035538897
2968,-0.00036481774,0.0,-0.00043736555,-0.0058533503,0.0011349958,0.020436857,0.012463262,-0.005005564,0.02249022,-0.00094848796,0.0001492801,0.00017402662,0.0,0.0,0.0,-0.0029003767,0.005672957,-0.00010618098,0.0,0.00077767106,0.0027645868,-0.0015644145,-0.00012462793,-0.20656833,0.015239116,0.0061644185,-0.0007841112,-0.0007300108,-0.00662882,0.00068117527,0.00048243144,0.0002799806,0.0025634265,-0.03756996,-0.0056440495,0.00063123147,-0.20633416,-0.06142793,-0.023003737,-0.0018545807,0.0,0.0,-0.17091478,-0.39248982,0.0020655552,-0.005869464,0.0,-0.0017187139,3.3630393e-05,0.015929472,-0.05185196,-2.64441e-05,0.0008280608,0.0003826445,-0.0007186803,0.0007052553,0.0,0.012676234,0.00050287833,-0.0015734943,-0.0020471164,-0.0468442,-0.0035538897
2969,-0.00036481774,0.0,-0.00043736555,-0.0058533503,0.0011349958,-0.0024328914,-0.07444671,-0.0052906247,0.010875815,-0.00094848796,0.0001492801,0.00017402662,0.0,0.0,0.0,-0.0029003767,0.0017455366,-0.00010618098,0.0,0.00077767106,0.0027645868,0.0003072973,-0.00012462793,-0.14563091,-0.23897144,0.0061644185,-0.0007841112,-0.0007300108,-0.00662882,0.00068117527,-0.01787488,0.0002799806,0.0025634265,-0.032164328,-0.0056440495,0.00063123147,-0.1232173,-0.037667125,-0.016079213,-0.00095420436,0.0,0.0,-0.1075675,-0.2747901,0.0020655552,-0.005869464,0.0,-0.0017187139,3.3630393e-05,0.00968215,-0.037681792,-2.64441e-05,0.0008280608,0.0003826445,-0.0007186803,0.0007052553,0.0,0.009034025,0.00050287833,-0.0015734943,-0.0020471164,-0.050924584,-0.002318735
2970,-0.00036481774,0.0,-0.00043736555,-0.0058533503,0.0011349958,-0.0024328914,0.012463262,-0.005005564,0.02249022,-0.00094848796,0.0001492801,-1.7086602e-05,0.0,0.0,0.0,-0.0029003767,0.005672957,-0.00010618098,0.0,0.00077767106,0.0027645868,0.0003072973,-0.00012462793,-0.20656833,0.014990918,0.0061644185,-0.0007841112,-0.0007300108,-0.00662882,0.00068117527,0.00055802165,0.0002799806,0.0025634265,-0.03903639,-0.0056440495,0.0007401777,-0.20638466,-0.06142793,-0.023003737,-0.0018545807,0.0,0.0,-0.17081922,-0.39622262,0.0020655552,-0.005869464,0.0,-0.0017187139,3.3630393e-05,0.015830183,-0.052696716,-2.64441e-05,0.0008280608,0.0003826445,-0.0007186803,0.0007052553,0.0,0.012832686,0.00050287833,-0.0015734943,-0.0020471164,-0.05242448,-0.0035538897
2971,-0.00036481774,0.0,-0.00043736555,-0.0058533503,0.0011349958,-0.0024328914,0.007036155,-0.005005564,0.02249022,-0.00094848796,0.0001492801,-1.7086602e-05,0.0,0.0,0.0,-0.0029003767,0.005672957,-0.00010618098,0.0,0.00077767106,0.0027645868,0.0003072973,-0.00012462793,-0.20680216,0.014038551,0.0061644185,-0.0007841112,-0.0007300108,-0.00662882,0.00068117527,-0.01787488,0.0002799806,0.0025634265,-0.03357428,-0.0056440495,0.00063123147,-0.19650817,-0.05674631,-0.021661349,-0.0018545807,0.0,0.0,-0.17123583,-0.39216504,0.0020655552,-0.005869464,0.0,-0.0017187139,3.3630393e-05,0.013677719,-0.0505231,-2.64441e-05,0.0008280608,0.0003826445,-0.0007186803,0.0007052553,0.0,0.012832686,0.00050287833,-0.0015734943,-0.0020471164,-0.052294064,-0.0035538897
2972,-0.00036481774,0.0,-0.00043736555,-0.0058533503,0.0011349958,-0.0024328914,-0.07444671,-0.0052906247,0.002561296,-0.00094848796,0.0001492801,0.00017402662,0.0,0.0,0.0,-0.0029003767,0.0009558393,-0.00010618098,0.0,0.00077767106,0.0027645868,5.7907477e-05,-0.00012462793,-0.1462651,-0.23897144,-0.0010697764,-0.0007841112,-0.0007300108,-0.00662882,0.00068117527,-0.00078436575,0.0002799806,0.0025634265,-0.032164328,-0.003176902,0.00063123147,-0.13399805,-0.04253427,-0.016079213,-0.00095420436,0.0,0.0,-0.107933894,-0.28036067,0.0020655552,-0.0048646173,0.0,-0.0017187139,3.3630393e-05,0.013083644,-0.034108967,-2.64441e-05,0.0008280608,0.0003826445,-0.0007186803,0.0007052553,0.0,0.009034025,0.00050287833,-0.0015734943,-0.0020471164,-0.051446125,-0.0006354258
2973,-0.00036481774,0.0,-0.00043736555,-0.0058533503,0.0011349958,0.020436857,0.007036155,-0.005005564,0.02249022,-0.00094848796,0.0001492801,-1.7086602e-05,0.0,0.0,0.0,-0.0029003767,0.005672957,-0.00010618098,0.0,0.00077767106,0.0027645868,-0.0015644145,-0.00012462793,-0.20680216,0.014990918,0.0061644185,-0.0007841112,-0.0007300108,-0.00662882,0.00068117527,0.00036064323,0.0002799806,0.0025634265,-0.032107852,-0.0056440495,-0.0006745928,-0.20633416,-0.06142793,-0.022881385,-0.0018545807,0.0,0.0,-0.17133607,-0.3931459,0.0020655552,-0.005869464,0.0,-0.0004982132,3.3630393e-05,0.016190996,-0.050816238,-2.64441e-05,0.0008280608,0.0003826445,-0.0007186803,0.0007052553,0.0,0.012732448,0.00050287833,-0.0015734943,-0.0018466422,-0.046597853,-0.0035538897
2974,-0.00036481774,0.0,-0.00043736555,-0.0058533503,0.0011349958,-0.0024328914,0.004562495,-0.005005564,0.01414447,-0.00094848796,0.0001492801,0.00017402662,0.0,0.0,0.0,-0.0029003767,0.005672957,-0.00010618098,0.0,0.00077767106,0.0027645868,0.0003072973,-0.00012462793,-0.2072305,0.014038551,0.0061644185,-0.0007841112,-0.0007300108,-0.00662882,0.00068117527,-0.01787488,0.0002799806,0.0025634265,-0.03357428,-0.0056440495,0.00063123147,-0.19650817,-0.05674631,-0.021661349,-0.00095420436,0.0,0.0,-0.17197137,-0.39216504,0.0020655552,-0.005869464,0.0,-0.0017187139,3.3630393e-05,0.013931216,-0.04108512,-2.64441e-05,0.0008280608,0.0003826445,-0.0007186803,0.0007052553,0.0,0.012663553,0.00050287833,-0.0015734943,-0.0020471164,-0.050924584,-0.0035538897
2975,-0.00036481774,0.0,-0.00043736555,-0.0058533503,0.0011349958,0.020436857,0.007036155,-0.005005564,0.02249022,-0.00094848796,0.0001492801,-1.7086602e-05,0.0,0.0,0.0,-0.0029003767,0.005672957,-0.00010618098,0.0,0.00077767106,0.0027645868,-0.0015644145,-0.00012462793,-0.20680216,0.014038551,0.0061644185,-0.0007841112,-0.0007300108,-0.00662882,0.00068117527,0.00036064323,0.0002799806,0.0025634265,-0.032107852,-0.0056440495,-0.0006745928,-0.20633416,-0.061613455,-0.022881385,-0.0018545807,0.0,0.0,-0.17123583,-0.3931459,0.0020655552,-0.005869464,0.0,-0.0004982132,3.3630393e-05,0.016190996,-0.049678344,-2.64441e-05,0.0008280608,0.0003826445,-0.0007186803,0.0007052553,0.0,0.012832686,0.00050287833,-0.0015734943,-0.0020471164,-0.046597853,-0.0035538897
2976,-0.00036481774,0.0,-0.00043736555,-0.0058533503,0.0011349958,-0.0024328914,0.007036155,-0.005005564,0.02249022,-0.00094848796,0.0001492801,-1.7086602e-05,0.0,0.0,0.0,-0.0029003767,0.005672957,-0.00010618098,0.0,0.00077767106,0.0027645868,0.0003072973,-0.00012462793,-0.20680216,0.014990918,0.0061644185,-0.0007841112,-0.0007300108,-0.00662882,0.00068117527,0.00055802165,0.0002799806,0.0025634265,-0.03357428,-0.0056440495,0.0007401777,-0.20638466,-0.06142793,-0.023003737,-0.0018545807,0.0,0.0,-0.17123583,-0.39678034,0.0020655552,-0.005869464,0.0,-0.0017187139,3.3630393e-05,0.015967613,-0.051660992,-2.64441e-05,0.0008280608,0.0003826445,-0.0007186803,0.0007052553,0.0,0.012832686,0.00050287833,-0.0015734943,-0.0020471164,-0.05242448,-0.0035538897
2977,-0.00036481774,0.0,-0.00043736555,-0.0058533503,0.0011349958,-0.0024328914,0.007036155,-0.005005564,0.02249022,-0.0008075511,0.0001492801,-1.7086602e-05,0.0,0.0,0.0,-0.0029003767,0.005672957,-0.00010618098,0.0,0.00077767106,0.0027645868,0.0003072973,-0.00012462793,-0.20229374,0.014038551,0.0061644185,-0.0007841112,-0.0007300108,-0.00662882,0.00068117527,-0.00078436575,0.0002799806,0.0025634265,-0.03374585,-0.0056440495,0.00063123147,-0.20469369,-0.061613455,-0.021661349,-0.0018545807,0.0,0.0,-0.17123583,-0.394829,0.0020655552,-0.005869464,0.0,-0.0017187139,3.3630393e-05,0.01609029,-0.0505231,-2.64441e-05,0.0008280608,0.0003826445,-0.0007186803,0.0007052553,0.0,0.013410145,0.00050287833,-0.0015734943,0.023532664,-0.04945593,-0.0035538897
2978,-0.00036481774,0.0,-0.00043736555,-0.0058533503,0.0011349958,0.020436857,0.007036155,-0.005005564,0.02249022,-0.00094848796,0.0001492801,-1.7086602e-05,0.0,0.0,0.0,-0.0029003767,0.005672957,-0.00010618098,0.0,0.00077767106,0.0027645868,-0.006826531,-0.00012462793,-0.20680216,0.014038551,0.0061644185,-0.0007841112,-0.0007300108,-0.00662882,0.00068117527,0.00048243144,0.0002799806,0.0025634265,-0.032107852,-0.0056440495,-0.0006745928,-0.20633416,-0.061613455,-0.022881385,-0.0018545807,0.0,0.0,-0.16544412,-0.3932068,0.0020655552,-0.005869464,0.0,-0.0004982132,3.3630393e-05,0.015561177,-0.049678344,-2.64441e-05,0.0008280608,0.0003826445,-0.0007186803,0.0007052553,0.0,0.012671554,0.00050287833,-0.0015734943,-0.0018466422,-0.046597853,-0.0035538897
2979,-0.00036481774,0.0,-0.00043736555,-0.0058533503,0.0011349958,0.020436857,0.007036155,-0.005005564,0.02249022,-0.00094848796,0.0001492801,0.00017402662,0.0,0.0,0.0,-0.0029003767,0.005672957,-0.00010618098,0.0,0.00077767106,0.0027645868,-0.006826531,-0.00012462793,-0.20680216,0.014038551,0.0061644185,-0.0007841112,-0.0007300108,-0.00662882,0.00068117527,0.00048243144,0.0002799806,0.0025634265,-0.032107852,-0.0056440495,0.00063123147,-0.20633416,-0.061613455,-0.023003737,-0.0018545807,0.0,0.0,-0.16553968,-0.39292344,0.0020655552,-0.005869464,0.0,-0.0017187139,3.3630393e-05,0.015561177,-0.049678344,-2.64441e-05,0.0008280608,0.0003826445,-0.0007186803,0.0007052553,0.0,0.012575998,0.00050287833,-0.0015734943,-0.0018466422,-0.0468442,-0.0035538897
2980,-0.00036481774,0.0,-0.00043736555,-0.0058533503,0.0011349958,-0.0024328914,0.012463262,-0.005005564,0.02249022,-0.00094848796,0.0001492801,0.00017402662,0.0,0.0,0.0,-0.0029003767,0.005672957,-0.00010618098,0.0,0.00077767106,0.0027645868,0.0003072973,-0.00012462793,-0.20656833,0.015239116,0.0061644185,-0.0007841112,-0.0007300108,-0.00662882,0.00068117527,0.00055802165,0.0002799806,0.0025634265,-0.03903639,-0.0056440495,0.00063123147,-0.20638466,-0.06142793,-0.023003737,-0.0018545807,0.0,0.0,-0.17101501,-0.39636818,0.0020655552,-0.005869464,0.0,-0.0017187139,3.3630393e-05,0.015706085,-0.052696716,-2.64441e-05,0.0008280608,0.0003826445,-0.0007186803,0.0007052553,0.0,0.0126368925,0.00050287833,-0.0015734943,-0.0018466422,-0.052294064,-0.0035538897
2981,-0.00036481774,0.0,-0.00043736555,-0.0058533503,0.0011349958,0.020436857,0.007036155,-0.005005564,0.02249022,-0.00094848796,0.0001492801,0.00017402662,0.0,0.0,0.0,-0.0029003767,0.005672957,-0.00010618098,0.0,0.00077767106,0.0027645868,0.00018847323,-0.00012462793,-0.20680216,0.014038551,0.0061644185,-0.0007841112,-0.0007300108,-0.00662882,0.00068117527,0.00036064323,0.0002799806,0.0025634265,-0.032107852,-0.0056440495,0.00063123147,-0.20633416,-0.061613455,-0.023003737,-0.0018545807,0.0,0.0,-0.17143162,-0.39461538,0.0020655552,-0.005869464,0.0,-0.0017187139,3.3630393e-05,0.016190996,-0.049678344,-2.64441e-05,0.0008280608,0.0003826445,-0.0007186803,0.0007052553,0.0,0.0126368925,0.00050287833,-0.0015734943,-0.0018466422,-0.0468442,-0.0035538897
2982,-0.00036481774,0.0,-0.00043736555,-0.0058533503,0.0011349958,-0.0024328914,-0.07444671,-0.0052906247,0.004044119,-0.00094848796,0.0001492801,0.00017402662,0.0,0.0,0.0,-0.0029003767,0.0016549305,-0.00010618098,0.0,0.00077767106,0.0027645868,0.0003072973,-0.00012462793,-0.17978159,-0.19338155,0.0061644185,-0.0007841112,-0.0007300108,-0.00662882,0.00068117527,-0.01787488,0.0002799806,0.0025634265,-0.032164328,-0.003176902,0.00063123147,-0.13059206,-0.037667125,-0.016079213,-0.00095420436,0.0,0.0,-0.107933894,-0.2818421,0.0020655552,-0.0048646173,0.0,-0.0017187139,3.3630393e-05,0.011230264,-0.034108967,-2.64441e-05,0.0008280608,0.0003826445,-0.0007186803,0.0007052553,0.0,0.009034025,0.00050287833,-0.0015734943,-0.0020471164,-0.050924584,-0.0006354258
2983,-0.00036481774,0.0,-0.00043736555,-0.0058533503,0.0011349958,-0.0024328914,-0.02686128,-0.0052906247,0.02144345,-0.00094848796,0.0001492801,0.00017402662,0.0,0.0,0.0,-0.0029003767,0.0055953404,-0.00010618098,0.0,0.00077767106,0.0027645868,0.0003072973,-0.00012462793,-0.20312986,0.014038551,-0.0010697764,-0.0007841112,-0.0007300108,-0.00662882,0.00068117527,-0.00078436575,0.0002799806,0.0025634265,-0.032164328,-0.0056440495,0.00063123147,-0.19485919,-0.057821516,-0.021661349,-0.0018545807,0.0,0.0,-0.16305877,-0.3876034,0.0020655552,-0.005869464,0.0,-0.0017187139,3.3630393e-05,0.01605423,-0.049442884,-2.64441e-05,0.0008280608,0.0003826445,-0.0007186803,0.0007052553,0.0,0.012891027,0.00050287833,-0.0015734943,0.023532664,-0.04860799,-0.002318735
2984,-0.00036481774,0.0,-0.00043736555,-0.0058533503,0.0011349958,-0.0024328914,0.007036155,-0.005005564,0.02249022,-0.00094848796,0.0001492801,-1.7086602e-05,0.0,0.0,0.0,-0.0029003767,0.005672957,-0.00010618098,0.0,0.00077767106,0.0027645868,0.0003072973,-0.00012462793,-0.20680216,0.014038551,0.0061644185,-0.0007841112,-0.0007300108,-0.00662882,0.00068117527,0.00055802165,0.0002799806,0.0025634265,-0.03357428,-0.0056440495,0.00063123147,-0.20638466,-0.061613455,-0.023003737,-0.0018545807,0.0,0.0,-0.17123583,-0.3968018,0.0020655552,-0.005869464,0.0,-0.0017187139,3.3630393e-05,0.015967613,-0.0505231,-2.64441e-05,0.0008280608,0.0003826445,-0.0007186803,0.0007052553,0.0,0.012832686,0.00050287833,-0.0015734943,-0.0020471164,-0.052294064,-0.0035538897
2985,-0.00036481774,0.0,-0.00043736555,-0.0058533503,0.0011349958,0.020436857,0.006825312,-0.005005564,0.02249022,-0.00094848796,0.0001492801,0.00017402662,0.0,0.0,0.0,-0.0029003767,0.005672957,-0.00010618098,0.0,0.00077767106,0.0027645868,-0.0015644145,-0.00012462793,-0.20680216,0.014038551,0.0061644185,-0.0007841112,-0.0007300108,-0.00662882,0.00068117527,0.00036064323,0.0002799806,0.0025634265,-0.032107852,-0.0056440495,-0.0006745928,-0.20633416,-0.061613455,-0.022881385,-0.0018545807,0.0,0.0,-0.17137404,-0.3931459,0.0020655552,-0.005869464,0.0,-0.0004982132,3.3630393e-05,0.016444495,-0.049678344,-2.64441e-05,0.0008280608,0.0003826445,-0.0007186803,0.0007052553,0.0,0.012737129,0.00050287833,-0.0015734943,-0.0020471164,-0.046597853,-0.0035538897
2986,-0.00036481774,0.0,-0.00043736555,-0.0058533503,0.0011349958,-0.0024328914,0.007036155,-0.005005564,0.02249022,-0.00094848796,0.0001492801,-1.7086602e-05,0.0,0.0,0.0,-0.0029003767,0.005672957,-0.00010618098,0.0,0.00077767106,0.0027645868,5.7907477e-05,-0.00012462793,-0.20680216,0.014038551,0.0061644185,-0.0007841112,-0.0007300108,-0.00662882,0.00068117527,0.00055802165,0.0002799806,0.0025634265,-0.03357428,-0.0056440495,0.00063123147,-0.20638466,-0.061613455,-0.023003737,-0.0018545807,0.0,0.0,-0.17123583,-0.3966771,0.0020655552,-0.005869464,0.0,-0.0017187139,3.3630393e-05,0.016092308,-0.0505231,-2.64441e-05,0.0008280608,0.0003826445,-0.0007186803,0.0007052553,0.0,0.012832686,0.00050287833,-0.0015734943,-0.0020471164,-0.052294064,-0.0035538897
2987,-0.00036481774,0.0,-0.00043736555,-0.0058533503,0.0011349958,0.020436857,0.012463262,-0.005005564,0.02249022,-0.00094848796,0.0001492801,0.00017402662,0.0,0.0,0.0,-0.0029003767,0.005672957,-0.00010618098,0.0,0.00077767106,0.0027645868,5.7907477e-05,-0.00012462793,-0.20656833,0.015239116,0.0061644185,-0.0007841112,-0.0007300108,-0.00662882,0.00068117527,0.00036064323,0.0002799806,0.0025634265,-0.037415247,-0.0056440495,-0.0006745928,-0.20633416,-0.06142793,-0.023003737,-0.0018545807,0.0,0.0,-0.17091478,-0.39448926,0.0020655552,-0.005869464,0.0,-0.0017187139,3.3630393e-05,0.015929472,-0.05185196,-2.64441e-05,0.0008280608,0.0003826445,-0.0007186803,0.0007052553,0.0,0.012737129,0.00050287833,-0.0015734943,-0.0020471164,-0.045255,-0.0035538897
2988,-0.00036481774,0.0,-0.00043736555,-0.0058533503,0.0011349958,-0.0024328914,0.006825312,-0.005005564,0.0058299517,-0.00094848796,0.0001492801,-1.7086602e-05,0.0,0.0,0.0,-0.0029003767,0.0029231743,-0.00010618098,0.0,0.00077767106,0.0027645868,0.00018847323,-0.00012462793,-0.20725445,0.014038551,0.0061644185,-0.0007841112,-0.0007300108,-0.00662882,0.00068117527,0.00036064323,0.0002799806,0.0025634265,-0.03372899,-0.004128857,-0.0006745928,-0.2072384,-0.06186433,-0.022881385,-0.00095420436,0.0,0.0,-0.17228192,-0.39737198,0.0020655552,-0.0048646173,0.0,-0.0004982132,3.3630393e-05,0.01749439,-0.034234878,-2.64441e-05,0.0008280608,0.0003826445,-0.0007186803,0.0007052553,0.0,0.012895642,0.00050287833,-0.0015734943,-0.0020471164,-0.05204772,-0.0018705805
2989,-0.00036481774,0.0,-0.00043736555,-0.0058533503,0.0011349958,-0.0024328914,0.012463262,-0.005005564,0.02249022,-0.00094848796,0.0001492801,0.00017402662,0.0,0.0,0.0,-0.0029003767,0.005672957,-0.00010618098,0.0,0.00077767106,0.0027645868,5.7907477e-05,-0.00012462793,-0.20205991,0.014990918,0.0061644185,-0.0007841112,-0.0007300108,-0.00662882,0.00068117527,0.00055802165,0.0002799806,0.0025634265,-0.03903639,-0.0056440495,0.00063123147,-0.20472433,-0.06142793,-0.022881385,-0.0018545807,0.0,0.0,-0.17091478,-0.3941466,0.0020655552,-0.005869464,0.0,-0.0004982132,3.3630393e-05,0.016077558,-0.052696716,-2.64441e-05,0.0008280608,0.0003826445,-0.0007186803,0.0007052553,0.0,0.01331459,0.00050287833,-0.0015734943,0.023532664,-0.05079878,-0.0035538897
2990,-0.00036481774,0.0,-0.00043736555,-0.0058533503,0.0011349958,0.020436857,0.012463262,-0.005005564,0.02249022,-0.00094848796,0.0001492801,-1.7086602e-05,0.0,0.0,0.0,-0.0029003767,0.005672957,-0.00010618098,0.0,0.00077767106,0.0027645868,5.7907477e-05,-0.00012462793,-0.20656833,0.015239116,0.0061644185,-0.0007841112,-0.0007300108,-0.00662882,0.00068117527,0.00036064323,0.0002799806,0.0025634265,-0.037415247,-0.0056440495,-0.0006745928,-0.20633416,-0.06142793,-0.022881385,-0.0018545807,0.0,0.0,-0.17091945,-0.39448926,0.0020655552,-0.005869464,0.0,-0.0004982132,3.3630393e-05,0.015929472,-0.05185196,-2.64441e-05,0.0008280608,0.0003826445,-0.0007186803,0.0007052553,0.0,0.012732448,0.00050287833,-0.0015734943,-0.0018466422,-0.046597853,-0.0035538897
2991,-0.00036481774,0.0,-0.00043736555,-0.0058533503,0.0011349958,0.020436857,0.012463262,-0.005005564,0.02249022,-0.00094848796,0.0001492801,0.00017402662,0.0,0.0,0.0,-0.0029003767,0.005672957,-0.00010618098,0.0,0.00077767106,0.0027645868,5.7907477e-05,-0.00012462793,-0.20656833,0.015239116,0.0061644185,-0.0007841112,-0.0007300108,-0.00662882,0.00068117527,0.00036064323,0.0002799806,0.0025634265,-0.037415247,-0.0056440495,-0.0006745928,-0.20633416,-0.06142793,-0.022881385,-0.0018545807,0.0,0.0,-0.17101501,-0.39448926,0.0020655552,-0.005869464,0.0,-0.0004982132,3.3630393e-05,0.015929472,-0.05185196,-2.64441e-05,0.0008280608,0.0003826445,-0.0007186803,0.0007052553,0.0,0.0126368925,0.00050287833,-0.0015734943,-0.0018466422,-0.046597853,-0.0035538897
2992,-0.00036481774,0.0,-0.00043736555,-0.0058533503,0.0011349958,-0.0024328914,-0.0070350603,-0.005005564,0.020230543,-0.00094848796,0.0001492801,0.00017402662,0.0,0.0,0.0,-0.0029003767,0.004815871,-0.00010618098,0.0,0.00077767106,0.0027645868,5.7907477e-05,-0.00012462793,-0.15444958,-0.23897144,0.0061644185,-0.0007841112,-0.0007300108,-0.00662882,0.00068117527,0.00055802165,0.0002799806,0.0025634265,-0.032164328,-0.0056440495,0.00063123147,-0.1403339,-0.05238403,-0.017421601,-0.0018545807,0.0,0.0,-0.1274133,-0.30130652,0.0020655552,-0.005869464,0.0,-0.0017187139,3.3630393e-05,0.012797449,-0.0505231,-2.64441e-05,0.0008280608,0.0003826445,-0.0007186803,0.0007052553,0.0,0.009511414,0.00050287833,-0.0015734943,-0.0018466422,-0.050924584,-0.002318735
2993,-0.00036481774,0.0,-0.00043736555,-0.0058533503,0.0011349958,0.020436857,0.007036155,-0.005005564,0.02249022,-0.00094848796,0.0001492801,0.00017402662,0.0,0.0,0.0,-0.0029003767,0.005672957,-0.00010618098,0.0,0.00077767106,0.0027645868,-0.006826531,-0.00012462793,-0.20680216,0.014038551,0.0061644185,-0.0007841112,-0.0007300108,-0.00662882,0.00068117527,0.00036064323,0.0002799806,0.0025634265,-0.032107852,-0.0056440495,-0.0006745928,-0.20633416,-0.061613455,-0.022881385,-0.0018545807,0.0,0.0,-0.16553968,-0.3931459,0.0020655552,-0.005869464,0.0,-0.0004982132,3.3630393e-05,0.015561177,-0.049678344,-2.64441e-05,0.0008280608,0.0003826445,-0.0007186803,0.0007052553,0.0,0.0126368925,0.00050287833,-0.0015734943,-0.0018466422,-0.046597853,-0.0035538897
2994,-0.00036481774,0.0,-0.00043736555,-0.0058533503,0.0011349958,-0.0024328914,0.007036155,-0.005005564,0.02249022,-0.00094848796,0.0001492801,0.00017402662,0.0,0.0,0.0,-0.0029003767,0.005672957,-0.00010618098,0.0,0.00077767106,0.0027645868,5.7907477e-05,-0.00012462793,-0.20229374,0.014038551,0.0061644185,-0.0007841112,-0.0007300108,-0.00662882,0.00068117527,0.00055802165,0.0002799806,0.0025634265,-0.03357428,-0.0056440495,0.00063123147,-0.20472433,-0.061613455,-0.022881385,-0.0018545807,0.0,0.0,-0.17133139,-0.3947043,0.0020655552,-0.005869464,0.0,-0.0004982132,3.3630393e-05,0.016214985,-0.0505231,-2.64441e-05,0.0008280608,0.0003826445,-0.0007186803,0.0007052553,0.0,0.01331459,0.00050287833,-0.0015734943,0.023532664,-0.05079878,-0.0035538897
2995,-0.00036481774,0.0,-0.00043736555,-0.0058533503,0.0011349958,-0.0024328914,-0.07444671,-0.0052906247,0.004044119,-0.00094848796,0.0001492801,0.00017402662,0.0,0.0,0.0,-0.0029003767,0.0016549305,-0.00010618098,0.0,0.00077767106,0.0027645868,0.00018847323,-0.00012462793,-0.17978159,-0.19338155,0.0061644185,-0.0007841112,-0.0007300108,-0.00662882,0.00068117527,0.00055802165,0.0002799806,0.0025634265,-0.03231904,-0.003176902,0.00063123147,-0.14046857,-0.04253427,-0.017421601,-0.00095420436,0.0,0.0,-0.10803413,-0.28633007,0.0020655552,-0.0048646173,0.0,-0.0017187139,3.3630393e-05,0.013644853,-0.034108967,-2.64441e-05,0.0008280608,0.0003826445,-0.0007186803,0.0007052553,0.0,0.008933787,0.00050287833,-0.0015734943,-0.0018466422,-0.050924584,-0.0006354258
2996,-0.00036481774,0.0,-0.00043736555,-0.0058533503,0.0011349958,0.020436857,0.004562495,-0.005005564,0.02249022,-0.00094848796,0.0001492801,0.00017402662,0.0,0.0,0.0,-0.0029003767,0.005672957,-0.00010618098,0.0,0.00077767106,0.0027645868,0.00018847323,-0.00012462793,-0.20583525,0.014038551,0.0061644185,-0.0007841112,-0.0007300108,-0.00662882,0.00068117527,0.00055802165,0.0002799806,0.0025634265,-0.032107852,-0.0056440495,0.00063123147,-0.20638466,-0.061613455,-0.023003737,-0.0018545807,0.0,0.0,-0.17137404,-0.3946636,0.0020655552,-0.005869464,0.0,-0.0017187139,3.3630393e-05,0.016345805,-0.049678344,-2.64441e-05,0.0008280608,0.0003826445,-0.0007186803,0.0007052553,0.0,0.012663553,0.00050287833,-0.0015734943,-0.0020471164,-0.04547472,-0.0035538897
2997,-0.00036481774,0.0,-0.00043736555,-0.0058533503,0.0011349958,-0.0024328914,0.012463262,-0.005005564,0.02249022,-0.00094848796,0.0001492801,0.00017402662,0.0,0.0,0.0,-0.0029003767,0.005672957,-0.00010618098,0.0,0.00077767106,0.0027645868,5.7907477e-05,-0.00012462793,-0.20656833,0.014990918,0.0061644185,-0.0007841112,-0.0007300108,-0.00662882,0.00068117527,0.00055802165,0.0002799806,0.0025634265,-0.03903639,-0.0056440495,0.00063123147,-0.20638466,-0.06142793,-0.022881385,-0.0018545807,0.0,0.0,-0.17091478,-0.3961194,0.0020655552,-0.005869464,0.0,-0.0004982132,3.3630393e-05,0.01595488,-0.052696716,-2.64441e-05,0.0008280608,0.0003826445,-0.0007186803,0.0007052553,0.0,0.012737129,0.00050287833,-0.0015734943,-0.0020471164,-0.053636916,-0.0035538897
2998,-0.00036481774,0.0,-0.00043736555,-0.0058533503,0.0011349958,-0.0024328914,0.012463262,-0.005005564,0.02249022,-0.00094848796,0.0001492801,0.00017402662,0.0,0.0,0.0,-0.0029003767,0.005672957,-0.00010618098,0.0,0.00077767106,0.0027645868,0.0003072973,-0.00012462793,-0.20656833,0.014990918,0.0061644185,-0.0007841112,-0.0007300108,-0.00662882,0.00068117527,0.00055802165,0.0002799806,0.0025634265,-0.03903639,-0.0056440495,0.00063123147,-0.20638466,-0.06142793,-0.022881385,-0.0018545807,0.0,0.0,-0.17101501,-0.39624408,0.0020655552,-0.005869464,0.0,-0.0004982132,3.3630393e-05,0.015830183,-0.052696716,-2.64441e-05,0.0008280608,0.0003826445,-0.0007186803,0.0007052553,0.0,0.0126368925,0.00050287833,-0.0015734943,-0.0018466422,-0.053636916,-0.0035538897
2999,-0.00036481774,0.0,-0.00043736555,-0.0058533503,0.0011349958,0.020436857,-0.02686128,-0.0052906247,0.005637519,-0.00094848796,0.0001492801,0.00017402662,0.0,0.0,0.0,-0.0029003767,0.002055861,-0.00010618098,0.0,0.00077767106,0.0027645868,0.00018847323,-0.00012462793,-0.20628755,0.014038551,0.0061644185,-0.0007841112,-0.0007300108,-0.00662882,0.00068117527,0.00036064323,0.0002799806,0.0025634265,-0.030697899,-0.003176902,-0.0006745928,-0.19737327,-0.05807239,-0.022881385,-0.00095420436,0.0,0.0,-0.16422445,-0.3875076,0.0020655552,-0.0048646173,0.0,-0.0004982132,3.3630393e-05,0.017267821,-0.033264212,-2.64441e-05,0.0008280608,0.0003826445,-0.0007186803,0.0007052553,0.0,0.012313568,0.00050287833,-0.0015734943,-0.0020471164,-0.045228373,-0.0006354258
3100,-0.0006135241,0.0,-0.00043736555,0.0013879723,0.0011349958,-0.0024328914,0.005903837,-0.0051013334,0.021579778,-0.00094848796,0.0001492801,-0.00011040977,0.0,0.0,0.0,-0.0029003767,0.005672957,-0.00010618098,0.0,0.00077767106,0.0027645868,0.00012323525,0.0010361107,-0.18669999,0.012023058,-0.0016298512,-0.0007841112,-0.0012661478,-0.0058186366,0.00068117527,0.00012323141,-0.0023617852,0.0025634265,-0.0345379,-0.0056440495,-0.0006745928,-0.16092984,-0.040705893,-0.023152402,-0.0018545807,0.0,0.0,-0.14164038,-0.322771,0.0020655552,-0.005869464,0.0,-0.0017187139,3.3630393e-05,-0.017966276,-0.049909573,-0.000169137,0.0053630853,0.0003826445,-0.0007186803,0.0017612072,0.0,-0.15381522,0.0003384709,-0.0002896314,-0.0008451531,-0.051001526,-0.0035538897
3101,-0.0006135241,0.0,-0.00043736555,0.0013879723,0.0011349958,-0.0024328914,0.011330944,-0.004943043,0.021579778,-0.00094848796,0.0001492801,-0.00011040977,0.0,0.0,0.0,-0.0029003767,0.005672957,-0.00010618098,0.0,0.00077767106,0.0027645868,-0.0016296525,0.0010361107,-0.18771537,0.013223625,-0.0010697764,-0.0007841112,-0.0012661478,-0.0058186366,0.00068117527,0.00097600615,1.1894521e-05,0.0025634265,-0.04066461,-0.0056440495,-0.0006745928,-0.16083877,-0.040520366,-0.023152402,-0.0018545807,0.0,0.0,-0.14122376,-0.3220058,0.0020655552,-0.005869464,0.0,-0.0017187139,3.3630393e-05,-0.01941464,-0.05208319,-0.000169137,0.0053630853,0.0003826445,-0.0007186803,0.0017612072,0.0,-0.15314513,0.0003384709,-0.0002896314,-0.0008451531,-0.051185593,-0.0035538897
3102,-0.0006135241,0.0,-0.00043736555,0.0013879723,0.0011349958,-0.0024328914,0.005903837,-0.0051013334,0.021579778,-0.00094848796,0.0001492801,-0.00011040977,0.0,0.0,0.0,-0.0029003767,0.005672957,-0.00010618098,0.0,0.00077767106,0.0027645868,-0.0016296525,0.0010361107,-0.18669999,0.012023058,-0.0016298512,-0.0007841112,-0.0012661478,-0.0058186366,0.00068117527,0.00012323141,-0.0023617852,0.0025634265,-0.0345379,-0.0056440495,-0.0006745928,-0.16092984,-0.040705893,-0.023152402,-0.0018545807,0.0,0.0,-0.14164038,-0.32101816,0.0020655552,-0.005869464,0.0,-0.0017187139,3.3630393e-05,-0.017966276,-0.049909573,-0.000169137,0.0053630853,0.0003826445,-0.0007186803,0.0017612072,0.0,-0.15381522,0.0003384709,-0.0002896314,-0.0008451531,-0.051001526,-0.0035538897
3103,-0.0006135241,0.0,-0.00043736555,0.0013879723,0.0011349958,-0.0024328914,0.0056929938,-0.0051013334,0.021579778,-0.00094848796,0.0001492801,-0.00011040977,0.0,0.0,0.0,-0.0029003767,0.005672957,-0.00010618098,0.0,0.00077767106,0.0027645868,0.00012323525,0.0010361107,-0.18669999,0.012975426,-0.0016298512,-0.0007841112,-0.0012661478,-0.0058186366,0.00068117527,0.00012323141,-0.002094862,0.0025634265,-0.0345379,-0.0056440495,0.00063123147,-0.16092984,-0.040520366,-0.023152402,-0.0018545807,0.0,0.0,-0.14168303,-0.32262108,0.0020655552,-0.005869464,0.0,-0.0017187139,3.3630393e-05,-0.01784624,-0.051047467,-0.000169137,0.0053630853,0.0003826445,-0.0007186803,0.0017612072,0.0,-0.15381522,0.0003384709,-0.0002896314,-0.0008451531,-0.052590724,-0.0035538897
3104,-0.0006135241,0.0,-0.00043736555,0.0013879723,0.0011349958,-0.0024328914,0.0056929938,-0.0051013334,0.015543954,-0.00094848796,0.0001492801,-0.00011040977,0.0,0.0,0.0,-0.0029003767,0.005672957,-0.00010618098,0.0,0.00077767106,0.0027645868,-7.3305036e-06,-0.00012462793,-0.18878631,0.012023058,-0.0010697764,-0.0007841112,-0.0012661478,-0.0058186366,0.00068117527,0.00032060992,0.00016566459,0.0025634265,-0.034860794,-0.0056440495,0.00063123147,-0.16091797,-0.040565982,-0.022881385,-0.0018545807,0.0,0.0,-0.13998652,-0.322141,0.0020655552,-0.005869464,0.0,-0.0004982132,3.3630393e-05,-0.01841794,-0.04243928,-0.000169137,0.0053630853,0.0003826445,-0.0007186803,0.0017612072,0.0,-0.15481178,0.0003384709,-0.0002896314,-0.0021424298,-0.054296996,-0.0035538897
3105,-0.0006135241,0.0,-0.00043736555,0.0013879723,0.0011349958,-0.0024328914,0.005903837,-0.0051013334,0.021579778,-0.00094848796,0.0001492801,-0.00011040977,0.0,0.0,0.0,-0.0029003767,0.005672957,-0.00010618098,0.0,0.00077767106,0.0027645868,0.00012323525,-0.00012462793,-0.18637204,0.012975426,0.0061644185,-0.0007841112,-0.0012661478,-0.0067092148,0.00068117527,0.00012323141,0.00016566459,0.0025634265,-0.035015505,-0.0056440495,0.00063123147,-0.16086747,-0.040380456,-0.022881385,-0.0018545807,0.0,0.0,-0.14164038,-0.31975907,0.0020655552,-0.005869464,0.0,-0.0004982132,3.3630393e-05,-0.018509757,-0.051047467,-0.000169137,0.0053630853,0.0003826445,-0.0007186803,0.0017612072,0.0,-0.15452185,0.0003384709,-0.0002896314,-0.0008451531,-0.053775456,-0.0035538897
3106,-0.0006135241,0.0,-0.00043736555,0.0013879723,0.0011349958,-0.0024328914,0.005903837,-0.0051013334,0.021579778,-0.00094848796,0.0001492801,-0.00011040977,0.0,0.0,0.0,-0.0029003767,0.005672957,-0.00010618098,0.0,0.00077767106,0.0027645868,0.00012323525,0.0010361107,-0.1879492,0.012023058,-0.0010697764,-0.0007841112,-0.0012661478,-0.0067092148,0.00068117527,0.00012323141,1.1894521e-05,0.0025634265,-0.035015505,-0.0056440495,-0.0006745928,-0.16086747,-0.040705893,-0.023152402,-0.0018545807,0.0,0.0,-0.14164038,-0.3210722,0.0020655552,-0.005869464,0.0,-0.0017187139,3.3630393e-05,-0.019153113,-0.049909573,-0.000169137,0.0053630853,0.0003826445,-0.0007186803,0.0017612072,0.0,-0.15452185,0.0003384709,-0.0002896314,-0.0008451531,-0.051185593,-0.0035538897
3107,-0.0006135241,0.0,-0.00043736555,0.0013879723,0.0011349958,-0.0024328914,0.011330944,-0.004943043,0.021579778,-0.00094848796,0.0001492801,-0.00011040977,0.0,0.0,0.0,-0.0029003767,0.005672957,-0.00010618098,0.0,0.00077767106,0.0027645868,0.00024205932,-0.00012462793,-0.18613823,0.013223625,0.0061644185,-0.0007841112,-0.0012661478,-0.0067092148,0.00068117527,0.00032060992,0.00016566459,0.0025634265,-0.0405099,-0.0056440495,0.00063123147,-0.16088927,-0.040380456,-0.023003737,-0.0018545807,0.0,0.0,-0.13892992,-0.31952244,0.0020655552,-0.005869464,0.0,-0.0017187139,3.3630393e-05,-0.018994665,-0.05208319,-0.000169137,0.0053630853,0.0003826445,-0.0007186803,0.0017612072,0.0,-0.15551841,0.0003384709,-0.0002896314,-0.0021424298,-0.052432604,-0.0035538897
3108,-0.0006135241,0.0,-0.00043736555,0.0013879723,0.0011349958,-0.0024328914,0.006843168,-0.0051013334,0.021579778,-0.00094848796,0.0001492801,-0.00011040977,0.0,0.0,0.0,-0.0029003767,0.005672957,-0.00010618098,0.0,0.00077767106,0.0027645868,-0.0047178506,-0.00012462793,-0.18771537,0.012975426,-0.0010697764,-0.0007841112,-0.0012661478,-0.0067092148,0.00068117527,0.00097600615,0.00016566459,0.0025634265,-0.035015505,-0.0056440495,0.00063123147,-0.16086747,-0.040380456,-0.023003737,-0.0018545807,0.0,0.0,-0.14009628,-0.32024142,0.0020655552,-0.005869464,0.0,-0.0017187139,3.3630393e-05,-0.017166074,-0.05208319,-0.000169137,0.0053630853,0.0003826445,-0.0007186803,0.0017612072,0.0,-0.15385176,0.0003384709,-0.0002896314,-0.0008451531,-0.052954145,-0.0035538897
3109,-0.0006135241,0.0,-0.00043736555,0.0013879723,0.0011349958,-0.0024328914,0.005903837,-0.004943043,0.021579778,-0.00094848796,0.0001492801,-0.00011040977,0.0,0.0,0.0,-0.0029003767,0.005672957,-0.00010618098,0.0,0.00077767106,0.0027645868,0.00012323525,0.0010361107,-0.18669999,0.012975426,-0.0016298512,-0.0007841112,-0.0012661478,-0.0067092148,0.00068117527,0.00012323141,-0.0023617852,0.0025634265,-0.034724895,-0.0056440495,0.00063123147,-0.16090114,-0.040520366,-0.023152402,-0.0018545807,0.0,0.0,-0.14164038,-0.3208904,0.0020655552,-0.005869464,0.0,-0.0017187139,3.3630393e-05,-0.017966276,-0.051047467,-0.000169137,0.0053630853,0.0003826445,-0.0007186803,0.0017612072,0.0,-0.15452185,0.0003384709,-0.0002896314,-0.0008451531,-0.052590724,-0.0035538897
3110,-0.0006135241,0.0,-0.00043736555,0.0013879723,0.0011349958,-0.0024328914,0.005903837,-0.0051013334,0.02072544,-0.00094848796,0.0001492801,-0.00011040977,0.0,0.0,0.0,-0.0029003767,0.005672957,-0.00010618098,0.0,0.00077767106,0.0027645868,-7.3305036e-06,-0.00012462793,-0.18817507,0.013223625,-0.0010697764,-0.0007841112,-0.0012661478,-0.0058186366,0.00068117527,0.00012323141,0.00016566459,0.0025634265,-0.034860794,-0.0056440495,-0.0006745928,-0.16086747,-0.040380456,-0.022881385,-0.0018545807,0.0,0.0,-0.14164038,-0.32250032,0.0020655552,-0.005869464,0.0,-0.0004982132,3.3630393e-05,-0.018696845,-0.04996725,-0.000169137,0.0053630853,0.0003826445,-0.0007186803,0.0017612072,0.0,-0.15381522,0.0003384709,-0.0002896314,-0.0008451531,-0.0527078,-0.0035538897
3111,-0.0006135241,0.0,-0.00043736555,0.0013879723,0.0011349958,-0.0024328914,0.011330944,-0.0051013334,0.021579778,-0.00094848796,0.0001492801,-0.00011040977,0.0,0.0,0.0,-0.0029003767,0.005672957,-0.00010618098,0.0,0.00077767106,0.0027645868,0.00012323525,0.0010361107,-0.18771537,0.012975426,-0.0010697764,-0.0007841112,-0.0012661478,-0.0058186366,0.00068117527,0.00097600615,1.1894521e-05,0.0025634265,-0.040477615,-0.0056440495,-0.0006745928,-0.16086747,-0.040520366,-0.02303005,-0.0018545807,0.0,0.0,-0.14122376,-0.32363456,0.0020655552,-0.005869464,0.0,-0.0004982132,3.3630393e-05,-0.019290542,-0.05208319,-0.000169137,0.0053630853,0.0003826445,-0.0007186803,0.0017612072,0.0,-0.15314513,0.0003384709,-0.0002896314,-0.0008451531,-0.052528445,-0.0035538897
3112,-0.0006135241,0.0,-0.00043736555,0.0013879723,0.0011349958,-0.0024328914,0.005903837,-0.004943043,0.021579778,-0.00094848796,0.0001492801,-0.00011040977,0.0,0.0,0.0,-0.0029003767,0.005672957,-0.00010618098,0.0,0.00077767106,0.0027645868,-0.0016296525,0.0010361107,-0.1879492,0.012975426,-0.0010697764,-0.0007841112,-0.0012661478,-0.0058186366,0.00068117527,0.00097600615,1.1894521e-05,0.0025634265,-0.0352025,-0.0056440495,-0.0006745928,-0.16083877,-0.040520366,-0.023152402,-0.0018545807,0.0,0.0,-0.14164038,-0.32243943,0.0020655552,-0.005869464,0.0,-0.0017187139,3.3630393e-05,-0.019153113,-0.051047467,-0.000169137,0.0053630853,0.0003826445,-0.0007186803,0.0017612072,0.0,-0.15314513,0.0003384709,-0.0002896314,-0.0008451531,-0.051185593,-0.0035538897
3113,-0.0006135241,0.0,-0.00043736555,0.0013879723,0.0011349958,-0.0024328914,0.0056929938,-0.0051013334,0.021579778,-0.00094848796,0.0001492801,-0.00011040977,0.0,0.0,0.0,-0.0029003767,0.005672957,-0.00010618098,0.0,0.00077767106,0.0027645868,0.00024205932,-0.00012462793,-0.1879492,0.012023058,-0.0010697764,-0.0007841112,-0.0012661478,-0.0067092148,0.00068117527,0.00032060992,0.00016566459,0.0025634265,-0.034860794,-0.0056440495,0.00063123147,-0.16091797,-0.040565982,-0.023003737,-0.0018545807,0.0,0.0,-0.13938919,-0.32066846,0.0020655552,-0.005869464,0.0,-0.0017187139,3.3630393e-05,-0.018542634,-0.049909573,-0.000169137,0.0053630853,0.0003826445,-0.0007186803,0.0017612072,0.0,-0.15551841,0.0003384709,-0.0002896314,-0.0021424298,-0.052954145,-0.0035538897
3114,-0.0006135241,0.0,-0.00043736555,0.0013879723,0.0011349958,-0.0024328914,0.011330944,-0.0051013334,0.021579778,-0.00094848796,0.0001492801,-0.00011040977,0.0,0.0,0.0,-0.0029003767,0.005672957,-0.00010618098,0.0,0.00077767106,0.0027645868,-0.0016296525,0.0010361107,-0.18771537,0.012975426,-0.0010697764,-0.0007841112,-0.0012661478,-0.0058186366,0.00068117527,0.00097600615,1.1894521e-05,0.0025634265,-0.040477615,-0.0056440495,-0.0006745928,-0.16086747,-0.040520366,-0.023152402,-0.0018545807,0.0,0.0,-0.14122376,-0.3218817,0.0020655552,-0.005869464,0.0,-0.0017187139,3.3630393e-05,-0.019290542,-0.05208319,-0.000169137,0.0053630853,0.0003826445,-0.0007186803,0.0017612072,0.0,-0.15314513,0.0003384709,-0.0002896314,-0.0008451531,-0.051185593,-0.0035538897
3115,-0.0006135241,0.0,-0.00043736555,0.0013879723,0.0011349958,-0.0024328914,0.005903837,-0.0051013334,0.021579778,-0.00094848796,0.0001492801,-0.00011040977,0.0,0.0,0.0,-0.0029003767,0.005672957,-0.00010618098,0.0,0.00077767106,0.0027645868,0.00024205932,0.0010361107,-0.1879492,0.012975426,-0.0010697764,-0.0007841112,-0.0012661478,-0.0067092148,0.00068117527,0.00032060992,0.00016566459,0.0025634265,-0.034860794,-0.0056440495,0.00063123147,-0.16091797,-0.040520366,-0.023152402,-0.0018545807,0.0,0.0,-0.13934653,-0.32096028,0.0020655552,-0.005869464,0.0,-0.0017187139,3.3630393e-05,-0.019376498,-0.051047467,-0.000169137,0.0053630853,0.0003826445,-0.0007186803,0.0017612072,0.0,-0.15551841,0.0003384709,-0.0002896314,-0.0021424298,-0.052954145,-0.0035538897
3116,-0.0006135241,0.0,-0.00043736555,0.0013879723,0.0011349958,-0.0024328914,0.011330944,-0.0051013334,0.021579778,-0.00094848796,0.0001492801,-0.00011040977,0.0,0.0,0.0,-0.0029003767,0.005672957,-0.00010618098,0.0,0.00077767106,0.0027645868,-0.0047178506,0.0010361107,-0.18646616,0.013223625,-0.0016298512,-0.0007841112,-0.0012661478,-0.0067092148,0.00068117527,0.00097600615,-0.0024865274,0.0025634265,-0.04000001,-0.0056440495,-0.0006745928,-0.16086747,-0.040520366,-0.023152402,-0.0018545807,0.0,0.0,-0.13967967,-0.32051018,0.0020655552,-0.005869464,0.0,-0.0017187139,3.3630393e-05,-0.01662133,-0.05208319,-0.000169137,0.0053630853,0.0003826445,-0.0007186803,0.0017612072,0.0,-0.15385176,0.0003384709,-0.0002896314,-0.0008451531,-0.051001526,-0.0035538897
3117,-0.0006135241,0.0,-0.00043736555,0.0013879723,0.0011349958,-0.0024328914,0.0056929938,-0.0051013334,0.013234023,-0.00094848796,0.0001492801,-0.00011040977,0.0,0.0,0.0,-0.0029003767,0.005672957,-0.00010618098,0.0,0.00077767106,0.0027645868,0.00012323525,-0.00012462793,-0.18934445,0.012023058,-0.0010697764,-0.0007841112,-0.0012661478,-0.0067092148,0.00068117527,0.00012323141,0.00016566459,0.0025634265,-0.035015505,-0.0056440495,0.00063123147,-0.16086747,-0.040565982,-0.023003737,-0.00095420436,0.0,0.0,-0.14228037,-0.32047147,0.0020655552,-0.005869464,0.0,-0.0017187139,3.3630393e-05,-0.018319251,-0.040471595,-0.000169137,0.0053630853,0.0003826445,-0.0007186803,0.0017612072,0.0,-0.15452185,0.0003384709,-0.0002896314,-0.0008451531,-0.052954145,-0.0035538897
3118,-0.0006135241,0.0,-0.00043736555,0.0013879723,0.0011349958,-0.0024328914,0.005903837,-0.0051013334,0.021579778,-0.00094848796,0.0001492801,-0.00011040977,0.0,0.0,0.0,-0.0029003767,0.005672957,-0.00010618098,0.0,0.00077767106,0.0027645868,0.00024205932,-0.00012462793,-0.1879492,0.012975426,-0.0016298512,-0.0007841112,-0.0012661478,-0.0067092148,0.00068117527,0.00032060992,0.00016566459,0.0025634265,-0.03438319,-0.0056440495,-0.0006745928,-0.16091797,-0.040380456,-0.022881385,-0.0018545807,0.0,0.0,-0.14164038,-0.32105345,0.0020655552,-0.005869464,0.0,-0.0004982132,3.3630393e-05,-0.018796133,-0.051047467,-0.000169137,0.0053630853,0.0003826445,-0.0007186803,0.0017612072,0.0,-0.15452185,0.0003384709,-0.0002896314,-0.0008451531,-0.052523736,-0.0035538897
3119,-0.0006135241,0.0,-0.00043736555,0.0013879723,0.0011349958,-0.0024328914,0.0056929938,-0.0051013334,0.0105610015,-0.00094848796,0.0001492801,-0.00011040977,0.0,0.0,0.0,-0.0029003767,0.0029231743,-0.00010618098,0.0,0.00077767106,0.0027645868,0.00012323525,0.0010361107,-0.18809524,0.012975426,-0.0016298512,-0.0007841112,-0.0012661478,-0.0067092148,0.00068117527,0.00012323141,-0.002094862,0.0025634265,-0.0345379,-0.004128857,-0.0006745928,-0.16145532,-0.04077124,-0.023152402,-0.00095420436,0.0,0.0,-0.14248233,-0.321508,0.0020655552,-0.005869464,0.0,-0.0017187139,3.3630393e-05,-0.01784624,-0.038206156,-0.000169137,0.0053630853,0.0003826445,-0.0007186803,0.0017612072,0.0,-0.15452185,0.0003384709,-0.0002896314,-0.0008451531,-0.051001526,-0.0018705805
3120,-0.0006135241,0.0,-0.00043736555,0.0013879723,0.0011349958,-0.0024328914,0.005903837,-0.004943043,0.021579778,-0.00094848796,0.0001492801,-0.00011040977,0.0,0.0,0.0,-0.0029003767,0.005672957,-0.00010618098,0.0,0.00077767106,0.0027645868,0.00024205932,-0.00012462793,-0.18637204,0.012023058,0.0061644185,-0.0007841112,-0.0012661478,-0.0067092148,0.00068117527,0.00032060992,0.00016566459,0.0025634265,-0.03504779,-0.0056440495,0.00063123147,-0.16088927,-0.040565982,-0.023003737,-0.0018545807,0.0,0.0,-0.13934653,-0.31995606,0.0020655552,-0.005869464,0.0,-0.0017187139,3.3630393e-05,-0.018733142,-0.049909573,-0.000169137,0.0053630853,0.0003826445,-0.0007186803,0.0017612072,0.0,-0.15551841,0.0003384709,-0.0002896314,-0.0021424298,-0.052432604,-0.0035538897
3121,-0.0006135241,0.0,-0.00043736555,0.0013879723,0.0011349958,-0.0024328914,0.0060836975,-0.0051013334,0.021927426,-0.00094848796,0.0001492801,-0.00011040977,0.0,0.0,0.0,-0.0029003767,0.005672957,-0.00010618098,0.0,-0.00013550714,0.0027645868,-7.3305036e-06,-0.00012462793,-0.19755885,0.012975426,0.0061644185,-0.0007841112,-0.0012661478,-0.0067092148,0.00068117527,0.00012323141,0.00016566459,0.0025634265,-0.034069862,-0.0056440495,0.00063123147,-0.1609651,-0.040380456,-0.022881385,-0.0018545807,0.0,0.0,-0.14168303,-0.3198653,0.0020655552,-0.005869464,0.0,-0.0004982132,3.3630393e-05,-0.01825626,-0.051047467,-0.000169137,0.0053630853,0.0003826445,-0.0007186803,0.0017612072,0.0,-0.1440734,0.0003384709,-0.0002896314,-0.0008451531,-0.05347348,-0.0035538897
3122,-0.0006135241,0.0,-0.00043736555,0.0013879723,0.0011349958,-0.0024328914,-0.066045396,-0.005386394,0.0031336723,-0.00094848796,0.0001492801,-0.00011040977,0.0,0.0,0.0,-0.0029003767,0.0016549305,-0.00010618098,0.0,0.00077767106,0.0027645868,-7.3305036e-06,-0.00012462793,-0.16817707,-0.16166602,-0.0016298512,-0.0007841112,-0.0012661478,-0.0058186366,0.00068117527,0.00032060992,0.00016566459,0.0025634265,-0.032973234,-0.003176902,0.00063123147,-0.11565761,-0.031841155,-0.017421601,-0.00095420436,0.0,0.0,-0.09180543,-0.24433412,0.0020655552,-0.0048646173,0.0,-0.0017187139,3.3630393e-05,-0.02111889,-0.03349544,-0.000169137,0.0053630853,0.0003826445,-0.0007186803,0.0017612072,0.0,-0.11525024,0.0003384709,-0.0002896314,-0.0021424298,-0.0514006,-0.0006354258
3123,-0.0006135241,0.0,-0.00043736555,0.0013879723,0.0011349958,-0.0024328914,0.005903837,-0.004943043,0.021579778,-0.00094848796,0.0001492801,-0.00011040977,0.0,0.0,0.0,-0.0029003767,0.005672957,-0.00010618098,0.0,0.00077767106,0.0027645868,-7.3305036e-06,-0.00012462793,-0.1879492,0.012023058,-0.0010697764,-0.0007841112,-0.0012661478,-0.0067092148,0.00068117527,0.00032060992,0.00016566459,0.0025634265,-0.03504779,-0.0056440495,0.00063123147,-0.16088927,-0.040565982,-0.023003737,-0.0018545807,0.0,0.0,-0.13934653,-0.32054377,0.0020655552,-0.005869464,0.0,-0.0017187139,3.3630393e-05,-0.018671438,-0.049909573,-0.000169137,0.0053630853,0.0003826445,-0.0007186803,0.0017612072,0.0,-0.15551841,0.0003384709,-0.0002896314,-0.0021424298,-0.052954145,-0.0035538897
3124,-0.0006135241,0.0,-0.00043736555,0.0013879723,0.0011349958,-0.0024328914,0.005903837,-0.0051013334,0.021579778,-0.00094848796,0.0001492801,-0.00011040977,0.0,0.0,0.0,-0.0029003767,0.005672957,-0.00010618098,0.0,0.00077767106,0.0027645868,0.00024205932,-0.00012462793,-0.1879492,0.012975426,-0.0010697764,-0.0007841112,-0.0012661478,-0.0067092148,0.00068117527,0.00032060992,0.00016566459,0.0025634265,-0.034860794,-0.0056440495,0.00063123147,-0.16091797,-0.040380456,-0.022881385,-0.0018545807,0.0,0.0,-0.13934653,-0.32066846,0.0020655552,-0.005869464,0.0,-0.0004982132,3.3630393e-05,-0.018796133,-0.051047467,-0.000169137,0.0053630853,0.0003826445,-0.0007186803,0.0017612072,0.0,-0.15551841,0.0003384709,-0.0002896314,-0.0021424298,-0.054296996,-0.0035538897
3125,-0.0006135241,0.0,-0.00043736555,0.0013879723,0.0011349958,-0.0024328914,0.0056929938,-0.0051013334,0.021579778,-0.00094848796,0.0001492801,-0.00011040977,0.0,0.0,0.0,-0.0029003767,0.005672957,-0.00010618098,0.0,0.00077767106,0.0027645868,-7.3305036e-06,-0.00012462793,-0.1879492,0.012023058,-0.0010697764,-0.0007841112,-0.0012661478,-0.0058186366,0.00068117527,0.00032060992,0.00016566459,0.0025634265,-0.034860794,-0.0056440495,0.00063123147,-0.16091797,-0.040565982,-0.022881385,-0.0018545807,0.0,0.0,-0.13938919,-0.322141,0.0020655552,-0.005869464,0.0,-0.0004982132,3.3630393e-05,-0.01841794,-0.049909573,-0.000169137,0.0053630853,0.0003826445,-0.0007186803,0.0017612072,0.0,-0.15481178,0.0003384709,-0.0002896314,-0.0021424298,-0.054296996,-0.0035538897
3126,-0.0006135241,0.0,-0.00043736555,0.0013879723,0.0011349958,-0.0024328914,0.0056929938,-0.0051013334,0.021579778,-0.00094848796,0.0001492801,-0.00011040977,0.0,0.0,0.0,-0.0029003767,0.005672957,-0.00010618098,0.0,0.00077767106,0.0027645868,-7.3305036e-06,-0.00012462793,-0.1879492,0.012023058,-0.0010697764,-0.0007841112,-0.0012661478,-0.0067092148,0.00068117527,0.00032060992,0.00016566459,0.0025634265,-0.034860794,-0.0056440495,0.00063123147,-0.16091797,-0.040565982,-0.022881385,-0.0018545807,0.0,0.0,-0.14168303,-0.32054377,0.0020655552,-0.005869464,0.0,-0.0004982132,3.3630393e-05,-0.01841794,-0.049909573,-0.000169137,0.0053630853,0.0003826445,-0.0007186803,0.0017612072,0.0,-0.15452185,0.0003384709,-0.0002896314,-0.0008451531,-0.054296996,-0.0035538897
3127,-0.0006135241,0.0,-0.00043736555,0.0013879723,0.0011349958,-0.0024328914,0.0056929938,-0.0051013334,0.021579778,-0.00094848796,0.0001492801,-0.00011040977,0.0,0.0,0.0,-0.0029003767,0.005672957,-0.00010618098,0.0,0.00077767106,0.0027645868,-7.3305036e-06,-0.00012462793,-0.1879492,0.012975426,-0.0010697764,-0.0007841112,-0.0012661478,-0.0058186366,0.00068117527,0.00032060992,0.00016566459,0.0025634265,-0.034860794,-0.0056440495,0.00063123147,-0.16091797,-0.040380456,-0.023003737,-0.0018545807,0.0,0.0,-0.13938919,-0.322141,0.0020655552,-0.005869464,0.0,-0.0017187139,3.3630393e-05,-0.01841794,-0.051047467,-0.000169137,0.0053630853,0.0003826445,-0.0007186803,0.0017612072,0.0,-0.15481178,0.0003384709,-0.0002896314,-0.0021424298,-0.052954145,-0.0035538897
3128,-0.0006135241,0.0,-0.00043736555,0.0013879723,0.0011349958,-0.0024328914,0.005903837,-0.004943043,0.021579778,-0.00094848796,0.0001492801,-0.00011040977,0.0,0.0,0.0,-0.0029003767,0.005672957,-0.00010618098,0.0,0.00077767106,0.0027645868,0.00012323525,0.0010361107,-0.1879492,0.012023058,-0.0010697764,-0.0007841112,-0.0012661478,-0.0058186366,0.00068117527,0.00012323141,1.1894521e-05,0.0025634265,-0.0352025,-0.0056440495,-0.0006745928,-0.16083877,-0.040705893,-0.023152402,-0.0018545807,0.0,0.0,-0.14164038,-0.32266942,0.0020655552,-0.005869464,0.0,-0.0017187139,3.3630393e-05,-0.019153113,-0.049909573,-0.000169137,0.0053630853,0.0003826445,-0.0007186803,0.0017612072,0.0,-0.15381522,0.0003384709,-0.0002896314,-0.0008451531,-0.051185593,-0.0035538897
3129,-0.0006135241,0.0,-0.00043736555,0.0013879723,0.0011349958,-0.0024328914,0.011330944,-0.0051013334,0.021579778,-0.00094848796,0.0001492801,-0.00011040977,0.0,0.0,0.0,-0.0029003767,0.005672957,-0.00010618098,0.0,0.00077767106,0.0027645868,0.00024205932,-0.00012462793,-0.18771537,0.013223625,-0.0010697764,-0.0007841112,-0.0012661478,-0.0058186366,0.00068117527,0.00012323141,0.00016566459,0.0025634265,-0.040322904,-0.0056440495,-0.0006745928,-0.16086747,-0.040380456,-0.023003737,-0.0018545807,0.0,0.0,-0.14122376,-0.3220673,0.0020655552,-0.005869464,0.0,-0.0017187139,3.3630393e-05,-0.018958965,-0.05208319,-0.000169137,0.0053630853,0.0003826445,-0.0007186803,0.0017612072,0.0,-0.15381522,0.0003384709,-0.0002896314,-0.0008451531,-0.051364947,-0.0035538897
3130,-0.0006135241,0.0,-0.00043736555,0.0013879723,0.0011349958,-0.0024328914,0.0056929938,-0.004943043,0.021579778,-0.00094848796,0.0001492801,-0.00011040977,0.0,0.0,0.0,-0.0029003767,0.005672957,-0.00010618098,0.0,0.00077767106,0.0027645868,0.00012323525,-0.00012462793,-0.1879492,0.012023058,-0.0010697764,-0.0007841112,-0.0012661478,-0.0058186366,0.00068117527,0.00012323141,0.00016566459,0.0025634265,-0.0352025,-0.0056440495,0.00063123147,-0.16083877,-0.040565982,-0.023003737,-0.0018545807,0.0,0.0,-0.14168303,-0.3220687,0.0020655552,-0.005869464,0.0,-0.0017187139,3.3630393e-05,-0.018319251,-0.049909573,-0.000169137,0.0053630853,0.0003826445,-0.0007186803,0.0017612072,0.0,-0.15381522,0.0003384709,-0.0002896314,-0.0008451531,-0.052954145,-0.0035538897
3131,-0.0006135241,0.0,-0.00043736555,0.0013879723,0.0011349958,-0.0024328914,0.005903837,-0.0051013334,0.021579778,-0.00094848796,0.0001492801,-0.00011040977,0.0,0.0,0.0,-0.0029003767,0.005672957,-0.00010618098,0.0,0.00077767106,0.0027645868,-7.3305036e-06,-0.00012462793,-0.1879492,0.012975426,-0.0010697764,-0.0007841112,-0.0012661478,-0.0067092148,0.00068117527,0.00032060992,0.00016566459,0.0025634265,-0.034860794,-0.0056440495,0.00063123147,-0.16091797,-0.040380456,-0.023003737,-0.0018545807,0.0,0.0,-0.14164038,-0.32054377,0.0020655552,-0.005869464,0.0,-0.0017187139,3.3630393e-05,-0.018671438,-0.051047467,-0.000169137,0.0053630853,0.0003826445,-0.0007186803,0.0017612072,0.0,-0.15452185,0.0003384709,-0.0002896314,-0.0008451531,-0.052954145,-0.0035538897
3132,-0.0006135241,0.0,-0.00043736555,0.0013879723,0.0011349958,-0.0024328914,-0.02210845,-0.0052281036,0.0047270725,-0.00094848796,0.0001492801,-0.00011040977,0.0,0.0,0.0,-0.0029003767,0.002055861,-0.00010618098,0.0,0.00077767106,0.0027645868,0.00012323525,0.0010361107,-0.18992034,0.012975426,-0.0016298512,-0.0007841112,-0.0012661478,-0.0067092148,0.00068117527,0.00012323141,-0.002094862,0.0025634265,-0.03331494,-0.003176902,0.00063123147,-0.1542528,-0.039587826,-0.023152402,-0.00095420436,0.0,0.0,-0.1322396,-0.31674698,0.0020655552,-0.0048646173,0.0,-0.0017187139,3.3630393e-05,-0.01702291,-0.03463333,-0.000169137,0.0053630853,0.0003826445,-0.0007186803,0.0017612072,0.0,-0.15005682,0.0003384709,-0.0002896314,-0.0021424298,-0.051221244,-0.0006354258
3133,-0.0006135241,0.0,-0.00043736555,0.0013879723,0.0011349958,-0.0024328914,0.011330944,-0.004943043,0.021579778,-0.00094848796,0.0001492801,-0.00011040977,0.0,0.0,0.0,-0.0029003767,0.005672957,-0.00010618098,0.0,0.00077767106,0.0027645868,0.00012323525,0.0010361107,-0.18771537,0.012975426,-0.0010697764,-0.0007841112,-0.0012661478,-0.0067092148,0.00068117527,0.00012323141,1.1894521e-05,0.0025634265,-0.04066461,-0.0056440495,-0.0006745928,-0.16083877,-0.040520366,-0.02303005,-0.0018545807,0.0,0.0,-0.14122376,-0.32051447,0.0020655552,-0.005869464,0.0,-0.0004982132,3.3630393e-05,-0.019290542,-0.05208319,-0.000169137,0.0053630853,0.0003826445,-0.0007186803,0.0017612072,0.0,-0.15452185,0.0003384709,-0.0002896314,-0.0008451531,-0.052528445,-0.0035538897
3134,-0.0006135241,0.0,-0.00043736555,0.0013879723,0.0011349958,-0.0024328914,0.0056929938,-0.0051013334,0.021579778,-0.00094848796,0.0001492801,-0.00011040977,0.0,0.0,0.0,-0.0029003767,0.005672957,-0.00010618098,0.0,0.00077767106,0.0027645868,-7.3305036e-06,0.0010361107,-0.1879492,0.012023058,-0.0016298512,-0.0007841112,-0.0012661478,-0.0058186366,0.00068117527,0.00032060992,1.1894521e-05,0.0025634265,-0.03438319,-0.0056440495,-0.0006745928,-0.16091797,-0.040705893,-0.023152402,-0.0018545807,0.0,0.0,-0.13938919,-0.32284337,0.0020655552,-0.005869464,0.0,-0.0017187139,3.3630393e-05,-0.018998308,-0.049909573,-0.000169137,0.0053630853,0.0003826445,-0.0007186803,0.0017612072,0.0,-0.15481178,0.0003384709,-0.0002896314,-0.0021424298,-0.051001526,-0.0035538897
3135,-0.0006135241,0.0,-0.00043736555,0.0013879723,0.0011349958,-0.0024328914,-0.066045396,-0.005386394,0.0037180982,-0.00094848796,0.0001492801,-0.00011040977,0.0,0.0,0.0,-0.0029003767,0.0018129254,-0.00010618098,0.0,0.00077767106,0.0027645868,0.00012323525,0.0010361107,-0.17970638,0.012023058,-0.0016298512,-0.0007841112,-0.0012661478,-0.0067092148,0.00068117527,0.00012323141,-0.002094862,0.0025634265,-0.033127945,-0.003176902,-0.0006745928,-0.15428151,-0.033702597,-0.023152402,-0.00095420436,0.0,0.0,-0.12272217,-0.30276334,0.0020655552,-0.0048646173,0.0,-0.0017187139,3.3630393e-05,-0.017497053,-0.03349544,-0.000169137,0.0053630853,0.0003826445,-0.0007186803,0.0017612072,0.0,-0.14576028,0.0003384709,-0.0002896314,-0.0008451531,-0.049632046,-0.0006354258
3136,-0.0006135241,0.0,-0.00043736555,0.0013879723,0.0011349958,-0.0024328914,0.0056929938,-0.0051013334,0.021579778,-0.00094848796,0.0001492801,-0.00011040977,0.0,0.0,0.0,-0.0029003767,0.005672957,-0.00010618098,0.0,0.00077767106,0.0027645868,0.00024205932,-0.00012462793,-0.1879492,0.012023058,-0.0010697764,-0.0007841112,-0.0012661478,-0.0067092148,0.00068117527,0.00032060992,0.00016566459,0.0025634265,-0.034860794,-0.0056440495,0.00063123147,-0.16091797,-0.040565982,-0.022881385,-0.0018545807,0.0,0.0,-0.13938919,-0.32066846,0.0020655552,-0.005869464,0.0,-0.0004982132,3.3630393e-05,-0.018542634,-0.049909573,-0.000169137,0.0053630853,0.0003826445,-0.0007186803,0.0017612072,0.0,-0.15551841,0.0003384709,-0.0002896314,-0.0021424298,-0.054296996,-0.0035538897
3137,-0.0006135241,0.0,-0.00043736555,0.0013879723,0.0011349958,-0.0024328914,0.005903837,-0.004943043,0.021579778,-0.00094848796,0.0001492801,-0.00011040977,0.0,0.0,0.0,-0.0029003767,0.005672957,-0.00010618098,0.0,0.00077767106,0.0027645868,-7.3305036e-06,-0.00012462793,-0.18637204,0.012975426,0.0061644185,-0.0007841112,-0.0012661478,-0.0067092148,0.00068117527,0.00032060992,0.00016566459,0.0025634265,-0.03504779,-0.0056440495,0.00063123147,-0.16088927,-0.040380456,-0.023003737,-0.0018545807,0.0,0.0,-0.13934653,-0.31983137,0.0020655552,-0.005869464,0.0,-0.0017187139,3.3630393e-05,-0.018608447,-0.051047467,-0.000169137,0.0053630853,0.0003826445,-0.0007186803,0.0017612072,0.0,-0.15551841,0.0003384709,-0.0002896314,-0.0021424298,-0.052432604,-0.0035538897
3138,-0.0006135241,0.0,-0.00043736555,0.0013879723,0.0011349958,-0.0024328914,0.005903837,-0.0051013334,0.021579778,-0.00094848796,0.0001492801,-0.00011040977,0.0,0.0,0.0,-0.0029003767,0.005672957,-0.00010618098,0.0,0.00077767106,0.0027645868,0.00012323525,-0.00012462793,-0.1879492,0.012975426,-0.0010697764,-0.0007841112,-0.0012661478,-0.0058186366,0.00068117527,0.00012323141,0.00016566459,0.0025634265,-0.035015505,-0.0056440495,-0.0006745928,-0.16086747,-0.040380456,-0.022881385,-0.0018545807,0.0,0.0,-0.14164038,-0.32235208,0.0020655552,-0.005869464,0.0,-0.0004982132,3.3630393e-05,-0.018572748,-0.051047467,-0.000169137,0.0053630853,0.0003826445,-0.0007186803,0.0017612072,0.0,-0.15381522,0.0003384709,-0.0002896314,-0.0008451531,-0.0527078,-0.0035538897
3139,-0.0006135241,0.0,-0.00043736555,0.0013879723,0.0011349958,-0.0024328914,0.005903837,-0.0051013334,0.021579778,-0.00094848796,0.0001492801,-0.00011040977,0.0,0.0,0.0,-0.0029003767,0.005672957,-0.00010618098,0.0,0.00077767106,0.0027645868,-7.3305036e-06,-0.00012462793,-0.1879492,0.012023058,-0.0010697764,-0.0007841112,-0.0012661478,-0.0067092148,0.00068117527,0.00032060992,0.00016566459,0.0025634265,-0.034860794,-0.0056440495,0.00063123147,-0.16091797,-0.040565982,-0.022881385,-0.0018545807,0.0,0.0,-0.14164038,-0.32054377,0.0020655552,-0.005869464,0.0,-0.0004982132,3.3630393e-05,-0.018671438,-0.049909573,-0.000169137,0.0053630853,0.0003826445,-0.0007186803,0.0017612072,0.0,-0.15452185,0.0003384709,-0.0002896314,-0.0008451531,-0.054296996,-0.0035538897
3140,-0.0006135241,0.0,-0.00043736555,0.0013879723,0.0011349958,-0.0024328914,0.005903837,-0.0051013334,0.021579778,-0.00094848796,0.0001492801,-0.00011040977,0.0,0.0,0.0,-0.0029003767,0.005672957,-0.00010618098,0.0,0.00077767106,0.0027645868,-0.0016296525,0.0010361107,-0.1879492,0.012975426,-0.0010697764,-0.0007841112,-0.0012661478,-0.0058186366,0.00068117527,0.00097600615,1.1894521e-05,0.0025634265,-0.035015505,-0.0056440495,-0.0006745928,-0.16086747,-0.040520366,-0.02303005,-0.0018545807,0.0,0.0,-0.14164038,-0.32243943,0.0020655552,-0.005869464,0.0,-0.0004982132,3.3630393e-05,-0.019153113,-0.051047467,-0.000169137,0.0053630853,0.0003826445,-0.0007186803,0.0017612072,0.0,-0.15314513,0.0003384709,-0.0002896314,-0.0008451531,-0.052528445,-0.0035538897
3141,-0.0006135241,0.0,-0.00043736555,0.0013879723,0.0011349958,-0.0024328914,0.005903837,-0.0051013334,0.021579778,-0.00094848796,0.0001492801,-0.00011040977,0.0,0.0,0.0,-0.0029003767,0.005672957,-0.00010618098,0.0,0.00077767106,0.0027645868,0.00024205932,-0.00012462793,-0.1879492,0.012975426,-0.0010697764,-0.0007841112,-0.0012661478,-0.0067092148,0.00068117527,0.00032060992,0.00016566459,0.0025634265,-0.034860794,-0.0056440495,0.00063123147,-0.16091797,-0.040380456,-0.022881385,-0.0018545807,0.0,0.0,-0.13934653,-0.32066846,0.0020655552,-0.005869464,0.0,-0.0004982132,3.3630393e-05,-0.018796133,-0.051047467,-0.000169137,0.0053630853,0.0003826445,-0.0007186803,0.0017612072,0.0,-0.15551841,0.0003384709,-0.0002896314,-0.0021424298,-0.054296996,-0.0035538897
3142,-0.0006135241,0.0,-0.00043736555,0.0013879723,0.0011349958,0.020436857,0.005297659,-0.004943043,0.021579778,-0.00094848796,0.0001492801,-0.00011040977,0.0,0.0,0.0,-0.0029003767,0.005672957,-0.00010618098,0.0,0.00077767106,0.0027645868,-0.0016296525,-0.00012462793,-0.19071725,0.012023058,-0.0016298512,-0.0007841112,-0.0012661478,-0.0067092148,0.00068117527,0.00012323141,0.00016566459,0.0025634265,-0.033103753,-0.0056440495,0.00063123147,-0.16083877,-0.040565982,-0.022881385,-0.0018545807,0.0,0.0,-0.14168303,-0.31683078,0.0020655552,-0.005869464,0.0,-0.0004982132,3.3630393e-05,-0.018319251,-0.04906482,-0.000169137,0.0053630853,0.0003826445,-0.0007186803,0.0017612072,0.0,-0.15272795,0.0003384709,-0.0002896314,-0.0008451531,-0.047293585,-0.0035538897
3143,-0.0006135241,0.0,-0.00043736555,0.0013879723,0.0011349958,-0.0024328914,0.0056929938,-0.0051013334,0.021579778,-0.00094848796,0.0001492801,-0.00011040977,0.0,0.0,0.0,-0.0029003767,0.005672957,-0.00010618098,0.0,0.00077767106,0.0027645868,-7.3305036e-06,-0.00012462793,-0.1879492,0.012023058,-0.0010697764,-0.0007841112,-0.0012661478,-0.0067092148,0.00068117527,0.00012323141,0.00016566459,0.0025634265,-0.034860794,-0.0056440495,0.00063123147,-0.16086747,-0.040565982,-0.023003737,-0.0018545807,0.0,0.0,-0.14168303,-0.3204956,0.0020655552,-0.005869464,0.0,-0.0017187139,3.3630393e-05,-0.018319251,-0.049909573,-0.000169137,0.0053630853,0.0003826445,-0.0007186803,0.0017612072,0.0,-0.15452185,0.0003384709,-0.0002896314,-0.0008451531,-0.052954145,-0.0035538897
3144,-0.0006135241,0.0,-0.00043736555,0.0013879723,0.0011349958,-0.0024328914,0.0056929938,-0.004943043,0.02072544,-0.00094848796,0.0001492801,-0.00011040977,0.0,0.0,0.0,-0.0029003767,0.005672957,-0.00010618098,0.0,-0.00013550714,0.0027645868,-7.3305036e-06,-0.00012462793,-0.18817507,0.012023058,-0.0016298512,-0.0007841112,-0.0012661478,-0.0067092148,0.00068117527,0.00032060992,0.00016566459,0.0025634265,-0.03377925,-0.0056440495,0.00063123147,-0.1609869,-0.040565982,-0.022881385,-0.0018545807,0.0,0.0,-0.14168303,-0.32072744,0.0020655552,-0.005869464,0.0,-0.0004982132,3.3630393e-05,-0.01841794,-0.048829358,-0.000169137,0.0053630853,0.0003826445,-0.0007186803,0.0017612072,0.0,-0.15452185,0.0003384709,-0.0002896314,-0.0008451531,-0.053810954,-0.0035538897
3145,0.0050306353,0.0,0.0011307407,-0.015309052,0.0035988744,-0.0023862536,0.026360836,-0.000101528334,0.047969468,-0.0017007211,-0.0013338625,-3.711055e-05,0.0,0.0,0.0,7.6855475e-05,0.011685747,0.004774069,0.0,0.0003993759,0.010697728,0.00010061709,-0.00027172227,0.22899327,0.049718823,0.0020895824,0.00014364651,-0.0005027075,-0.0021840767,0.0025939085,0.00042185365,0.0002844036,-4.2860047e-05,-0.016972171,-0.0022342687,0.00033106457,0.23655021,0.078900136,-0.0023919235,-0.00057256105,0.0,0.0,0.20548052,0.46200848,0.00090710935,-0.0022745123,0.0,-0.0016048701,1.8426988e-05,-0.045856174,-0.017744914,-5.143743e-05,0.020209618,0.0023351966,-0.0003882636,0.008281928,0.0,0.046693534,0.0004638051,0.00012986774,-0.00069893757,-0.020178389,-0.0041969083
3146,0.0050306353,0.0,0.0011307407,-0.015309052,0.0035988744,-0.0023862536,0.026360836,-0.000101528334,0.051034402,-0.0017007211,-0.0013338625,-3.711055e-05,0.0,0.0,0.0,7.6855475e-05,0.012755613,0.004774069,0.0,0.0003993759,0.010697728,0.00010061709,-0.00027172227,0.22440207,0.049718823,0.0020895824,0.00014364651,-0.0005027075,-0.0021840767,0.0025939085,0.0006203007,0.0002844036,-4.2860047e-05,-0.016972171,-0.0022342687,0.00033106457,0.23442304,0.07491612,-0.0023919235,-0.00057256105,0.0,0.0,0.20548052,0.44874278,0.00090710935,0.016795997,0.0,-0.0016048701,1.8426988e-05,-0.0227609,-0.017566843,-5.143743e-05,0.021066098,0.0023351966,-0.0003882636,0.008281928,0.0,0.046811104,0.0004638051,0.0002195109,0.007641604,-0.019563228,-0.0041969083
3147,0.0050306353,0.0,0.0011307407,-0.015309052,0.0035988744,-0.0023862536,0.026360836,-0.000101528334,0.047969468,-0.0017007211,-0.0013338625,-3.711055e-05,0.0,0.0,0.0,7.6855475e-05,0.011685747,0.004774069,0.0,0.0003993759,0.010697728,0.00010061709,-0.00027172227,0.22440207,0.04917798,0.0020895824,0.00014364651,-0.0005027075,-0.0021840767,0.0025939085,0.00042185365,0.0002844036,-4.2860047e-05,-0.016972171,-0.0022342687,0.00033106457,0.23442304,0.078900136,-0.0023919235,-0.00057256105,0.0,0.0,0.20548052,0.4638778,0.00090710935,-0.0022745123,0.0,-0.0016048701,1.8426988e-05,-0.039107773,-0.017744914,-5.143743e-05,0.031366453,0.0023351966,-0.0003882636,0.008281928,0.0,0.046811104,0.0004638051,0.00012986774,0.007641604,-0.019563228,-0.0041969083
3148,0.0050306353,0.0,0.0011307407,-0.015309052,0.0035988744,-0.0023862536,0.026360836,-0.0049744197,0.050817687,-0.0017007211,-0.0013338625,-3.711055e-05,0.0,0.0,0.0,-0.003933706,0.013601751,0.009789043,0.0,0.0003993759,0.010697728,0.00010061709,-0.00027172227,0.22899327,0.049718823,0.0020895824,0.00014364651,-0.0005027075,-0.0021840767,0.0025939085,0.00042185365,0.0002844036,-4.2860047e-05,-0.016972171,-0.0022342687,0.00033106457,0.23655021,0.07491612,-0.0023919235,-0.00057256105,0.0,0.0,0.20489737,0.44617122,0.00090710935,0.016795997,0.0,-0.0016048701,1.8426988e-05,-0.045784894,-0.017467672,-5.143743e-05,0.020209618,0.0023351966,-0.0003882636,0.008281928,0.0,0.046693534,0.0004638051,0.0002195109,-0.00069893757,-0.020178389,-0.0041969083
3149,0.0050306353,0.0,0.0011307407,-0.015309052,0.0035988744,-0.0023862536,0.026360836,-0.000101528334,0.047969468,-0.0017007211,-0.0013338625,-3.711055e-05,0.0,0.0,0.0,7.6855475e-05,0.011685747,0.004774069,0.0,0.0003993759,0.010697728,0.00010061709,-0.00027172227,0.22440207,0.049718823,0.0020895824,0.00014364651,-0.0005027075,-0.0021840767,0.0025939085,0.00042185365,0.0002844036,-4.2860047e-05,-0.016972171,-0.0022342687,0.00033106457,0.23442304,0.078900136,-0.0023919235,-0.00057256105,0.0,0.0,0.20548052,0.46404633,0.00090710935,-0.0022745123,0.0,-0.0016048701,1.8426988e-05,-0.039817166,-0.017744914,-5.143743e-05,0.031366453,0.0023351966,-0.0003882636,0.008281928,0.0,0.046811104,0.0004638051,0.00012986774,0.007641604,-0.019563228,-0.0041969083
3150,-8.5547974e-05,0.0,-0.00043736555,0.0034148442,0.0011349958,-0.0005878034,0.0052843345,-0.004943043,0.025953267,-0.00094848796,0.0001492801,-0.00011040977,0.0,0.0,0.0,-0.0029003767,0.008237085,-0.00010618098,0.0,0.0028339603,0.0027645868,-7.3305036e-06,0.0010361107,-0.18426053,0.012023058,-0.0008076114,-0.00449361,-0.0018472747,-0.0029655478,0.00068117527,0.00032060992,0.00016566459,-0.0003888607,0.0027441601,0.017176652,-0.0014931285,-0.14914356,-0.03784645,-0.021478934,-0.0018545807,0.0,0.0,-0.12357352,-0.29781562,0.014943388,-0.005869464,0.0,-0.0017187139,3.3630393e-05,-0.019526998,-0.05041723,-0.000169137,0.0053630853,0.0021184068,0.012072272,0.0017612072,0.0,-0.15426543,0.0032734259,-0.0002896314,-0.0015737796,0.047037575,-0.0035538897
3151,-8.5547974e-05,0.0,-0.00043736555,0.0031477166,0.0011349958,-0.0005878034,0.0052843345,-0.004943043,0.027155884,-0.0010915437,0.0001492801,-0.00011040977,0.0,0.0,0.0,-0.0029003767,0.008237085,-0.00010618098,0.0,0.0028339603,0.0027645868,0.00012323525,0.0010361107,-0.18426053,0.012975426,-0.0008076114,-0.00449361,-0.0018472747,-0.0029655478,0.00068117527,0.00012323141,0.00016566459,-0.0003888607,0.0027889474,0.017176652,-0.0014931285,-0.14909305,-0.037688952,-0.021478934,-0.0018545807,0.0,0.0,-0.12589154,-0.28232983,0.014943388,-0.005869464,0.0,-0.0017187139,3.3630393e-05,-0.019428307,-0.05155512,-0.000169137,0.0053630853,0.0021184068,0.012072272,0.0017612072,0.0,-0.15326887,0.0032734259,-0.0002896314,-0.00027650304,0.046957593,-0.0064119827
3152,-8.5547974e-05,0.0,-0.00043736555,0.0028644605,0.0011349958,-0.0005878034,0.005015186,-0.0051013334,0.025953267,-0.00094848796,0.0001492801,-0.00011040977,0.0,0.0,0.0,-0.0029003767,0.008237085,-0.00010618098,0.0,0.0028339603,0.0027645868,-7.3305036e-06,0.0010361107,-0.18426053,0.012023058,-0.0008076114,-0.00449361,-0.0018472747,-0.0029655478,0.00068117527,0.00032060992,1.1894521e-05,-0.0003888607,0.00346945,0.017176652,-0.0014931285,-0.14917226,-0.03784645,-0.021478934,-0.0018545807,0.0,0.0,-0.12369741,-0.29771128,0.014943388,-0.005869464,0.0,-0.0017187139,3.3630393e-05,-0.019251803,-0.05041723,-0.000169137,0.0053630853,0.0021184068,0.012072272,0.0017612072,0.0,-0.15426543,0.0032734259,-0.0002896314,-0.0015737796,0.04721693,-0.0035538897
3153,-8.5547974e-05,0.0,-0.00043736555,0.0034148442,0.0011349958,-0.0005878034,0.005015186,-0.0051013334,0.025953267,-0.00094848796,0.0001492801,-0.00011040977,0.0,0.0,0.0,-0.0029003767,0.008237085,-0.00010618098,0.0,0.0028339603,0.0027645868,-7.3305036e-06,0.0010361107,-0.18426053,0.012975426,-0.0008076114,-0.00449361,-0.0018472747,-0.0029655478,0.00068117527,0.00012323141,1.1894521e-05,-0.0003888607,0.00346945,0.017176652,-0.0024697937,-0.14912176,-0.037660923,-0.021478934,-0.0018545807,0.0,0.0,-0.1263664,-0.29779303,0.014943388,-0.005869464,0.0,-0.0017187139,3.3630393e-05,-0.019428307,-0.050348546,-0.000169137,0.0053630853,0.0021184068,0.012072272,0.0017612072,0.0,-0.15326887,0.0032734259,-0.0002896314,-0.00027650304,0.04721693,-0.0035538897
3154,-0.00038196158,0.0,-0.00043736555,0.0021539237,0.0011349958,-0.0024328914,0.0056929938,-0.0051013334,0.025953267,-0.00094848796,0.0001492801,-0.00011040977,0.0,0.0,0.0,-0.0029003767,0.008237085,-0.00010618098,0.0,0.00077767106,0.0027645868,0.00012323525,-0.00012462793,-0.1879492,0.012023058,-0.0010697764,-0.00449361,-0.0012661478,-0.0067092148,0.00068117527,0.00032060992,0.00016566459,0.0025634265,-0.032458797,0.017176652,0.00063123147,-0.15694211,-0.040565982,-0.023003737,-0.0018545807,0.0,0.0,-0.1399194,-0.31808135,0.01589618,-0.005869464,0.0,-0.0017187139,3.3630393e-05,-0.018693134,-0.04969494,-0.000169137,0.0053630853,0.0003826445,0.0025693276,0.0017612072,0.0,-0.15426543,0.0020500766,-0.0002896314,-0.0021424298,-0.054831643,-0.0035538897
3155,-8.5547974e-05,0.0,-0.00043736555,0.0034148442,0.0011349958,-0.0005878034,0.0052843345,-0.004943043,0.025953267,-0.00094848796,0.0001492801,-0.00011040977,0.0,0.0,0.0,-0.0029003767,0.008237085,-0.00010618098,0.0,0.0028339603,0.0027645868,0.00012323525,-0.00012462793,-0.18426053,0.012975426,-0.0008076114,-0.00449361,-0.0018472747,-0.0029655478,0.00068117527,0.00012323141,0.00016566459,0.012199657,0.0025894507,0.017176652,-0.0014931285,-0.14909305,-0.037521012,-0.021330269,-0.0018545807,0.0,0.0,-0.12586735,-0.29339316,0.014943388,-0.005869464,0.0,-0.0017187139,3.3630393e-05,-0.018847939,-0.05155512,-0.000169137,0.0053630853,0.0021184068,0.012072272,0.0017612072,0.0,-0.15326887,0.0032734259,-0.0002896314,-0.00027650304,0.053771935,-0.0035538897
3156,-0.00038196158,0.0,-0.00043736555,0.0021539237,0.0011349958,-0.0024328914,0.005903837,-0.004943043,0.025953267,-0.00094848796,0.0001492801,-0.00011040977,0.0,0.0,0.0,-0.0029003767,0.008237085,-0.00010618098,0.0,0.00077767106,0.0027645868,0.00024205932,0.0010361107,-0.18637204,0.012023058,0.0061644185,-0.00449361,-0.0012661478,-0.0067092148,0.00068117527,-0.0010217775,0.00016566459,0.0025634265,-0.03249108,0.017176652,0.00063123147,-0.1569134,-0.040705893,-0.021810014,-0.0018545807,0.0,0.0,-0.13987675,-0.31780958,0.01589618,-0.005869464,0.0,-0.0017187139,3.3630393e-05,-0.019588701,-0.04969494,-0.000169137,0.0053630853,0.0003826445,0.0025693276,0.0017612072,0.0,-0.15426543,0.0020500766,-0.0002896314,-0.0021424298,-0.054310102,-0.0035538897
3157,-8.5547974e-05,0.0,-0.00043736555,0.0028644605,0.0011349958,-0.0005878034,0.0050734915,-0.004943043,0.025953267,-0.00094848796,0.0001492801,-0.00011040977,0.0,0.0,0.0,-0.0029003767,0.008237085,-0.00010618098,0.0,0.0028339603,0.0027645868,0.00012323525,-0.00012462793,-0.18426053,0.012023058,-0.0008076114,-0.00449361,-0.0018472747,-0.0029655478,0.00068117527,0.00012323141,0.00016566459,0.012199657,0.0025894507,0.017176652,-0.0014931285,-0.14909305,-0.03770654,-0.021330269,-0.0018545807,0.0,0.0,-0.12347091,-0.29326323,0.014943388,-0.005869464,0.0,-0.0017187139,3.3630393e-05,-0.018319251,-0.05041723,-0.000169137,0.0053630853,0.0021184068,0.012072272,0.0017612072,0.0,-0.15426543,0.0032734259,-0.0002896314,-0.0015737796,0.053771935,-0.0035538897
3158,-8.5547974e-05,0.0,-0.00043736555,0.0034148442,0.0011349958,-0.0023874808,0.0044157645,-0.0051013334,0.025953267,-0.00094848796,0.0001492801,-0.00011040977,0.0,0.0,0.0,-0.0029003767,0.008237085,-0.00010618098,0.0,0.0028339603,0.0027645868,0.00012323525,0.0010361107,-0.18222347,0.012023058,-0.0008076114,-0.00449361,-0.0018472747,-0.0029655478,0.00068117527,0.00032060992,1.1894521e-05,-0.0003888607,0.07371139,0.017176652,0.0033276365,-0.14522104,-0.035513286,-0.021478934,-0.0018545807,0.0,0.0,-0.12640907,-0.27966344,0.014943388,-0.005869464,0.0,-0.0017187139,3.3630393e-05,-0.019273499,-0.049210656,-0.000169137,0.0053630853,0.0021184068,0.012072272,0.0017612072,0.0,-0.15326887,0.0032734259,-0.0002896314,-0.00027650304,0.076820254,-0.0035538897
3159,-8.5547974e-05,0.0,-0.00043736555,0.0034148442,0.0011349958,-0.0023874808,0.0046266075,-0.004943043,0.025953267,-0.00094848796,0.0001492801,-0.00011040977,0.0,0.0,0.0,-0.0029003767,0.008237085,-0.00010618098,0.0,0.0028339603,0.0027645868,0.00012323525,0.0010361107,-0.18222347,0.012975426,-0.0008076114,-0.00449361,-0.0018472747,-0.0029655478,0.00068117527,0.00012323141,1.1894521e-05,-0.0003888607,0.07352439,0.017176652,0.0033276365,-0.14514183,-0.03532776,-0.021478934,-0.0018545807,0.0,0.0,-0.1263664,-0.27961525,0.014943388,-0.005869464,0.0,-0.0017187139,3.3630393e-05,-0.019428307,-0.050348546,-0.000169137,0.0053630853,0.0021184068,0.012072272,0.0017612072,0.0,-0.15326887,0.0032734259,-0.0002896314,-0.00027650304,0.076820254,-0.0035538897
3160,-0.00038196158,0.0,-0.00043736555,0.0021539237,0.0011349958,-0.0024328914,0.005567897,-0.0051013334,-0.016869828,-0.0011947682,0.0001492801,-0.00011040977,0.0,0.0,0.0,-0.0029003767,0.00043689966,-0.00010618098,0.0,0.00077767106,0.0027645868,-0.0047178506,0.0010361107,-0.16575703,0.012683365,-0.0016298512,-0.00449361,-0.0012661478,-0.0067092148,0.00068117527,0.00097600615,-0.002094862,0.0025634265,-0.03198119,0.00880548,0.00063123147,-0.16003664,-0.04077124,-0.023152402,-0.00095420436,0.0,0.0,-0.14390515,-0.3189024,0.01589618,-0.0048646173,0.0,-0.0023439266,3.3630393e-05,-0.015262183,-0.0344187,-0.000169137,0.0053630853,0.0003826445,0.0025693276,0.0017612072,0.0,-0.15259878,0.0020500766,-0.0002896314,-0.0008451531,-0.054468222,-0.0018705805
3161,-0.00038196158,0.0,-0.00043736555,0.0021539237,0.0011349958,-0.0024328914,0.0056929938,-0.0051013334,0.025953267,-0.00094848796,0.0001492801,-0.00011040977,0.0,0.0,0.0,-0.0029003767,0.008237085,-0.00010618098,0.0,0.00077767106,0.0027645868,0.00024205932,0.0010361107,-0.1879492,0.012023058,-0.0010697764,-0.00449361,-0.0012661478,-0.0067092148,0.00068117527,-0.0010217775,1.1894521e-05,0.0025634265,-0.032304086,0.017176652,0.00063123147,-0.15694211,-0.040705893,-0.021810014,-0.0018545807,0.0,0.0,-0.1399194,-0.31854755,0.01589618,-0.005869464,0.0,-0.0017187139,3.3630393e-05,-0.019398194,-0.04969494,-0.000169137,0.0053630853,0.0003826445,0.0025693276,0.0017612072,0.0,-0.15426543,0.0020500766,-0.0002896314,-0.0021424298,-0.05465229,-0.0035538897
3162,-8.5547974e-05,0.0,-0.00043736555,0.0034148442,0.0011349958,-0.0005878034,0.0052843345,-0.0051013334,0.025953267,-0.00094848796,0.0001492801,-0.00011040977,0.0,0.0,0.0,-0.0029003767,0.008237085,-0.00010618098,0.0,0.0028339603,0.0027645868,-7.3305036e-06,-0.00012462793,-0.18426053,0.012023058,-0.0008076114,-0.00449361,-0.0018472747,-0.0029655478,0.00068117527,0.00032060992,0.00016566459,-0.0003888607,0.002931153,0.017176652,-0.0014931285,-0.14917226,-0.03770654,-0.021330269,-0.0018545807,0.0,0.0,-0.12357352,-0.29752386,0.014943388,-0.005869464,0.0,-0.0017187139,3.3630393e-05,-0.018946629,-0.05041723,-0.000169137,0.0053630853,0.0021184068,0.012072272,0.0017612072,0.0,-0.15426543,0.0032734259,-0.0002896314,-0.0015737796,0.047037575,-0.0035538897
3163,-8.5547974e-05,0.0,-0.00043736555,0.0034513287,0.0011349958,-0.0005878034,0.026494721,-0.004943043,0.027155884,-0.0010915437,0.0001492801,0.0011245208,0.0,0.0,0.0,-0.0029003767,0.008237085,-0.00010618098,0.0,0.0028339603,0.0027645868,0.00012323525,-0.00012462793,-0.18402672,0.013223625,-0.0008076114,-0.00449361,-0.0018472747,-0.0020749695,0.00068117527,0.00097600615,0.00016566459,-0.0003888607,0.012910616,0.017176652,-0.0014931285,-0.14909305,-0.037521012,-0.021330269,-0.0018545807,0.0,0.0,-0.12277872,-0.28167498,0.014943388,-0.005869464,0.0,-0.0017187139,3.3630393e-05,-0.019109465,-0.052590843,-0.000169137,0.0053630853,0.0021184068,0.012072272,0.0017612072,0.0,-0.15194045,0.0032734259,-0.0002896314,-0.0015737796,0.04680127,-0.0064119827
3164,-8.5547974e-05,0.0,-0.00043736555,0.0034148442,0.0011349958,-0.0005878034,0.0050734915,-0.0051013334,0.025953267,-0.00094848796,0.0001492801,-0.00011040977,0.0,0.0,0.0,-0.0029003767,0.008237085,-0.00010618098,0.0,0.0028339603,0.0027645868,-7.3305036e-06,0.0010361107,-0.18426053,0.012023058,-0.0008076114,-0.00449361,-0.0018472747,-0.0029655478,0.00068117527,0.00032060992,0.00016566459,-0.0003888607,0.002931153,0.017176652,-0.0014931285,-0.14917226,-0.03784645,-0.021478934,-0.0018545807,0.0,0.0,-0.12361617,-0.29781562,0.014943388,-0.005869464,0.0,-0.0017187139,3.3630393e-05,-0.019273499,-0.05041723,-0.000169137,0.0053630853,0.0021184068,0.012072272,0.0017612072,0.0,-0.15426543,0.0032734259,-0.0002896314,-0.0015737796,0.047037575,-0.0035538897
3165,-8.5547974e-05,0.0,-0.00043736555,0.0034148442,0.0011349958,-0.0005878034,0.0052843345,-0.004943043,0.025953267,-0.00094848796,0.0001492801,-0.00011040977,0.0,0.0,0.0,-0.0029003767,0.008237085,-0.00010618098,0.0,0.0028339603,0.0027645868,-7.3305036e-06,-0.00012462793,-0.18426053,0.012975426,-0.0008076114,-0.00449361,-0.0018472747,-0.0029655478,0.00068117527,0.00032060992,0.00016566459,-0.0003888607,0.0027441601,0.017176652,-0.0014931285,-0.14914356,-0.037521012,-0.021330269,-0.0018545807,0.0,0.0,-0.12357352,-0.29752386,0.014943388,-0.005869464,0.0,-0.0017187139,3.3630393e-05,-0.018946629,-0.05155512,-0.000169137,0.0053630853,0.0021184068,0.012072272,0.0017612072,0.0,-0.15426543,0.0032734259,-0.0002896314,-0.0015737796,0.047037575,-0.0035538897
3166,-8.5547974e-05,0.0,-0.00043736555,0.0031477166,0.0011349958,-0.0005878034,0.0052843345,-7.015175e-05,0.027155884,-0.0010915437,0.0001492801,-0.00011040977,0.0,0.0,0.0,5.8168927e-05,0.008237085,-0.00010618098,0.0,0.0028339603,0.0027645868,0.00012323525,0.0010361107,-0.18426053,0.012023058,-0.0008076114,-0.00449361,-0.0018472747,-0.0029655478,0.00068117527,0.00012323141,0.00016566459,-0.0003888607,0.0027889474,0.017176652,-0.0014931285,-0.14909305,-0.03787448,-0.021478934,-0.0018545807,0.0,0.0,-0.12406657,-0.2896924,0.014943388,-0.005869464,0.0,-0.0017187139,3.3630393e-05,-0.019428307,-0.05041723,-0.000169137,0.0053630853,0.0021184068,0.012072272,0.0017612072,0.0,-0.15426543,0.0032734259,-0.0002896314,-0.0015737796,0.046957593,-0.0064119827
3167,-8.5547974e-05,0.0,-0.00043736555,0.0031477166,0.0011349958,-0.0005878034,0.0052843345,-0.004943043,0.027155884,-0.0010915437,0.0001492801,-0.00011040977,0.0,0.0,0.0,-0.0029003767,0.008237085,-0.00010618098,0.0,0.0028339603,0.0027645868,-7.3305036e-06,-0.00012462793,-0.18426053,0.012975426,-0.0008076114,-0.00449361,-0.0018472747,-0.0029655478,0.00068117527,0.00012323141,0.00016566459,-0.0003888607,0.0029436569,0.017176652,-0.0014931285,-0.14909305,-0.03754904,-0.021330269,-0.0018545807,0.0,0.0,-0.123597704,-0.28206217,0.014943388,-0.005869464,0.0,-0.0017187139,3.3630393e-05,-0.018847939,-0.05155512,-0.000169137,0.0053630853,0.0021184068,0.012072272,0.0017612072,0.0,-0.15426543,0.0032734259,-0.0002896314,-0.0015737796,0.046957593,-0.0064119827
3168,-8.5547974e-05,0.0,-0.00043736555,0.0031477166,0.0011349958,-0.0005878034,0.0052843345,-0.004943043,0.027155884,-0.0010915437,0.0001492801,-0.00011040977,0.0,0.0,0.0,-0.0029003767,0.008237085,-0.00010618098,0.0,0.0028339603,0.0027645868,-7.3305036e-06,-0.00012462793,-0.18426053,0.012975426,-0.0008076114,-0.00449361,-0.0018472747,-0.0029655478,0.00068117527,0.00032060992,0.00016566459,-0.0003888607,0.0029436569,0.017176652,-0.0014931285,-0.14914356,-0.03754904,-0.021330269,-0.0018545807,0.0,0.0,-0.123597704,-0.28211036,0.014943388,-0.005869464,0.0,-0.0017187139,3.3630393e-05,-0.018946629,-0.05155512,-0.000169137,0.0053630853,0.0021184068,0.012072272,0.0017612072,0.0,-0.15426543,0.0032734259,-0.0002896314,-0.0015737796,0.046957593,-0.0064119827
3169,-8.5547974e-05,0.0,-0.00043736555,0.008502276,0.0011349958,-0.0005878034,0.008220739,-0.004943043,0.028222198,-0.0012219193,0.0001492801,-0.00011040977,0.0,0.0,0.0,-0.0029003767,0.009775941,-0.00013837314,0.0,0.0028339603,0.0027645868,8.946559e-05,0.0010361107,-0.18426053,0.014128639,-0.0007417946,-0.00449361,-0.002723583,-0.0031397871,0.00068117527,-0.00016753579,0.00014179824,-0.00010926255,0.003943336,0.017176652,-0.0019030209,-0.14909305,-0.037688952,-0.021478934,-0.0018545807,0.0,0.0,-0.04570304,-0.20706564,0.014943388,-0.005869464,0.0,-0.0013811615,3.3630393e-05,-0.022832062,-0.047599297,-0.000169137,0.009463743,0.0023351966,0.012072272,0.0017612072,0.0,-0.19902137,0.0032734259,-0.0002896314,-0.0015737796,0.040861804,-0.0064119827
3170,0.0023047498,0.0,-0.00043736555,0.037406106,0.0043992926,-0.0005764565,0.017475609,-0.0055016214,0.026082078,-0.0011742385,7.8600875e-05,-0.0005678988,0.0,0.0,0.0,-0.003933706,0.008670293,0.0008491243,0.0,0.0027082916,0.005150173,0.00017156439,0.0017126875,-0.1789917,0.03236123,-0.00081235275,0.0004254509,-0.0020179553,-0.0026946783,0.00068117527,-6.212359e-05,0.00010842722,-0.00010926255,-0.0026657295,0.0066954717,-0.00023897382,0.20456293,-0.036745783,-0.021478934,-0.0013681136,0.0,0.0,0.16892663,0.36148146,0.0073601436,-0.002509601,0.0,-0.0013811615,1.8426988e-05,-0.011280851,-0.03168314,-0.000169137,0.018362185,0.0023351966,0.003540569,0.008281928,0.0,-0.4460296,0.008995054,0.00012986774,-0.0018879287,0.01943624,-0.0041969083
3171,0.0020422358,0.0,-0.00043736555,0.026850801,0.0043992926,-0.0005764565,0.022441808,-0.005483904,0.03036759,-0.0012219193,7.8600875e-05,-0.0005678988,0.0,0.0,0.0,-0.003933706,0.008670293,0.0008491243,0.0,0.002776618,0.005150173,0.00010061709,0.0017126875,-0.1826991,0.02609508,-0.00081235275,0.0015546875,-0.0020179553,0.0014453788,0.00068117527,-0.00018143732,0.00012298049,-0.00010926255,-0.001200099,0.016555846,-0.00023897382,-0.14125891,-0.036773812,-0.021478934,-0.0018545807,0.0,0.0,0.16865511,0.3592744,0.009183142,-0.002509601,0.0,-0.0013811615,1.8426988e-05,-0.01166179,-0.037755527,-0.000169137,0.012888422,0.0023351966,0.0076726377,0.0017612072,0.0,-0.36575887,0.008995054,0.00014742589,0.004607641,0.027648028,-0.0064119827
3172,-8.5547974e-05,0.0,-0.00043736555,0.008502276,0.0011349958,-0.0005878034,0.008220739,-0.004943043,0.028222198,-0.0012219193,0.0001492801,-0.00011040977,0.0,0.0,0.0,-0.0029003767,0.009775941,-0.00013837314,0.0,0.0028339603,0.0027645868,8.946559e-05,0.0010361107,-0.18426053,0.012928073,-0.0007417946,0.0015546875,-0.002723583,-0.0031397871,0.00068117527,2.9842682e-05,-1.1971835e-05,-0.00010926255,0.003943336,0.020897018,-0.0019030209,-0.14722249,-0.03787448,-0.021478934,-0.0018545807,0.0,0.0,-0.04570304,-0.2070153,0.014943388,-0.005869464,0.0,-0.0013811615,3.3630393e-05,-0.022806652,-0.0464614,-0.000169137,0.009463743,0.0023351966,0.012072272,0.0017612072,0.0,-0.19902137,0.0032734259,-0.0002896314,-0.0015737796,0.04104116,-0.0064119827
3173,-9.18156e-06,0.0,-0.00043736555,0.008910421,0.0008923989,-0.0005764565,0.0146316765,-0.0006110127,0.029599817,-0.0012219193,7.8600875e-05,-0.0005678988,0.0,0.0,0.0,7.6855475e-05,0.008070532,-0.00013837314,0.0,0.0028339603,0.005150173,8.946559e-05,-0.00012462793,-0.18351947,0.01693445,-0.0007417946,0.0015546875,-0.002723583,-0.0029860726,0.00068117527,2.9842682e-05,0.00014179824,-0.00010926255,0.0014039199,0.016555846,-0.0019030209,-0.14130943,-0.03681943,-0.021330269,-0.0018545807,0.0,0.0,0.1702962,-0.16202994,0.012962809,-0.005869464,0.0,-0.0013811615,3.3630393e-05,-0.015674293,-0.04307323,-0.000169137,0.009463743,0.0023351966,0.012072272,0.0017612072,0.0,-0.2548333,0.008995054,-0.0002896314,-0.0020300585,0.036054187,-0.0064119827
3174,-9.18156e-06,0.0,-0.00043736555,0.009153865,0.0008923989,-0.0005764565,0.0146316765,-0.0006110127,0.029599817,-0.0012219193,7.8600875e-05,-0.0005678988,0.0,0.0,0.0,7.6855475e-05,0.008070532,-0.00013837314,0.0,0.0028339603,0.005150173,8.946559e-05,-0.00012462793,-0.18351947,0.01693445,-0.0007417946,0.0015546875,-0.002723583,-0.0029860726,0.00068117527,2.9842682e-05,0.00014179824,-0.00010926255,0.0012044222,0.016555846,-0.0019030209,-0.14130943,-0.0367914,-0.021330269,-0.0018545807,0.0,0.0,0.17026022,-0.16202994,0.012962809,-0.005869464,0.0,-0.0013811615,3.3630393e-05,-0.015674293,-0.04307323,-0.000169137,0.009463743,0.0023351966,0.012072272,0.0017612072,0.0,-0.2548333,0.008995054,-0.0002896314,-0.0020300585,0.036018196,-0.0064119827
3175,-8.5547974e-05,0.0,-0.00043736555,0.008502276,0.0011349958,-0.0005878034,0.008220739,-0.004943043,0.028222198,-0.0012219193,0.0001492801,-0.00011040977,0.0,0.0,0.0,5.8168927e-05,0.009775941,-0.00013837314,0.0,0.0028339603,0.0027645868,0.00022003135,-0.00012462793,-0.18426053,0.013880441,-0.0007417946,0.0015546875,-0.002723583,-0.0031397871,0.00068117527,-0.00016753579,0.00014179824,-0.00010926255,0.003788625,0.020897018,-0.0019030209,-0.14717197,-0.03754904,-0.021330269,-0.0018545807,0.0,0.0,-0.04617192,-0.20911527,0.014943388,-0.005869464,0.0,-0.0013811615,3.3630393e-05,-0.022127597,-0.047599297,-0.000169137,0.009463743,0.0023351966,0.012072272,0.0017612072,0.0,-0.19902137,0.0032734259,-0.0002896314,-0.0015737796,0.040861804,-0.0064119827
3176,-8.5547974e-05,0.0,-0.00043736555,0.008805888,0.0011349958,-0.0005878034,0.008009896,-0.004943043,0.028222198,-0.0012219193,0.0001492801,-0.00011040977,0.0,0.0,0.0,-0.0029003767,0.009775941,-0.00013837314,0.0,0.0028339603,0.0027645868,-0.0015328564,0.0010361107,-0.18426053,0.013880441,-0.0007417946,0.0015546875,-0.002723583,-0.0031397871,0.00068117527,-0.00016753579,0.00014179824,-0.00010926255,0.0035891281,0.020897018,-0.0019030209,-0.14717197,-0.037660923,-0.021478934,-0.0018545807,0.0,0.0,-0.04572151,-0.2051645,0.014943388,-0.005869464,0.0,-0.0013811615,3.3630393e-05,-0.022454467,-0.047599297,-0.000169137,0.009463743,0.0023351966,0.012072272,0.0017612072,0.0,-0.19902137,0.0032734259,-0.0002896314,-0.0015737796,0.04070548,-0.0064119827
3177,-8.5547974e-05,0.0,-0.00043736555,0.008805888,0.0011349958,-0.0005878034,0.008220739,-0.0051013334,0.028222198,-0.0012219193,0.0001492801,-0.00011040977,0.0,0.0,0.0,-0.0029003767,0.009775941,-0.00013837314,0.0,0.0028339603,0.0027645868,8.946559e-05,0.0010361107,-0.18426053,0.013880441,-0.0007417946,0.0015546875,-0.002723583,-0.0031397871,0.00068117527,-6.652173e-05,0.00014179824,-0.00010926255,0.0039308323,0.020897018,-0.0019030209,-0.14725119,-0.037660923,-0.021478934,-0.0018545807,0.0,0.0,-0.045678854,-0.20694155,0.014943388,-0.005869464,0.0,-0.0013811615,3.3630393e-05,-0.02275847,-0.047599297,-0.000169137,0.009463743,0.0023351966,0.012072272,0.0017612072,0.0,-0.19902137,0.0032734259,-0.0002896314,-0.0015737796,0.04070548,-0.0064119827
3178,-8.5547974e-05,0.0,-0.00043736555,0.008502276,0.0011349958,-0.0005878034,0.008009896,-0.004943043,0.028222198,-0.0012219193,0.0001492801,0.0011245208,0.0,0.0,0.0,-0.0029003767,0.009775941,-0.00013837314,0.0,0.0028339603,0.0027645868,8.946559e-05,0.0010361107,-0.18426053,0.013880441,-0.0007417946,0.0015546875,-0.002723583,-0.0031397871,0.00068117527,-0.00016753579,-1.1971835e-05,-0.00010926255,0.003943336,0.020897018,-0.0019030209,-0.14717197,-0.037688952,-0.021478934,-0.0018545807,0.0,0.0,-0.047928885,-0.20696712,0.014943388,-0.005869464,0.0,-0.0013811615,3.3630393e-05,-0.022454467,-0.047599297,-0.000169137,0.009463743,0.0023351966,0.012072272,0.0017612072,0.0,-0.1980731,0.0032734259,-0.0002896314,-0.0015737796,0.04104116,-0.0064119827
3179,-8.5547974e-05,0.0,-0.00043736555,0.008502276,0.0011349958,-0.0005878034,0.008009896,-0.0051013334,0.028222198,-0.0012219193,0.0001492801,-0.00011040977,0.0,0.0,0.0,-0.0029003767,0.009775941,-0.00013837314,0.0,0.0028339603,0.0027645868,0.00022003135,0.0010361107,-0.18426053,0.013880441,-0.0007417946,0.0015546875,-0.002723583,0.0010867417,0.00068117527,-0.00016753579,-1.1971835e-05,-0.00010926255,0.0039756196,0.020897018,-0.0019030209,-0.14720069,-0.037688952,-0.021478934,-0.0018545807,0.0,0.0,-0.045745693,-0.20520425,0.014943388,-0.005869464,0.0,-0.0013811615,3.3630393e-05,-0.022454467,-0.047599297,-0.000169137,0.009463743,0.0023351966,0.012072272,0.0017612072,0.0,-0.19536297,0.0032734259,-0.0002896314,-0.0015737796,0.04104116,-0.0064119827
3180,-8.5547974e-05,0.0,-0.00043736555,0.003111232,0.0011349958,-0.0005878034,0.0052843345,-0.004943043,0.025953267,-0.00094848796,0.0001492801,0.0011245208,0.0,0.0,0.0,-0.0029003767,0.008237085,-0.00010618098,0.0,0.0028339603,0.0027645868,-7.3305036e-06,0.0010361107,-0.18426053,0.012975426,-0.0008076114,-0.00449361,-0.0018472747,-0.0020749695,0.00068117527,0.00012323141,1.1894521e-05,-0.0003888607,0.0029436569,0.017176652,-0.0014931285,-0.14909305,-0.037688952,-0.021478934,-0.0018545807,0.0,0.0,-0.12807472,-0.29939026,0.014943388,-0.005869464,0.0,-0.0017187139,3.3630393e-05,-0.019428307,-0.05155512,-0.000169137,0.0053630853,0.0021184068,0.012072272,0.0017612072,0.0,-0.15161398,0.0032734259,-0.0002896314,-0.00027650304,0.047373254,-0.0035538897
3181,-8.5547974e-05,0.0,-0.00043736555,0.003111232,0.0011349958,-0.0005878034,0.004804343,-0.0051013334,0.025953267,-0.00094848796,0.0001492801,0.0011245208,0.0,0.0,0.0,-0.0029003767,0.008237085,-0.00010618098,0.0,0.0028339603,0.0027645868,-0.0016296525,0.0010361107,-0.18426053,0.012023058,-0.0008076114,-0.00449361,-0.0018472747,-0.0020749695,0.00068117527,0.00012323141,1.1894521e-05,-0.0003888607,-0.00059451954,0.017176652,-0.0024697937,-0.15129374,-0.03787448,-0.021478934,-0.0018545807,0.0,0.0,-0.12861644,-0.29983163,0.014943388,-0.005869464,0.0,-0.0017187139,3.3630393e-05,-0.019174809,-0.049210656,-0.000169137,0.0053630853,0.0021184068,-0.0029831724,0.0017612072,0.0,-0.15161398,0.0032734259,-0.0002896314,-0.00027650304,0.0436287,-0.0035538897
3182,-8.5547974e-05,0.0,-0.00043736555,0.003111232,0.0011349958,-0.0005878034,0.0050734915,-0.0051013334,0.025953267,-0.00094848796,0.0001492801,-0.00011040977,0.0,0.0,0.0,-0.0029003767,0.008237085,-0.00010618098,0.0,0.0028339603,0.0027645868,0.00024205932,0.0010361107,-0.18426053,0.012023058,-0.0008076114,-0.00449361,-0.0018472747,-0.0020749695,0.00068117527,0.00032060992,1.1894521e-05,-0.0003888607,0.0031306515,0.017176652,-0.0014931285,-0.14917226,-0.03787448,-0.021478934,-0.0018545807,0.0,0.0,-0.12364035,-0.29956314,0.014943388,-0.005869464,0.0,-0.0017187139,3.3630393e-05,-0.019398194,-0.05041723,-0.000169137,0.0053630853,0.0021184068,0.012072272,0.0017612072,0.0,-0.15355879,0.0032734259,-0.0002896314,-0.0015737796,0.047373254,-0.0035538897
3183,-8.5547974e-05,0.0,-0.00043736555,0.003111232,0.0011349958,-0.0005878034,0.0052843345,-0.0051013334,0.025953267,-0.00094848796,0.0001492801,-0.00011040977,0.0,0.0,0.0,-0.0029003767,0.008237085,-0.00010618098,0.0,0.0028339603,0.0027645868,0.00012323525,0.0010361107,-0.18426053,0.012975426,-0.0008076114,-0.00449361,-0.0018472747,-0.0029655478,0.00068117527,0.00012323141,0.00016566459,-0.0003888607,0.002975942,0.017176652,-0.0014931285,-0.14912176,-0.037688952,-0.021478934,-0.0018545807,0.0,0.0,-0.123597704,-0.29774332,0.014943388,-0.005869464,0.0,-0.0017187139,3.3630393e-05,-0.019428307,-0.05155512,-0.000169137,0.0053630853,0.0021184068,0.012072272,0.0017612072,0.0,-0.15426543,0.0032734259,-0.0002896314,-0.0015737796,0.0471939,-0.0035538897
3184,-0.00038196158,0.0,-0.00043736555,0.0018503104,0.0011349958,-0.0024328914,0.0056929938,-0.004943043,0.025953267,-0.00094848796,0.0001492801,-0.00011040977,0.0,0.0,0.0,-0.0029003767,0.008237085,-0.00010618098,0.0,0.00077767106,0.0027645868,-7.3305036e-06,0.0010361107,-0.1879492,0.012975426,-0.0010697764,-0.00449361,-0.0012661478,-0.0067092148,0.00068117527,0.00032060992,1.1894521e-05,0.0025634265,-0.032291584,0.017176652,0.00063123147,-0.1569134,-0.040548395,-0.021478934,-0.0018545807,0.0,0.0,-0.12917902,-0.31842285,0.01589618,-0.005869464,0.0,-0.0017187139,3.3630393e-05,-0.019273499,-0.050348546,-0.000169137,0.0053630853,0.0021184068,0.0025693276,0.0017612072,0.0,-0.15426543,0.0020500766,-0.0002896314,-0.0021424298,-0.054495964,-0.0035538897
3185,-8.5547974e-05,0.0,-0.00043736555,0.003111232,0.0011349958,-0.0005878034,0.0052843345,-7.015175e-05,0.025953267,-0.00094848796,0.0001492801,-0.00011040977,0.0,0.0,0.0,5.8168927e-05,0.008237085,-0.00010618098,0.0,0.0028339603,0.0027645868,0.00012323525,-0.00012462793,-0.18426053,0.012023058,-0.0008076114,-0.00449361,-0.0018472747,-0.0029655478,0.00068117527,0.00032060992,0.00016566459,-0.0003888607,0.0027889474,0.017176652,-0.0014931285,-0.14914356,-0.037734568,-0.021330269,-0.0018545807,0.0,0.0,-0.12636042,-0.30486226,0.014943388,-0.005869464,0.0,-0.0017187139,3.3630393e-05,-0.018946629,-0.05041723,-0.000169137,0.0053630853,0.0021184068,0.012072272,0.0017612072,0.0,-0.15326887,0.0032734259,-0.0002896314,-0.00027650304,0.0471939,-0.0035538897
3186,-8.5547974e-05,0.0,-0.00043736555,0.0034148442,0.0011349958,-0.0005878034,0.0052843345,-0.004943043,0.025953267,-0.00094848796,0.0001492801,-0.00011040977,0.0,0.0,0.0,-0.0029003767,0.008237085,-0.00010618098,0.0,0.0028339603,0.0027645868,0.00024205932,0.0010361107,-0.17975213,0.012975426,-0.0008076114,-0.00449361,-0.0018472747,-0.0029655478,0.00068117527,0.00032060992,1.1894521e-05,-0.0003888607,0.0027441601,0.017176652,-0.0014931285,-0.14873707,-0.037660923,-0.021478934,-0.0018545807,0.0,0.0,-0.12357352,-0.29749224,0.014943388,-0.005869464,0.0,-0.0017187139,3.3630393e-05,-0.019529015,-0.05155512,-0.000169137,0.0053630853,0.0021184068,0.012072272,0.0017612072,0.0,-0.15368797,0.0032734259,-0.0002896314,0.01613136,0.04218043,-0.0035538897
3187,-8.5547974e-05,0.0,-0.00043736555,0.003111232,0.0011349958,-0.0005878034,0.005015186,-0.004943043,0.025953267,-0.00094848796,0.0001492801,-0.00011040977,0.0,0.0,0.0,-0.0029003767,0.008237085,-0.00010618098,0.0,0.0028339603,0.0027645868,-7.3305036e-06,0.0010361107,-0.18426053,0.012975426,-0.0008076114,-0.00449361,-0.0018472747,-0.0029655478,0.00068117527,0.00012323141,1.1894521e-05,-0.0003888607,0.0034819539,0.017176652,-0.0014931285,-0.14909305,-0.037688952,-0.021478934,-0.0018545807,0.0,0.0,-0.12386685,-0.29779303,0.014943388,-0.005869464,0.0,-0.0017187139,3.3630393e-05,-0.019428307,-0.05155512,-0.000169137,0.0053630853,0.0021184068,0.012072272,0.0017612072,0.0,-0.15426543,0.0032734259,-0.0002896314,-0.0015737796,0.047373254,-0.0035538897
3188,-8.5547974e-05,0.0,-0.00043736555,0.003111232,0.0011349958,-0.0005878034,0.0050734915,-0.004943043,0.025953267,-0.00094848796,0.0001492801,-0.00011040977,0.0,0.0,0.0,-0.0029003767,0.008237085,-0.00010618098,0.0,0.0028339603,0.0027645868,-7.3305036e-06,-0.00012462793,-0.17975213,0.012023058,-0.0008076114,-0.00449361,-0.0018472747,-0.0029655478,0.00068117527,0.00032060992,0.00016566459,-0.0003888607,0.0029436569,0.017176652,-0.0014931285,-0.14873707,-0.037734568,-0.021330269,-0.0018545807,0.0,0.0,-0.12364035,-0.29705018,0.014943388,-0.005869464,0.0,-0.0017187139,3.3630393e-05,-0.018570457,-0.05041723,-0.000169137,0.0053630853,0.0021184068,0.012072272,0.0017612072,0.0,-0.15368797,0.0032734259,-0.0002896314,0.01613136,0.042157397,-0.0035538897
3189,-0.00038196158,0.0,-0.00043736555,0.0021539237,0.0011349958,-0.0024328914,0.005903837,-0.004943043,0.025953267,-0.00094848796,0.0001492801,-0.00011040977,0.0,0.0,0.0,-0.0029003767,0.008237085,-0.00010618098,0.0,0.00077767106,0.0027645868,0.00024205932,-0.00012462793,-0.1879492,0.012023058,-0.0010697764,-0.00449361,-0.0012661478,-0.0067092148,0.00068117527,-0.0010217775,0.00016566459,0.0025634265,-0.03249108,0.017176652,0.00063123147,-0.1569134,-0.040565982,-0.021661349,-0.0018545807,0.0,0.0,-0.13987675,-0.31823018,0.01589618,-0.005869464,0.0,-0.0017187139,3.3630393e-05,-0.019071324,-0.04969494,-0.000169137,0.0053630853,0.0003826445,0.0025693276,0.0017612072,0.0,-0.15426543,0.0020500766,-0.0002896314,-0.0021424298,-0.054831643,-0.0035538897
3190,-0.00038196158,0.0,-0.00043736555,0.0018503104,0.0011349958,-0.0024328914,0.005297659,-0.0051013334,0.025953267,-0.00094848796,0.0001492801,-0.00011040977,0.0,0.0,0.0,-0.0029003767,0.008237085,-0.00010618098,0.0,0.00077767106,0.0027645868,-7.3305036e-06,-0.00012462793,-0.19071725,0.012023058,-0.0010697764,-0.00449361,-0.0012661478,-0.0067092148,0.00068117527,0.00032060992,0.00016566459,0.0025634265,-0.03210459,0.017176652,0.00063123147,-0.15694211,-0.04059401,-0.023003737,-0.0018545807,0.0,0.0,-0.14223744,-0.3181055,0.01589618,-0.005869464,0.0,-0.0017187139,3.3630393e-05,-0.018693134,-0.04969494,-0.000169137,0.0053630853,0.0003826445,0.0025693276,0.0017612072,0.0,-0.15147497,0.0020500766,-0.0002896314,-0.0008451531,-0.05330584,-0.0035538897
3191,-8.5547974e-05,0.0,-0.00043736555,0.0031477166,0.0011349958,-0.0005878034,0.0052843345,-0.0051013334,0.027155884,-0.0010915437,0.0001492801,-0.00011040977,0.0,0.0,0.0,-0.0029003767,0.008237085,-0.00010618098,0.0,0.0028339603,0.0027645868,0.00012323525,-0.00012462793,-0.18426053,0.012023058,-0.0008076114,-0.00449361,-0.0018472747,-0.0029655478,0.00068117527,0.00012323141,0.00016566459,-0.0003888607,0.002975942,0.017176652,-0.0014931285,-0.14912176,-0.037734568,-0.021330269,-0.0018545807,0.0,0.0,-0.12589154,-0.28203803,0.014943388,-0.005869464,0.0,-0.0017187139,3.3630393e-05,-0.018847939,-0.05041723,-0.000169137,0.0053630853,0.0021184068,0.012072272,0.0017612072,0.0,-0.15326887,0.0032734259,-0.0002896314,-0.00027650304,0.046957593,-0.0064119827
3192,-8.5547974e-05,0.0,-0.00043736555,0.008502276,0.0011349958,-0.0005878034,0.021606619,0.00040184276,0.028222198,-0.0012219193,0.0001492801,-0.00011040977,0.0,0.0,0.0,5.8168927e-05,0.009775941,-0.00013837314,0.0,0.0028339603,0.0027645868,0.00022003135,-0.00012462793,-0.18244956,0.013880441,0.0043463334,-0.00449361,-0.002723583,-0.0031397871,0.00068117527,-0.00016753579,0.00014179824,-0.00010926255,0.010041082,0.017176652,-0.0019030209,-0.14909305,-0.03754904,-0.021330269,-0.0018545807,0.0,0.0,-0.04572376,-0.2179694,0.014943388,-0.005869464,0.0,-0.0013811615,3.3630393e-05,-0.022202032,-0.04863502,-0.000169137,0.009463743,0.0023351966,0.012072272,0.0017612072,0.0,-0.1980248,0.0032734259,-0.0002896314,-0.00027650304,0.040861804,-0.0064119827
3193,-8.5547974e-05,0.0,-0.00043736555,0.003111232,0.0011349958,-0.0023874808,0.0046266075,-0.0051013334,0.025953267,-0.00094848796,0.0001492801,-0.00011040977,0.0,0.0,0.0,-0.0029003767,0.008237085,-0.00010618098,0.0,0.0028339603,0.0027645868,-7.3305036e-06,0.0010361107,-0.18222347,0.012023058,-0.0008076114,-0.00449361,-0.0018472747,-0.0029655478,0.00068117527,0.00032060992,1.1894521e-05,-0.0003888607,0.074065596,0.017176652,0.0033276365,-0.14522104,-0.035541315,-0.021478934,-0.0018545807,0.0,0.0,-0.12639059,-0.27968758,0.014943388,-0.005869464,0.0,-0.0017187139,3.3630393e-05,-0.019526998,-0.049210656,-0.000169137,0.0053630853,0.0021184068,0.012072272,0.0017612072,0.0,-0.15326887,0.0032734259,-0.0002896314,-0.00027650304,0.07697658,-0.0035538897
3194,-8.5547974e-05,0.0,-0.00043736555,0.0031477166,0.0011349958,-0.0005878034,0.0052843345,-0.0051013334,0.027155884,-0.0010915437,0.0001492801,-0.00011040977,0.0,0.0,0.0,-0.0029003767,0.008237085,-0.00010618098,0.0,0.0028339603,0.0027645868,0.00012323525,0.0010361107,-0.18426053,0.012975426,-0.0008076114,-0.00449361,-0.0018472747,-0.0029655478,0.00068117527,0.00012323141,0.00016566459,-0.0003888607,0.002975942,0.017176652,-0.0014931285,-0.14912176,-0.037688952,-0.021478934,-0.0018545807,0.0,0.0,-0.123597704,-0.28232983,0.014943388,-0.005869464,0.0,-0.0017187139,3.3630393e-05,-0.019428307,-0.05155512,-0.000169137,0.0053630853,0.0021184068,0.012072272,0.0017612072,0.0,-0.15426543,0.0032734259,-0.0002896314,-0.0015737796,0.046957593,-0.0064119827
3195,-8.5547974e-05,0.0,-0.00043736555,0.0034148442,0.0011349958,-0.0005878034,0.0052843345,-0.0051013334,0.025953267,-0.00094848796,0.0001492801,-0.00011040977,0.0,0.0,0.0,-0.0029003767,0.008237085,-0.00010618098,0.0,0.0028339603,0.0027645868,-7.3305036e-06,-0.00012462793,-0.17975213,0.012975426,-0.0008076114,-0.00449361,-0.0018472747,-0.0029655478,0.00068117527,0.00032060992,0.00016566459,-0.0003888607,0.002931153,0.017176652,-0.0014931285,-0.14876577,-0.037521012,-0.021330269,-0.0018545807,0.0,0.0,-0.12357352,-0.29705018,0.014943388,-0.005869464,0.0,-0.0017187139,3.3630393e-05,-0.018823951,-0.05155512,-0.000169137,0.0053630853,0.0021184068,0.012072272,0.0017612072,0.0,-0.15368797,0.0032734259,-0.0002896314,0.01613136,0.042001072,-0.0035538897
3196,-0.00038196158,0.0,-0.00043736555,0.0018503104,0.0011349958,-0.0024328914,0.005903837,-0.0051013334,0.025953267,-0.00094848796,0.0001492801,-0.00011040977,0.0,0.0,0.0,-0.0029003767,0.008237085,-0.00010618098,0.0,0.00077767106,0.0027645868,0.00012323525,0.0010361107,-0.1879492,0.013223625,-0.0016298512,-0.00449361,-0.0012661478,-0.0067092148,0.00068117527,0.00012323141,1.1894521e-05,0.0025634265,-0.031781692,0.017176652,0.00063123147,-0.1568916,-0.040548395,-0.021478934,-0.0018545807,0.0,0.0,-0.13143021,-0.31857622,0.01589618,-0.005869464,0.0,-0.0017187139,3.3630393e-05,-0.019552404,-0.050348546,-0.000169137,0.0053630853,0.0021184068,0.0025693276,0.0017612072,0.0,-0.15326887,0.0020500766,-0.0002896314,-0.0008451531,-0.054311898,-0.0035538897
3197,-8.5547974e-05,0.0,-0.00043736555,0.0034148442,0.0011349958,-0.0005878034,0.005015186,-0.004943043,0.025953267,-0.00094848796,0.0001492801,-0.00011040977,0.0,0.0,0.0,-0.0029003767,0.008237085,-0.00010618098,0.0,0.0028339603,0.0027645868,-7.3305036e-06,0.0010361107,-0.18426053,0.012975426,-0.0008076114,-0.00449361,-0.0018472747,-0.0029655478,0.00068117527,0.00032060992,1.1894521e-05,-0.0003888607,0.017252672,0.017176652,-0.0024697937,-0.14914356,-0.037660923,-0.021478934,-0.0018545807,0.0,0.0,-0.1263664,-0.29324564,0.014943388,-0.005869464,0.0,-0.0017187139,3.3630393e-05,-0.019526998,-0.050348546,-0.000169137,0.0053630853,0.0021184068,0.012072272,0.0017612072,0.0,-0.15326887,0.0032734259,-0.0002896314,-0.00027650304,0.05045033,-0.0035538897
3198,-8.5547974e-05,0.0,-0.00043736555,0.003111232,0.0011349958,-0.0005878034,0.0052843345,-0.004943043,0.025953267,-0.00094848796,0.0001492801,-0.00011040977,0.0,0.0,0.0,-0.0029003767,0.008237085,-0.00010618098,0.0,0.0028339603,0.0027645868,0.00012323525,0.0010361107,-0.18426053,0.012975426,-0.0008076114,-0.00449361,-0.0018472747,-0.0029655478,0.00068117527,0.00012323141,0.00016566459,-0.0003888607,0.0027889474,0.017176652,-0.0014931285,-0.14909305,-0.037688952,-0.021478934,-0.0018545807,0.0,0.0,-0.12589154,-0.29774332,0.014943388,-0.005869464,0.0,-0.0017187139,3.3630393e-05,-0.019428307,-0.05155512,-0.000169137,0.0053630853,0.0021184068,0.012072272,0.0017612072,0.0,-0.15326887,0.0032734259,-0.0002896314,-0.00027650304,0.0471939,-0.0035538897
3199,-8.5547974e-05,0.0,-0.00043736555,0.003111232,0.0011349958,-0.0005878034,0.0052843345,-0.004943043,0.025953267,-0.00094848796,0.0001492801,-0.00011040977,0.0,0.0,0.0,-0.0029003767,0.008237085,-0.00010618098,0.0,0.0028339603,0.0027645868,0.00012323525,0.0010361107,-0.18426053,0.013223625,-0.0008076114,-0.00449361,-0.0018472747,-0.0020749695,0.00068117527,0.00097600615,1.1894521e-05,-0.0003888607,0.0027889474,0.017176652,-0.0014931285,-0.14909305,-0.037688952,-0.021478934,-0.0018545807,0.0,0.0,-0.12589154,-0.30101308,0.014943388,-0.005869464,0.0,-0.0017187139,3.3630393e-05,-0.019552404,-0.05155512,-0.000169137,0.0053630853,0.0021184068,0.012072272,0.0017612072,0.0,-0.15189214,0.0032734259,-0.0002896314,-0.00027650304,0.047373254,-0.0035538897
3200,-0.0006135241,0.0,-0.00043736555,0.0013879723,0.0011349958,-0.0024328914,0.0056929938,-0.0051013334,0.021579778,-0.00094848796,0.0001492801,-0.00011040977,0.0,0.0,0.0,-0.0029003767,0.005672957,-0.00010618098,0.0,0.00077767106,0.0027645868,0.00024205932,-0.00012462793,-0.1879492,0.012023058,-0.0010697764,-0.0007841112,-0.0012661478,-0.0058186366,0.00068117527,0.00032060992,0.00016566459,0.0025634265,-0.03026746,-0.0056440495,0.00030207232,-0.16091797,-0.040565982,-0.023003737,-0.0018545807,0.0,0.0,-0.14441772,-0.3202962,0.01589618,-0.005869464,0.0,-0.0017187139,3.3630393e-05,-0.018542634,-0.051116146,-0.000169137,0.0053630853,0.0003826445,-0.0007186803,0.0017612072,0.0,-0.15256225,0.0020500766,-0.0002896314,-0.0008451531,-0.051364947,-0.0035538897
3201,-0.00071154186,0.0,-0.00043736555,0.0013879723,0.0011349958,-0.0024328914,0.005329066,-0.0051013334,-0.04816885,-0.0035073415,0.0001492801,-0.00011040977,0.0,0.0,0.0,-0.0029003767,-0.014533407,0.0004158025,0.0,0.00077767106,0.0027645868,0.00012323525,0.0010361107,-0.12700248,0.012268975,-0.0016298512,-0.0007841112,-0.0012661478,-0.0058186366,0.00068117527,0.00012323141,-0.002094862,0.0025634265,-0.029944565,-0.003176902,0.00063123147,-0.16200286,-0.04077124,-0.023152402,-0.00095420436,0.0,0.0,-0.13851133,-0.31726393,0.01589618,-0.003557119,0.0,-0.0023439266,3.3630393e-05,-0.015700245,-0.03463333,-0.000169137,0.0053630853,0.0003826445,-0.0007186803,0.0017612072,0.0,-0.151504,0.0020500766,-0.0002896314,-0.0021424298,-0.052590724,-0.0013835803
3202,-0.013436284,0.0,-0.00043736555,0.0015360037,0.0011349958,-0.0024328914,0.005903837,-7.015175e-05,0.022487234,-0.0010915437,0.0001492801,-0.00011040977,0.0,0.0,0.0,5.8168927e-05,0.005672957,-0.00010618098,0.0,0.00077767106,0.0027645868,-0.0016296525,-0.00012462793,-0.18658102,0.012975426,-0.0010697764,-0.0007841112,0.0007291363,-0.0067092148,0.00068117527,0.00097600615,0.00016566459,-8.170852e-05,-0.030609166,-0.0056440495,0.00063123147,-0.15970258,-0.040380456,-0.021330269,-0.0018545807,0.0,0.0,-0.13029121,-0.29850918,0.01589618,-0.005869464,0.0,-0.0017187139,3.3630393e-05,-0.018856738,-0.050563183,-0.000169137,0.0053630853,0.0021184068,-0.0007186803,0.0017612072,0.0,-0.14944506,0.0020500766,-0.0002896314,-0.0021424298,-0.047207106,-0.0064119827
3203,-0.013436284,0.0,-0.00043736555,0.0013879723,0.0011349958,-0.0024328914,0.005903837,-0.0051013334,0.021284617,-0.00094848796,0.0001492801,-0.00011040977,0.0,0.0,0.0,-0.0029003767,0.005672957,-0.00010618098,0.0,0.00077767106,0.0027645868,0.00012323525,-0.00012462793,-0.18323098,0.012975426,-0.0010697764,-0.0007841112,-0.0012661478,-0.0067092148,0.00068117527,0.00012323141,0.00016566459,-8.170852e-05,-0.030422172,-0.0056440495,0.00063123147,-0.15973128,-0.040380456,-0.021330269,-0.0018545807,0.0,0.0,-0.12982233,-0.30829334,0.01589618,-0.005869464,0.0,-0.0017187139,3.3630393e-05,-0.018856738,-0.050563183,-0.000169137,0.0053630853,0.0021184068,-0.0007186803,0.0017612072,0.0,-0.1514699,0.0020500766,-0.0002896314,-0.0021424298,-0.04847401,-0.0035538897
3204,-0.0006135241,0.0,-0.00043736555,0.0013879723,0.0011349958,-0.0024328914,0.005903837,-0.0051013334,0.021579778,-0.00094848796,0.0001492801,-0.00011040977,0.0,0.0,0.0,-0.0029003767,0.005672957,-0.00010618098,0.0,0.00077767106,0.0027645868,-7.3305036e-06,-0.00012462793,-0.1879492,0.012975426,-0.0010697764,-0.0007841112,-0.0012661478,-0.0058186366,0.00068117527,0.00012323141,0.00016566459,0.0025634265,-0.03026746,-0.0056440495,0.00030207232,-0.16086747,-0.040380456,-0.023003737,-0.0018545807,0.0,0.0,-0.1420812,-0.32012334,0.01589618,-0.005869464,0.0,-0.0017187139,3.3630393e-05,-0.018572748,-0.05225404,-0.000169137,0.0053630853,0.0003826445,-0.0007186803,0.0017612072,0.0,-0.15355879,0.0020500766,-0.0002896314,-0.0021424298,-0.051364947,-0.0035538897
3205,-0.0006135241,0.0,-0.00043736555,0.0015360037,0.0011349958,-0.0024328914,0.005903837,-0.0051013334,0.022782395,-0.0010915437,0.0001492801,-0.00011040977,0.0,0.0,0.0,-0.0029003767,0.005672957,-0.00010618098,0.0,0.00077767106,0.0027645868,-7.3305036e-06,-0.00012462793,-0.1879492,0.012975426,-0.0010697764,-0.0007841112,-0.0012661478,-0.0067092148,0.00068117527,0.00012323141,0.00016566459,-8.170852e-05,-0.03026746,-0.0056440495,0.00030207232,-0.16086747,-0.040380456,-0.021330269,-0.0018545807,0.0,0.0,-0.13361049,-0.3021733,0.01589618,-0.005869464,0.0,-0.0017187139,3.3630393e-05,-0.018572748,-0.051769756,-0.000169137,0.0053630853,0.0021184068,-0.0007186803,0.0017612072,0.0,-0.15326887,0.0020500766,-0.0002896314,-0.0008451531,-0.04688903,-0.0064119827
3206,-0.0006135241,0.0,-0.00043736555,0.0013879723,0.0011349958,-0.0024328914,0.0056929938,-0.004943043,0.021579778,-0.00094848796,0.0001492801,-0.00011040977,0.0,0.0,0.0,-0.0029003767,0.005672957,-0.00010618098,0.0,0.00077767106,0.0027645868,-7.3305036e-06,-0.00012462793,-0.1879492,0.012023058,-0.0010697764,-0.0007841112,-0.0012661478,-0.0067092148,0.00068117527,0.00032060992,0.00016566459,-8.170852e-05,-0.030454455,-0.0056440495,0.00030207232,-0.16088927,-0.040565982,-0.021330269,-0.0018545807,0.0,0.0,-0.13365315,-0.3191382,0.01589618,-0.005869464,0.0,-0.0017187139,3.3630393e-05,-0.01841794,-0.050631862,-0.000169137,0.0053630853,0.0021184068,-0.0007186803,0.0017612072,0.0,-0.15326887,0.0020500766,-0.0002896314,-0.0008451531,-0.048155934,-0.0035538897
3207,-0.0006135241,0.0,-0.00043736555,0.0013879723,0.0011349958,-0.0024328914,0.005903837,-0.0051013334,0.021579778,-0.00094848796,0.0001492801,-0.00011040977,0.0,0.0,0.0,-0.0029003767,0.005672957,-0.00010618098,0.0,0.00077767106,0.0027645868,0.00024205932,-0.00012462793,-0.1879492,0.012023058,-0.0010697764,-0.0007841112,-0.0012661478,-0.0067092148,0.00068117527,0.00032060992,0.00016566459,-8.170852e-05,-0.03026746,-0.0056440495,0.00030207232,-0.16091797,-0.040565982,-0.021330269,-0.0018545807,0.0,0.0,-0.13131663,-0.3192629,0.01589618,-0.005869464,0.0,-0.0017187139,3.3630393e-05,-0.018796133,-0.050631862,-0.000169137,0.0053630853,0.0021184068,-0.0007186803,0.0017612072,0.0,-0.15426543,0.0020500766,-0.0002896314,-0.0021424298,-0.048155934,-0.0035538897
3208,-0.0006135241,0.0,-0.00043736555,0.0013879723,0.0011349958,-0.0024328914,0.005903837,-0.0051013334,0.021579778,-0.00094848796,0.0001492801,-0.00011040977,0.0,0.0,0.0,-0.0029003767,0.005672957,-0.00010618098,0.0,0.00077767106,0.0027645868,0.00024205932,-0.00012462793,-0.19129923,0.012975426,-0.0010697764,-0.0007841112,0.0007291363,-0.0058186366,0.00068117527,0.00012323141,0.00016566459,-8.170852e-05,-0.03026746,-0.0056440495,0.00030207232,-0.16086747,-0.040380456,-0.021330269,-0.0018545807,0.0,0.0,-0.13131663,-0.3208119,0.01589618,-0.005869464,0.0,-0.0017187139,3.3630393e-05,-0.018697442,-0.051769756,-0.000169137,0.0053630853,0.0021184068,-0.0007186803,0.0017612072,0.0,-0.15220404,0.0020500766,-0.0002896314,-0.0021424298,-0.048155934,-0.0035538897
3209,-0.0006135241,0.0,-0.00043736555,0.0013879723,0.0011349958,-0.0024328914,0.0056929938,-0.004943043,0.021579778,-0.00094848796,0.0001492801,-0.00011040977,0.0,0.0,0.0,-0.0029003767,0.005672957,-0.00010618098,0.0,0.00077767106,0.0027645868,0.00024205932,-0.00012462793,-0.1879492,0.012975426,-0.0010697764,-0.0007841112,-0.0012661478,-0.0067092148,0.00068117527,0.00032060992,0.00016566459,-8.170852e-05,-0.030454455,-0.0056440495,0.00030207232,-0.16088927,-0.040380456,-0.021330269,-0.0018545807,0.0,0.0,-0.13365315,-0.3192629,0.01589618,-0.005869464,0.0,-0.0017187139,3.3630393e-05,-0.018542634,-0.051769756,-0.000169137,0.0053630853,0.0021184068,-0.0007186803,0.0017612072,0.0,-0.15326887,0.0020500766,-0.0002896314,-0.0008451531,-0.048155934,-0.0035538897
3210,-0.0006135241,0.0,-0.00043736555,0.0013879723,0.0011349958,-0.0024328914,0.011330944,-0.0051013334,0.021579778,-0.00094848796,0.0001492801,-0.00011040977,0.0,0.0,0.0,-0.0029003767,0.005672957,-0.00010618098,0.0,0.00077767106,0.0027645868,0.00024205932,-0.00012462793,-0.18771537,0.013223625,-0.0010697764,-0.0007841112,-0.0012661478,-0.0058186366,0.00068117527,0.00097600615,0.00016566459,0.0025634265,-0.03572957,-0.0056440495,0.00063123147,-0.16086747,-0.040380456,-0.023003737,-0.0018545807,0.0,0.0,-0.14122376,-0.3210539,0.01589618,-0.005869464,0.0,-0.0017187139,3.3630393e-05,-0.018958965,-0.05208319,-0.000169137,0.0053630853,0.0003826445,-0.0007186803,0.0017612072,0.0,-0.15314513,0.0003384709,-0.0002896314,-0.0008451531,-0.052954145,-0.0035538897
3211,-0.0006135241,0.0,-0.00043736555,0.0013879723,0.0011349958,-0.0024328914,0.0056929938,-0.004943043,0.021579778,-0.00094848796,0.0001492801,-0.00011040977,0.0,0.0,0.0,-0.0029003767,0.005672957,-0.00010618098,0.0,0.00077767106,0.0027645868,-7.3305036e-06,-0.00012462793,-0.1879492,0.012023058,-0.0010697764,-0.0007841112,-0.0012661478,-0.0067092148,0.00068117527,0.00012323141,0.00016566459,-8.170852e-05,-0.030454455,-0.0056440495,0.00030207232,-0.16083877,-0.040565982,-0.021330269,-0.0018545807,0.0,0.0,-0.1313593,-0.31908998,0.01589618,-0.005869464,0.0,-0.0017187139,3.3630393e-05,-0.018319251,-0.050631862,-0.000169137,0.0053630853,0.0021184068,-0.0007186803,0.0017612072,0.0,-0.15426543,0.0020500766,-0.0002896314,-0.0021424298,-0.048155934,-0.0035538897
3212,-0.0006135241,0.0,-0.00043736555,0.0013879723,0.0011349958,-0.0024328914,0.005297659,-0.0051013334,0.021579778,-0.00094848796,0.0001492801,-0.00011040977,0.0,0.0,0.0,-0.0029003767,0.005672957,-0.00010618098,0.0,0.00077767106,0.0027645868,0.00024205932,-0.00012462793,-0.19071725,0.012023058,-0.0010697764,-0.0007841112,-0.0012661478,-0.0067092148,0.00068117527,0.00032060992,0.00016566459,-8.170852e-05,-0.03026746,-0.0056440495,0.00030207232,-0.16091797,-0.040565982,-0.021330269,-0.0018545807,0.0,0.0,-0.1313593,-0.3192629,0.01589618,-0.005869464,0.0,-0.0017187139,3.3630393e-05,-0.018542634,-0.050631862,-0.000169137,0.0053630853,0.0021184068,-0.0007186803,0.0017612072,0.0,-0.15247153,0.0020500766,-0.0002896314,-0.0021424298,-0.046786454,-0.0035538897
3213,-0.0006135241,0.0,-0.00043736555,0.0013879723,0.0011349958,-0.0024328914,0.0056929938,-0.0051013334,0.021579778,-0.00094848796,0.0001492801,-0.00011040977,0.0,0.0,0.0,-0.0029003767,0.005672957,-0.00010618098,0.0,0.00077767106,0.0027645868,-7.3305036e-06,-0.00012462793,-0.19129923,0.012023058,-0.0010697764,-0.0007841112,0.0007291363,-0.0067092148,0.00068117527,0.00022424548,0.00016566459,-8.170852e-05,-0.03026746,-0.0056440495,0.00030207232,-0.16091797,-0.040565982,-0.021330269,-0.0018545807,0.0,0.0,-0.13365315,-0.31908998,0.01589618,-0.005869464,0.0,-0.0017187139,3.3630393e-05,-0.018369759,-0.050631862,-0.000169137,0.0053630853,0.0021184068,-0.0007186803,0.0017612072,0.0,-0.15191412,0.0020500766,-0.0002896314,-0.0008451531,-0.048155934,-0.0035538897
3214,-0.013436284,0.0,-0.00043736555,0.0015360037,0.0011349958,-0.0024328914,0.0056929938,-0.004943043,0.022487234,-0.0010915437,0.0001492801,-0.00011040977,0.0,0.0,0.0,-0.0029003767,0.005672957,-0.00010618098,0.0,0.00077767106,0.0027645868,0.00012323525,-0.00012462793,-0.18323098,0.012023058,-0.0010697764,-0.0007841112,-0.0012661478,-0.0067092148,0.00068117527,0.00012323141,0.00016566459,-8.170852e-05,-0.030609166,-0.0056440495,0.00063123147,-0.15970258,-0.040565982,-0.021330269,-0.0018545807,0.0,0.0,-0.12690039,-0.29137665,0.01589618,-0.005869464,0.0,-0.0017187139,3.3630393e-05,-0.018603243,-0.04942529,-0.000169137,0.0053630853,0.0021184068,-0.0007186803,0.0017612072,0.0,-0.1527229,0.0003384709,-0.0002896314,-0.0021424298,-0.047207106,-0.0064119827
3215,-0.0006135241,0.0,-0.00043736555,0.0013879723,0.0011349958,-0.0024328914,0.005903837,-0.0051013334,0.021579778,-0.00094848796,0.0001492801,-0.00011040977,0.0,0.0,0.0,-0.0029003767,0.005672957,-0.00010618098,0.0,0.00077767106,0.0027645868,-7.3305036e-06,-0.00012462793,-0.1879492,0.012975426,-0.0010697764,-0.0007841112,-0.0012661478,-0.0058186366,0.00068117527,0.00012323141,0.00016566459,0.0025634265,-0.03026746,-0.0056440495,0.00030207232,-0.16086747,-0.040380456,-0.021330269,-0.0018545807,0.0,0.0,-0.13131663,-0.32012334,0.01589618,-0.005869464,0.0,-0.0017187139,3.3630393e-05,-0.018572748,-0.051769756,-0.000169137,0.0053630853,0.0021184068,-0.0007186803,0.0017612072,0.0,-0.15355879,0.0020500766,-0.0002896314,-0.0021424298,-0.051364947,-0.0035538897
3216,-0.0006135241,0.0,-0.00043736555,0.0013879723,0.0011349958,-0.0024328914,0.005903837,-0.0051013334,0.021579778,-0.00094848796,0.0001492801,-0.00011040977,0.0,0.0,0.0,-0.0029003767,0.005672957,-0.00010618098,0.0,0.00077767106,0.0027645868,-7.3305036e-06,-0.00012462793,-0.19129923,0.012975426,-0.0010697764,-0.0007841112,0.0007291363,-0.0058186366,0.00068117527,0.00012323141,0.00016566459,0.0025634265,-0.03026746,-0.0056440495,0.00030207232,-0.16086747,-0.040380456,-0.021330269,-0.0018545807,0.0,0.0,-0.13361049,-0.32012334,0.01589618,-0.005869464,0.0,-0.0017187139,3.3630393e-05,-0.018572748,-0.051769756,-0.000169137,0.0053630853,0.0021184068,-0.0007186803,0.0017612072,0.0,-0.15120749,0.0020500766,-0.0002896314,-0.0008451531,-0.051364947,-0.0035538897
3217,-0.0006135241,0.0,-0.00043736555,0.0013879723,0.0011349958,-0.0024328914,0.005297659,-0.0051013334,0.013234023,-0.00094848796,0.0001492801,-0.00011040977,0.0,0.0,0.0,-0.0029003767,0.005672957,-0.00010618098,0.0,0.00077767106,0.0027645868,-7.3305036e-06,-0.00012462793,-0.1921125,0.012023058,-0.0010697764,-0.0007841112,-0.0012661478,-0.0067092148,0.00068117527,0.00032060992,0.00016566459,0.0025634265,-0.03026746,-0.0056440495,0.00030207232,-0.16091797,-0.040565982,-0.021330269,-0.00095420436,0.0,0.0,-0.13425048,-0.31857428,0.01589618,-0.005869464,0.0,-0.0017187139,3.3630393e-05,-0.01841794,-0.04119388,-0.000169137,0.0053630853,0.0021184068,-0.0007186803,0.0017612072,0.0,-0.15147497,0.0020500766,-0.0002896314,-0.0008451531,-0.049995467,-0.0035538897
3218,-0.0006135241,0.0,-0.00043736555,0.0013879723,0.0011349958,-0.0024328914,-0.062643826,-0.005386394,-0.017947149,-0.0015233477,0.0001492801,-0.00011040977,0.0,0.0,0.0,-0.0029003767,0.0018129254,-0.00010618098,0.0,0.00077767106,0.0027645868,-7.3305036e-06,-0.00012462793,-0.16493951,0.011730996,-0.0016298512,-0.0007841112,0.0027953999,-0.0058186366,0.00068117527,0.00032060992,0.00016566459,0.0025634265,-0.028379902,-0.003176902,0.00030207232,-0.1544384,-0.033562683,-0.021330269,-0.00095420436,0.0,0.0,-0.11531017,-0.30145168,0.01589618,-0.0038095862,0.0,-0.0023439266,3.3630393e-05,-0.017803501,-0.03421773,-0.000169137,0.0053630853,0.0021184068,-0.0007186803,0.0017612072,0.0,-0.14244589,0.0020500766,-0.0002896314,-0.0008451531,-0.052299097,-0.0006354258
3219,-0.013436284,0.0,-0.00043736555,0.0013879723,0.0011349958,-0.0024328914,0.0056929938,-0.0051013334,0.012938862,-0.00094848796,0.0001492801,-0.00011040977,0.0,0.0,0.0,-0.0029003767,0.005672957,-0.00010618098,0.0,0.00077767106,0.0027645868,0.00024205932,-0.00012462793,-0.18462624,0.012023058,-0.0016298512,-0.0007841112,-0.0012661478,-0.0058186366,0.00068117527,0.00032060992,0.00016566459,0.0025634265,-0.029789854,-0.0056440495,0.00030207232,-0.15978178,-0.040565982,-0.021330269,-0.00095420436,0.0,0.0,-0.13023241,-0.3099087,0.01589618,-0.005869464,0.0,-0.0017187139,3.3630393e-05,-0.018826624,-0.04119388,-0.000169137,0.0053630853,0.0021184068,-0.0007186803,0.0017612072,0.0,-0.15076327,0.0020500766,-0.0002896314,-0.0021424298,-0.049909763,-0.0035538897
3220,-0.0006135241,0.0,-0.00043736555,0.0013879723,0.0011349958,-0.0024328914,-0.02210845,-0.005386394,0.013041591,-0.00094848796,0.0001492801,-0.00011040977,0.0,0.0,0.0,-0.0029003767,0.0028455579,-0.00010618098,0.0,0.00077767106,0.0027645868,0.00012323525,-0.00012462793,-0.1921125,0.012023058,-0.0010697764,-0.0007841112,-0.0012661478,-0.0058186366,0.00068117527,0.00012323141,0.00016566459,0.0025634265,-0.02901222,-0.0056440495,0.00063123147,-0.15331487,-0.03963344,-0.023003737,-0.00095420436,0.0,0.0,-0.13483779,-0.31519282,0.01589618,-0.005869464,0.0,-0.0017187139,3.3630393e-05,-0.01854582,-0.037068263,-0.000169137,0.0053630853,0.0003826445,-0.0007186803,0.0017612072,0.0,-0.1480972,0.0020500766,-0.0002896314,-0.0021424298,-0.051584665,-0.002318735
3221,-0.013436284,0.0,-0.00043736555,0.0013879723,0.0011349958,-0.0024328914,0.0056929938,-0.0051013334,0.021284617,-0.00094848796,0.0001492801,-0.00011040977,0.0,0.0,0.0,-0.0029003767,0.005672957,-0.00010618098,0.0,0.00077767106,0.0027645868,-7.3305036e-06,-0.00012462793,-0.18323098,0.012023058,-0.0010697764,-0.0007841112,-0.0012661478,-0.0058186366,0.00068117527,0.00022424548,0.00016566459,0.0025634265,-0.03026746,-0.0056440495,0.00030207232,-0.15978178,-0.040565982,-0.021330269,-0.0018545807,0.0,0.0,-0.13192892,-0.30963418,0.01589618,-0.005869464,0.0,-0.0017187139,3.3630393e-05,-0.01865375,-0.050631862,-0.000169137,0.0053630853,0.0021184068,-0.0007186803,0.0017612072,0.0,-0.1497667,0.0020500766,-0.0002896314,-0.0008451531,-0.05009383,-0.0035538897
3222,-0.0006135241,0.0,-0.00043736555,0.0013879723,0.0011349958,-0.0024328914,0.0056929938,-0.0051013334,0.02072544,-0.00094848796,0.0001492801,-0.00011040977,0.0,0.0,0.0,-0.0029003767,0.005672957,-0.00010618098,0.0,0.00077767106,0.0027645868,-7.3305036e-06,-0.00012462793,-0.18817507,0.012975426,-0.0010697764,-0.0007841112,-0.0012661478,-0.0058186366,0.00068117527,0.00012323141,0.00016566459,0.0025634265,-0.03026746,-0.0056440495,0.00030207232,-0.16086747,-0.040380456,-0.021330269,-0.0018545807,0.0,0.0,-0.13365315,-0.32012334,0.01589618,-0.005869464,0.0,-0.0017187139,3.3630393e-05,-0.018319251,-0.05068954,-0.000169137,0.0053630853,0.0021184068,-0.0007186803,0.0017612072,0.0,-0.15256225,0.0020500766,-0.0002896314,-0.0008451531,-0.051364947,-0.0035538897
3223,-0.0006135241,0.0,-0.00043736555,0.0013879723,0.0011349958,-0.0024328914,0.0056929938,-0.0051013334,0.0105610015,-0.00094848796,0.0001492801,-0.00011040977,0.0,0.0,0.0,-0.0029003767,0.0029231743,-0.00010618098,0.0,0.00077767106,0.0027645868,0.00024205932,-0.00012462793,-0.18934445,0.012023058,-0.0010697764,-0.0007841112,-0.0012661478,-0.0058186366,0.00068117527,0.00032060992,0.00016566459,0.0025634265,-0.03026746,-0.004128857,0.00030207232,-0.16144346,-0.040816855,-0.021330269,-0.00095420436,0.0,0.0,-0.13215858,-0.32049695,0.01589618,-0.005869464,0.0,-0.0017187139,3.3630393e-05,-0.018542634,-0.03779055,-0.000169137,0.0053630853,0.0021184068,-0.0007186803,0.0017612072,0.0,-0.15355879,0.0020500766,-0.0002896314,-0.0021424298,-0.051364947,-0.0018705805
3224,-0.0006135241,0.0,-0.00043736555,0.0013879723,0.0011349958,-0.0024328914,0.011330944,-0.0051013334,0.021579778,-0.00094848796,0.0001492801,-0.00011040977,0.0,0.0,0.0,-0.0029003767,0.005672957,-0.00010618098,0.0,0.00077767106,0.0027645868,0.00024205932,-0.00012462793,-0.1910654,0.013223625,-0.0010697764,-0.0007841112,0.0007291363,-0.0058186366,0.00068117527,0.00012323141,0.00016566459,0.0025634265,-0.03572957,-0.0056440495,0.00030207232,-0.16086747,-0.040380456,-0.021330269,-0.0018545807,0.0,0.0,-0.13319388,-0.3198144,0.01589618,-0.005869464,0.0,-0.0017187139,3.3630393e-05,-0.018958965,-0.05280548,-0.000169137,0.0053630853,0.0021184068,-0.0007186803,0.0017612072,0.0,-0.15120749,0.0020500766,-0.0002896314,-0.0008451531,-0.051364947,-0.0035538897
3225,-0.0006135241,0.0,-0.00043736555,0.0013879723,0.0011349958,-0.0024328914,-0.02210845,-0.005386394,0.010368569,-0.00094848796,0.0001492801,-0.00011040977,0.0,0.0,0.0,-0.0029003767,0.0028455579,-0.00010618098,0.0,0.00077767106,0.0027645868,0.00024205932,-0.00012462793,-0.19546254,0.012023058,-0.0010697764,-0.0007841112,0.0007291363,-0.0058186366,0.00068117527,0.00032060992,0.00016566459,0.0025634265,-0.028857509,-0.004128857,0.00030207232,-0.15389088,-0.03963344,-0.023003737,-0.00095420436,0.0,0.0,-0.13460788,-0.3156732,0.01589618,-0.005869464,0.0,-0.0017187139,3.3630393e-05,-0.018769203,-0.038274836,-0.000169137,0.0053630853,0.0003826445,-0.0007186803,0.0017612072,0.0,-0.14674245,0.0020500766,-0.0002896314,-0.0021424298,-0.049995467,-0.0006354258
3226,-0.0006135241,0.0,-0.00043736555,0.0013879723,0.0011349958,-0.0024328914,-0.02210845,-0.005386394,0.013041591,-0.00094848796,0.0001492801,-0.00011040977,0.0,0.0,0.0,-0.0029003767,0.0055953404,-0.00010618098,0.0,0.00077767106,0.0027645868,-7.3305036e-06,-0.00012462793,-0.1921125,0.012023058,-0.0010697764,-0.0007841112,-0.0012661478,-0.0058186366,0.00068117527,0.00012323141,0.00016566459,0.0025634265,-0.028857509,-0.0056440495,0.00063123147,-0.15331487,-0.03938257,-0.021330269,-0.00095420436,0.0,0.0,-0.123871274,-0.3150162,0.01589618,-0.005869464,0.0,-0.0017187139,3.3630393e-05,-0.01854582,-0.03998731,-0.000169137,0.0053630853,0.0021184068,-0.0007186803,0.0017612072,0.0,-0.1480972,0.0020500766,-0.0002896314,-0.0021424298,-0.051584665,-0.002318735
3227,-0.0006135241,0.0,-0.00043736555,0.0013879723,0.0011349958,-0.0024328914,0.005903837,-0.0051013334,0.021579778,-0.00094848796,0.0001492801,-0.00011040977,0.0,0.0,0.0,-0.0029003767,0.005672957,-0.00010618098,0.0,0.00077767106,0.0027645868,0.00012323525,-0.00012462793,-0.1879492,0.012975426,-0.0010697764,-0.0007841112,-0.0012661478,-0.0067092148,0.00068117527,0.00097600615,0.00016566459,0.0025634265,-0.030422172,-0.0056440495,0.00063123147,-0.16086747,-0.040380456,-0.021330269,-0.0018545807,0.0,0.0,-0.1338404,-0.31974146,0.01589618,-0.005869464,0.0,-0.0017187139,3.3630393e-05,-0.018572748,-0.050563183,-0.000169137,0.0053630853,0.0021184068,-0.0007186803,0.0017612072,0.0,-0.15259878,0.0020500766,-0.0002896314,-0.0008451531,-0.052954145,-0.0035538897
3228,-0.0006135241,0.0,-0.00043736555,0.0013879723,0.0011349958,-0.0024328914,0.005903837,-0.0051013334,0.021579778,-0.00094848796,0.0001492801,-0.00011040977,0.0,0.0,0.0,-0.0029003767,0.005672957,-0.00010618098,0.0,0.00077767106,0.0027645868,0.00024205932,-0.00012462793,-0.19129923,0.012975426,-0.0010697764,-0.0007841112,0.0007291363,-0.0058186366,0.00068117527,0.00012323141,0.00016566459,0.0025634265,-0.03026746,-0.0056440495,0.00030207232,-0.16086747,-0.040380456,-0.023003737,-0.0018545807,0.0,0.0,-0.1420812,-0.32024804,0.01589618,-0.005869464,0.0,-0.0017187139,3.3630393e-05,-0.018697442,-0.05225404,-0.000169137,0.0053630853,0.0003826445,-0.0007186803,0.0017612072,0.0,-0.15220404,0.0020500766,-0.0002896314,-0.0021424298,-0.051364947,-0.0035538897
3229,-0.0006135241,0.0,-0.00043736555,0.0013879723,0.0011349958,-0.0024328914,-0.025780614,-0.005386394,0.009417723,-0.00094848796,0.0001492801,-0.00011040977,0.0,0.0,0.0,-0.0029003767,0.0028455579,-0.00010618098,0.0,0.00077767106,0.0027645868,-7.3305036e-06,-0.00012462793,-0.19434823,0.012023058,-0.0010697764,-0.0007841112,0.0007291363,-0.0058186366,0.00068117527,0.00032060992,0.00016566459,0.0025634265,-0.028857509,-0.004128857,0.00030207232,-0.15405433,-0.03779736,-0.023003737,-0.00095420436,0.0,0.0,-0.13690172,-0.3155485,0.01589618,-0.005869464,0.0,-0.0017187139,3.3630393e-05,-0.018644508,-0.038274836,-0.000169137,0.0053630853,0.0003826445,-0.0007186803,0.0017612072,0.0,-0.1439098,0.0020500766,-0.0002896314,-0.0008451531,-0.049995467,-0.0006354258
3230,-0.0006135241,0.0,-0.00043736555,0.0013879723,0.0011349958,-0.0024328914,-0.066045396,-0.005386394,0.019524032,-0.00094848796,0.0001492801,-0.00011040977,0.0,0.0,0.0,-0.0029003767,0.005352405,-0.00010618098,0.0,0.00077767106,0.0027645868,0.00024205932,-0.00012462793,-0.18072917,0.012023058,-0.0016298512,-0.0007841112,-0.0012661478,-0.0058186366,0.00068117527,0.00032060992,0.00016566459,0.0025634265,-0.028379902,-0.0056440495,0.00063123147,-0.15336539,-0.03331181,-0.023003737,-0.0018545807,0.0,0.0,-0.12222723,-0.3010237,0.01589618,-0.005869464,0.0,-0.0017187139,3.3630393e-05,-0.019243347,-0.048829358,-0.000169137,0.0053630853,0.0003826445,-0.0007186803,0.0017612072,0.0,-0.14479722,0.0020500766,-0.0002896314,-0.0021424298,-0.0514006,-0.002318735
3231,-0.0006135241,0.0,-0.00043736555,0.0013879723,0.0011349958,-0.0024328914,0.0056929938,-0.0051013334,0.0049195047,-0.00094848796,0.0001492801,-0.00011040977,0.0,0.0,0.0,-0.0029003767,0.0021334775,-0.00010618098,0.0,0.00077767106,0.0027645868,-7.3305036e-06,0.0010361107,-0.19050232,0.012023058,-0.0016298512,-0.0007841112,0.0007291363,-0.0058186366,0.00068117527,0.00032060992,-0.002094862,0.0025634265,-0.029789854,-0.003176902,0.00063123147,-0.16188459,-0.040956765,-0.023152402,-0.00095420436,0.0,0.0,-0.1458133,-0.32098737,0.01589618,-0.0048646173,0.0,-0.0017187139,3.3630393e-05,-0.016895033,-0.03349544,-0.000169137,0.0053630853,0.0003826445,-0.0007186803,0.0017612072,0.0,-0.15120749,0.0020500766,-0.0002896314,-0.0008451531,-0.052590724,-0.0018705805
3232,-0.0006135241,0.0,-0.00043736555,0.0013879723,0.0011349958,-0.0024328914,-0.026036544,-0.005386394,-0.029853012,-0.0018997398,0.0001492801,-0.00011040977,0.0,0.0,0.0,-0.0029003767,0.0013585327,-0.00010618098,0.0,0.00077767106,0.0027645868,-7.3305036e-06,0.0010361107,-0.15405543,0.011641528,-0.0016298512,-0.0007841112,-0.0012661478,-0.0058186366,0.00068117527,0.00032060992,-0.002094862,0.0025634265,-0.028379902,-0.003176902,0.00063123147,-0.15450078,-0.037937272,-0.023152402,-0.00095420436,0.0,0.0,-0.13840733,-0.31643578,0.01589618,-0.0029840842,0.0,-0.0023439266,3.3630393e-05,-0.0160255,-0.03349544,-0.000169137,0.0053630853,0.0003826445,-0.0007186803,0.0017612072,0.0,-0.14526455,0.0020500766,-0.0002896314,-0.0008451531,-0.051221244,-0.0006354258
3233,-0.0006135241,0.0,-0.00043736555,0.0013879723,0.0011349958,-0.0024328914,0.0056929938,-0.0051013334,0.021579778,-0.00094848796,0.0001492801,-0.00011040977,0.0,0.0,0.0,-0.0029003767,0.005672957,-0.00010618098,0.0,0.00077767106,0.0027645868,-7.3305036e-06,-0.00012462793,-0.1879492,0.012023058,-0.0010697764,-0.0007841112,-0.0012661478,-0.0058186366,0.00068117527,0.00022424548,0.00016566459,0.0025634265,-0.034860794,-0.0056440495,0.00063123147,-0.16091797,-0.040565982,-0.023003737,-0.0018545807,0.0,0.0,-0.13938919,-0.32209283,0.0020655552,-0.005869464,0.0,-0.0017187139,3.3630393e-05,-0.018369759,-0.049909573,-0.000169137,0.0053630853,0.0003826445,-0.0007186803,0.0017612072,0.0,-0.15481178,0.0003384709,-0.0002896314,-0.0021424298,-0.052954145,-0.0035538897
3234,-0.00071154186,0.0,-0.00043736555,0.0013879723,0.0011349958,-0.0024328914,-0.02247238,-0.005386394,-0.048361283,-0.0035073415,0.0001492801,-0.00011040977,0.0,0.0,0.0,-0.0029003767,-0.0146110235,0.0004158025,0.0,0.00077767106,0.0027645868,-7.3305036e-06,-0.00012462793,-0.13101974,0.011316608,-0.0016298512,-0.0007841112,-0.0012661478,-0.0058186366,0.00068117527,0.00032060992,1.1894521e-05,0.0025634265,-0.028379902,-0.003176902,0.00063123147,-0.1544384,-0.03963344,-0.023003737,-0.00095420436,0.0,0.0,-0.1301961,-0.31208727,0.01589618,-0.003557119,0.0,-0.0023439266,3.3630393e-05,-0.016498514,-0.03349544,-0.000169137,0.0053630853,0.0003826445,-0.0007186803,0.0017612072,0.0,-0.14604239,0.0020500766,-0.0002896314,-0.0021424298,-0.051221244,-0.00014842558
3235,-0.0006135241,0.0,-0.00043736555,0.0013879723,0.0011349958,-0.0024328914,0.005903837,-0.0051013334,0.021579778,-0.00094848796,0.0001492801,-0.00011040977,0.0,0.0,0.0,-0.0029003767,0.005672957,-0.00010618098,0.0,0.00077767106,0.0027645868,-7.3305036e-06,-0.00012462793,-0.19129923,0.012975426,-0.0010697764,-0.0007841112,0.0027953999,-0.0067092148,0.00068117527,0.00012323141,0.00016566459,-8.170852e-05,-0.03026746,-0.0056440495,0.00030207232,-0.16086747,-0.040380456,-0.021330269,-0.0018545807,0.0,0.0,-0.13131663,-0.31866857,0.01589618,-0.005869464,0.0,-0.0017187139,3.3630393e-05,-0.018572748,-0.051769756,-0.000169137,0.0053630853,0.0021184068,-0.0007186803,0.0017612072,0.0,-0.15291068,0.0020500766,-0.0002896314,-0.0021424298,-0.050643623,-0.0035538897
3236,-0.0006135241,0.0,-0.00043736555,0.0013879723,0.0011349958,-0.0024328914,0.005297659,-0.0051013334,0.0057685752,-0.00094848796,0.0001492801,-0.00011040977,0.0,0.0,0.0,-0.0029003767,0.0029231743,-0.00010618098,0.0,0.00077767106,0.0027645868,-7.3305036e-06,-0.00012462793,-0.1909982,0.012023058,-0.0010697764,-0.0007841112,-0.0012661478,-0.0067092148,0.00068117527,0.00032060992,0.00016566459,-8.170852e-05,-0.03026746,-0.004128857,0.00030207232,-0.16182221,-0.040816855,-0.021330269,-0.00095420436,0.0,0.0,-0.1346271,-0.319685,0.01589618,-0.0048646173,0.0,-0.0017187139,3.3630393e-05,-0.01841794,-0.03421773,-0.000169137,0.0053630853,0.0021184068,-0.0007186803,0.0017612072,0.0,-0.15147497,0.0020500766,-0.0002896314,-0.0008451531,-0.046786454,-0.0018705805
3237,-0.0006135241,0.0,-0.00043736555,0.0013879723,0.0011349958,-0.0024328914,0.011330944,-0.0051013334,0.021579778,-0.00094848796,0.0001492801,-0.00011040977,0.0,0.0,0.0,-0.0029003767,0.005672957,-0.00010618098,0.0,0.00077767106,0.0027645868,-7.3305036e-06,-0.00012462793,-0.1910654,0.013223625,-0.0010697764,-0.0007841112,0.0007291363,-0.0067092148,0.00068117527,0.00012323141,0.00016566459,-8.170852e-05,-0.03572957,-0.0056440495,0.00030207232,-0.16086747,-0.040380456,-0.021330269,-0.0018545807,0.0,0.0,-0.13319388,-0.31865636,0.01589618,-0.005869464,0.0,-0.0017187139,3.3630393e-05,-0.01883427,-0.05280548,-0.000169137,0.0053630853,0.0021184068,-0.0007186803,0.0017612072,0.0,-0.15191412,0.0020500766,-0.0002896314,-0.0008451531,-0.048155934,-0.0035538897
3238,-0.0006135241,0.0,-0.00043736555,0.0013879723,0.0011349958,-0.0024328914,0.0056929938,-0.0051013334,0.021579778,-0.00094848796,0.0001492801,-0.00011040977,0.0,0.0,0.0,-0.0029003767,0.005672957,-0.00010618098,0.0,0.00077767106,0.0027645868,0.00024205932,-0.00012462793,-0.1879492,0.012023058,-0.0010697764,-0.0007841112,-0.0012661478,-0.0067092148,0.00068117527,0.00032060992,0.00016566459,-8.170852e-05,-0.03026746,-0.0056440495,0.00030207232,-0.16091797,-0.040565982,-0.021330269,-0.0018545807,0.0,0.0,-0.1313593,-0.3192629,0.01589618,-0.005869464,0.0,-0.0017187139,3.3630393e-05,-0.018542634,-0.050631862,-0.000169137,0.0053630853,0.0021184068,-0.0007186803,0.0017612072,0.0,-0.15426543,0.0020500766,-0.0002896314,-0.0021424298,-0.048155934,-0.0035538897
3239,-0.00071154186,0.0,-0.00043736555,0.0013879723,0.0011349958,-0.0024328914,-0.02247238,-0.005386394,-0.048361283,-0.0035073415,0.0001492801,-0.00011040977,0.0,0.0,0.0,-0.0029003767,-0.0146110235,0.0004158025,0.0,0.00077767106,0.0027645868,0.00024205932,0.0010361107,-0.12977053,0.011316608,-0.0016298512,-0.0007841112,-0.0012661478,-0.0067092148,0.00068117527,0.00032060992,-0.002094862,0.0025634265,-0.032973234,-0.003176902,0.00063123147,-0.15450078,-0.039773352,-0.023152402,-0.00095420436,0.0,0.0,-0.12952533,-0.31329283,0.0020655552,-0.003557119,0.0,-0.0023439266,3.3630393e-05,-0.016150195,-0.03349544,-0.000169137,0.0053630853,0.0003826445,-0.0007186803,0.0017612072,0.0,-0.14700545,0.0003384709,-0.0002896314,-0.0008451531,-0.051221244,-0.00014842558
3240,-0.0006135241,0.0,-0.00043736555,0.0013879723,0.0011349958,-0.0024328914,-0.066045396,-0.005386394,0.0045671673,-0.00094848796,0.0001492801,-0.00011040977,0.0,0.0,0.0,-0.0029003767,0.0026026224,-0.00010618098,0.0,0.00077767106,0.0027645868,-7.3305036e-06,-0.00012462793,-0.17953503,0.012023058,-0.0016298512,-0.0007841112,-0.0012661478,-0.0058186366,0.00068117527,0.00032060992,-0.0023617852,0.0025634265,-0.028379902,-0.004128857,0.00063123147,-0.15433201,-0.033562683,-0.023003737,-0.00095420436,0.0,0.0,-0.1232012,-0.30147138,0.01589618,-0.0048646173,0.0,-0.0017187139,3.3630393e-05,-0.017931812,-0.03349544,-0.000169137,0.0053630853,0.0003826445,-0.0007186803,0.0017612072,0.0,-0.14479722,0.0020500766,-0.0002896314,-0.0021424298,-0.051221244,-0.0006354258
3241,-0.0006135241,0.0,-0.00043736555,0.0013879723,0.0011349958,0.020436857,0.011330944,-0.0038096267,0.021579778,-0.00094848796,0.0001492801,-0.00011040977,0.0,0.0,0.0,-0.0029003767,0.005672957,-0.00010618098,0.0,0.00077767106,0.0027645868,0.00012323525,-0.00012462793,-0.18613823,0.013223625,0.0061644185,-0.0007841112,-0.0012661478,-0.0058186366,0.00068117527,0.00097600615,0.00016566459,0.0025634265,-0.034263138,-0.0056440495,0.00063123147,-0.16086747,-0.040380456,-0.023003737,-0.0018545807,0.0,0.0,-0.14351061,-0.3182033,0.01589618,-0.005869464,0.0,-0.0017187139,3.3630393e-05,-0.01877128,-0.051238436,-0.000169137,0.0053630853,0.0003826445,-0.0007186803,0.0017612072,0.0,-0.15214999,0.0003384709,-0.0002896314,-0.0008451531,-0.04698274,-0.0035538897
3242,-0.0006135241,0.0,-0.00043736555,0.0013879723,0.0011349958,-0.0024328914,-0.062643826,-0.005386394,-0.017947149,-0.0015233477,0.0001492801,-0.00011040977,0.0,0.0,0.0,-0.0029003767,0.0011155972,-0.00010618098,0.0,0.00077767106,0.0027645868,-7.3305036e-06,0.0010361107,-0.16034026,0.011730996,-0.0016298512,-0.0007841112,-0.0012661478,-0.0058186366,0.00068117527,0.00032060992,-0.002094862,0.0025634265,-0.028379902,-0.003176902,0.00063123147,-0.15450078,-0.033702597,-0.023152402,-0.00095420436,0.0,0.0,-0.12630463,-0.30216876,0.01589618,-0.0029840842,0.0,-0.0023439266,3.3630393e-05,-0.01733049,-0.03349544,-0.000169137,0.0053630853,0.0003826445,-0.0007186803,0.0017612072,0.0,-0.14380065,0.0020500766,-0.0002896314,-0.0008451531,-0.051221244,-0.0006354258
3243,-0.00071154186,0.0,-0.00043736555,0.0013879723,0.0011349958,-0.0024328914,-0.06101219,-0.005386394,-0.045712765,-0.0035073415,0.0001492801,-0.00011040977,0.0,0.0,0.0,-0.0029003767,-0.013114323,0.0004158025,0.0,0.00077767106,0.0027645868,0.00012323525,0.0010361107,-0.12687157,0.011316608,-0.0016298512,-0.0007841112,-0.0012661478,-0.0058186366,0.00068117527,0.00012323141,-0.002094862,0.0025634265,-0.028534614,-0.003176902,0.00063123147,-0.15445028,-0.033702597,-0.023152402,-0.00095420436,0.0,0.0,-0.12415792,-0.29817316,0.01589618,-0.003557119,0.0,-0.0023439266,3.3630393e-05,-0.016400956,-0.03349544,-0.000169137,0.0053630853,0.0003826445,-0.0007186803,0.0017612072,0.0,-0.14174584,0.0020500766,-0.0002896314,-0.0008451531,-0.051221244,-0.00014842558
3244,-0.013436284,0.0,-0.00043736555,0.0013879723,0.0011349958,-0.0024328914,0.005297659,-0.0051013334,0.012938862,-0.00094848796,0.0001492801,-0.00011040977,0.0,0.0,0.0,-0.0029003767,0.005672957,-0.00010618098,0.0,0.00077767106,0.0027645868,0.00024205932,-0.00012462793,-0.18739429,0.012023058,-0.0010697764,-0.0007841112,-0.0012661478,-0.0058186366,0.00068117527,0.00032060992,0.00016566459,0.0025634265,-0.03026746,-0.0056440495,0.00063123147,-0.15978178,-0.040565982,-0.023003737,-0.00095420436,0.0,0.0,-0.14122689,-0.3095237,0.01589618,-0.005869464,0.0,-0.0017187139,3.3630393e-05,-0.018826624,-0.040471595,-0.000169137,0.0053630853,0.0003826445,-0.0007186803,0.0017612072,0.0,-0.14896937,0.0020500766,-0.0002896314,-0.0021424298,-0.050313547,-0.0035538897
3245,-0.0006135241,0.0,-0.00043736555,0.0013879723,0.0011349958,-0.0024328914,0.005903837,-0.0051013334,0.021579778,-0.00094848796,0.0001492801,-0.00011040977,0.0,0.0,0.0,-0.0029003767,0.005672957,-0.00010618098,0.0,0.00077767106,0.0027645868,0.00024205932,-0.00012462793,-0.19129923,0.012975426,-0.0010697764,-0.0007841112,0.0007291363,-0.0058186366,0.00068117527,0.00012323141,0.00016566459,-8.170852e-05,-0.03026746,-0.0056440495,0.00030207232,-0.16086747,-0.040380456,-0.021330269,-0.0018545807,0.0,0.0,-0.13131663,-0.3208119,0.01589618,-0.005869464,0.0,-0.0017187139,3.3630393e-05,-0.018697442,-0.051769756,-0.000169137,0.0053630853,0.0021184068,-0.0007186803,0.0017612072,0.0,-0.15220404,0.0020500766,-0.0002896314,-0.0021424298,-0.048155934,-0.0035538897
3246,-0.0006135241,0.0,-0.00043736555,0.0013879723,0.0011349958,-0.0024328914,0.0056929938,-0.004943043,0.021579778,-0.00094848796,0.0001492801,0.0011245208,0.0,0.0,0.0,-0.0029003767,0.005672957,-0.00010618098,0.0,0.00077767106,0.0027645868,0.00024205932,-0.00012462793,-0.1879492,0.012023058,-0.0010697764,-0.0007841112,-0.0012661478,-0.0058186366,0.00068117527,0.00032060992,0.00016566459,0.0025634265,-0.030454455,-0.0056440495,0.00030207232,-0.16088927,-0.040565982,-0.021330269,-0.0018545807,0.0,0.0,-0.1335425,-0.3202962,0.01589618,-0.005869464,0.0,-0.0017187139,3.3630393e-05,-0.018542634,-0.050631862,-0.000169137,0.0053630853,0.0021184068,-0.0007186803,0.0017612072,0.0,-0.15261056,0.0020500766,-0.0002896314,-0.0021424298,-0.051364947,-0.0035538897
3247,-0.013436284,0.0,-0.00043736555,0.0013879723,0.0011349958,-0.0024328914,0.005297659,-0.0051013334,0.021284617,-0.00094848796,0.0001492801,-0.00011040977,0.0,0.0,0.0,-0.0029003767,0.005672957,-0.00010618098,0.0,0.00077767106,0.0027645868,-7.3305036e-06,-0.00012462793,-0.18934907,0.012023058,-0.0010697764,-0.0007841112,0.0007291363,-0.0058186366,0.00068117527,0.00032060992,0.00016566459,0.0025634265,-0.03026746,-0.0056440495,0.00030207232,-0.15978178,-0.040565982,-0.021330269,-0.0018545807,0.0,0.0,-0.13192892,-0.3096824,0.01589618,-0.005869464,0.0,-0.0017187139,3.3630393e-05,-0.01870193,-0.050631862,-0.000169137,0.0053630853,0.0021184068,-0.0007186803,0.0017612072,0.0,-0.14661804,0.0020500766,-0.0002896314,-0.0008451531,-0.04872435,-0.0035538897
3248,-0.0006135241,0.0,-0.00043736555,0.0013879723,0.0011349958,-0.0024328914,0.005903837,-0.0051013334,0.021579778,-0.00094848796,0.0001492801,-0.00011040977,0.0,0.0,0.0,-0.0029003767,0.005672957,-0.00010618098,0.0,0.00077767106,0.0027645868,0.00024205932,-0.00012462793,-0.1879492,0.012975426,-0.0010697764,-0.0007841112,-0.0012661478,-0.0058186366,0.00068117527,0.00032060992,0.00016566459,0.0025634265,-0.03026746,-0.0056440495,0.00030207232,-0.16091797,-0.040380456,-0.021330269,-0.0018545807,0.0,0.0,-0.13131663,-0.3202962,0.01589618,-0.005869464,0.0,-0.0017187139,3.3630393e-05,-0.018796133,-0.051769756,-0.000169137,0.0053630853,0.0021184068,-0.0007186803,0.0017612072,0.0,-0.15355879,0.0020500766,-0.0002896314,-0.0021424298,-0.051364947,-0.0035538897
3249,-0.0006135241,0.0,-0.00043736555,0.0013879723,0.0011349958,-0.0024328914,0.011330944,-0.004943043,0.021579778,-0.00094848796,0.0001492801,-0.00011040977,0.0,0.0,0.0,-0.0029003767,0.005672957,-0.00010618098,0.0,0.00077767106,0.0027645868,-7.3305036e-06,-0.00012462793,-0.1910654,0.013223625,-0.0010697764,-0.0007841112,0.0007291363,-0.0058186366,0.00068117527,0.00012323141,0.00016566459,-8.170852e-05,-0.035916563,-0.0056440495,0.00030207232,-0.16083877,-0.040380456,-0.021330269,-0.0018545807,0.0,0.0,-0.13319388,-0.32025358,0.01589618,-0.005869464,0.0,-0.0017187139,3.3630393e-05,-0.01883427,-0.05280548,-0.000169137,0.0053630853,0.0021184068,-0.0007186803,0.0017612072,0.0,-0.15120749,0.0020500766,-0.0002896314,-0.0008451531,-0.048155934,-0.0035538897
3300,-0.00071154186,0.0,-0.00043736555,-0.0048922235,0.0011349958,-0.0024328914,0.005329066,-0.0038096267,-0.04816885,-0.0035073415,0.0001492801,0.0011245208,0.0,0.0,0.0,-0.0029003767,-0.014533407,0.0004158025,0.0,0.00077767106,0.0027645868,0.00012323525,0.0010361107,-0.12700248,0.011316608,-0.0016298512,-0.0007841112,-0.0012661478,-0.0058186366,0.00068117527,0.00032060992,-0.002094862,0.0025634265,-0.03198119,-0.003176902,0.00063123147,-0.15725163,-0.040956765,-0.023152402,-0.00095420436,0.0,0.0,-0.13840792,-0.31697324,0.01589618,-0.003557119,0.0,-0.0023439266,3.3630393e-05,-0.018583149,-0.03349544,-0.000169137,0.0053630853,0.0003826445,0.002696652,0.0017612072,0.0,-0.14956059,0.0020500766,-0.0002896314,-0.0021424298,-0.054619055,-0.0013835803
3301,-0.0006135241,0.0,-0.00043736555,-0.0048922235,0.0011349958,-0.0024328914,0.0056479066,-0.0038096267,-0.02040323,-0.0015233477,0.0001492801,0.0011245208,0.0,0.0,0.0,-0.0029003767,0.0014361494,-0.00010618098,0.0,0.00077767106,0.0027645868,-7.3305036e-06,0.0010361107,-0.16047119,0.012683365,-0.0016298512,-0.0007841112,-0.0012661478,-0.0058186366,0.00068117527,0.00032060992,-0.002094862,0.0025634265,-0.031826477,-0.003176902,0.00030207232,-0.15725163,-0.04077124,-0.023152402,-0.00095420436,0.0,0.0,-0.14376134,-0.32120407,0.01589618,-0.0029840842,0.0,-0.0023439266,3.3630393e-05,-0.019667491,-0.035839904,-0.000169137,0.0053630853,0.0003826445,0.002696652,0.0017612072,0.0,-0.15161541,0.0020500766,-0.0002896314,-0.0021424298,-0.053029858,-0.0018705805
3302,-0.0006135241,0.0,-0.00043736555,0.0013879723,0.0011349958,-0.0024328914,0.005903837,-0.0051013334,0.0105610015,-0.00094848796,0.0001492801,0.0011245208,0.0,0.0,0.0,-0.0029003767,0.0029231743,-0.00010618098,0.0,0.00077767106,0.0027645868,-7.3305036e-06,0.0010361107,-0.18809524,0.013223625,-0.0016298512,-0.0007841112,-0.0012661478,-0.0058186366,0.00068117527,0.00012323141,-0.002094862,0.0025634265,-0.031826477,-0.004128857,0.00030207232,-0.16114454,-0.04077124,-0.023152402,-0.00095420436,0.0,0.0,-0.14506368,-0.32066172,0.01589618,-0.005869464,0.0,-0.0017187139,3.3630393e-05,-0.018223835,-0.03941273,-0.000169137,0.0053630853,0.0003826445,0.002696652,0.0017612072,0.0,-0.15261056,0.0020500766,-0.0002896314,-0.0021424298,-0.053029858,-0.0018705805
3303,-0.00071154186,0.0,-0.00043736555,-0.008545348,0.0011349958,-0.0024328914,-0.005359558,-0.0038096267,-0.048361283,-0.0035073415,0.0001492801,0.0011245208,0.0,0.0,0.0,-0.0029003767,-0.014533407,0.0004158025,0.0,0.00077767106,0.0027645868,-7.3305036e-06,0.0010361107,-0.12977053,0.011316608,-0.0010697764,-0.0007841112,-0.0012661478,-0.0058186366,0.00068117527,0.00032060992,-0.0024865274,0.0025634265,-0.03089414,-0.003176902,0.00063123147,-0.15456423,-0.039773352,-0.023152402,-0.00095420436,0.0,0.0,-0.13555914,-0.3116631,0.01589618,-0.003557119,0.0,-0.0023439266,3.3630393e-05,-0.019833433,-0.03349544,-0.000169137,0.0053630853,0.0003826445,0.002696652,0.0017612072,0.0,-0.14658326,0.0020500766,-0.0002896314,-0.0021424298,-0.053433638,-0.00014842558
3304,-0.00071154186,0.0,-0.00043736555,-0.0048922235,0.0011349958,-0.0024328914,-0.06101219,-0.005386394,-0.044323,-0.0035073415,0.0001492801,0.0011245208,0.0,0.0,0.0,-0.0029003767,-0.013272318,0.0004158025,0.0,0.00077767106,0.0027645868,0.00024205932,0.0010361107,-0.11804141,-0.16039827,-0.0016298512,-0.0007841112,-0.0012661478,-0.0058186366,0.00068117527,-0.0010217775,-0.002094862,0.0025634265,-0.030416531,-0.003176902,0.00063123147,-0.111087024,-0.03198107,-0.016227879,-0.00095420436,0.0,0.0,-0.09314475,-0.23866676,0.01589618,-0.003557119,0.0,-0.0023439266,3.3630393e-05,-0.022458691,-0.03349544,-0.000169137,0.0053630853,0.0003826445,0.002696652,0.0017612072,0.0,-0.109997615,0.0020500766,-0.0002896314,-0.0008451531,-0.053249575,-0.00014842558
3305,-0.0006135241,0.0,-0.00043736555,-0.0048922235,0.0011349958,-0.0024328914,0.0050417287,-0.0051013334,-0.02040323,-0.0015233477,0.0001492801,0.0011245208,0.0,0.0,0.0,-0.0029003767,0.0014361494,-0.00010618098,0.0,0.00077767106,0.0027645868,-7.3305036e-06,0.0010361107,-0.16323924,0.011730996,-0.0016298512,-0.0007841112,-0.0012661478,-0.0058186366,0.00068117527,0.00032060992,-0.002094862,0.0025634265,-0.031826477,-0.003176902,0.00063123147,-0.15725163,-0.040956765,-0.023152402,-0.00095420436,0.0,0.0,-0.1440409,-0.32092068,0.01589618,-0.0029840842,0.0,-0.0023439266,3.3630393e-05,-0.019413993,-0.03349544,-0.000169137,0.0053630853,0.0003826445,0.002696652,0.0017612072,0.0,-0.14982007,0.0020500766,-0.0002896314,-0.0008451531,-0.053249575,-0.0018705805
3306,-0.0006135241,0.0,-0.00043736555,-0.008545348,0.0011349958,-0.0024328914,0.005903837,-0.0051013334,0.021579778,-0.00094848796,0.0001492801,0.0011245208,0.0,0.0,0.0,-0.0029003767,0.005672957,-0.00010618098,0.0,0.00077767106,0.0027645868,-7.3305036e-06,0.0010361107,-0.18669999,0.013223625,-0.0010697764,-0.0007841112,-0.0012661478,-0.0058186366,0.00068117527,0.00012323141,-0.0024865274,0.0025634265,-0.032304086,-0.0056440495,0.00030207232,-0.15606575,-0.040520366,-0.023152402,-0.0018545807,0.0,0.0,-0.13969094,-0.3151267,0.01589618,-0.005869464,0.0,-0.0017187139,3.3630393e-05,-0.022258332,-0.05225404,-0.000169137,0.0053630853,0.0003826445,0.002696652,0.0017612072,0.0,-0.15261056,0.0020500766,-0.0002896314,-0.0021424298,-0.053213924,-0.0035538897
3307,-0.0006135241,0.0,-0.00043736555,-0.008545348,0.0011349958,-0.0024328914,0.0056929938,-0.0051013334,0.0049195047,-0.00094848796,0.0001492801,0.0011245208,0.0,0.0,0.0,-0.0029003767,0.0021334775,-0.00010618098,0.0,0.00077767106,0.0027645868,-7.3305036e-06,0.0010361107,-0.18715228,0.012023058,-0.0016298512,-0.0007841112,-0.0012661478,-0.0058186366,0.00068117527,0.00032060992,-0.002094862,0.0025634265,-0.031826477,-0.003176902,0.00063123147,-0.15708286,-0.040956765,-0.023152402,-0.00095420436,0.0,0.0,-0.14342304,-0.31554934,0.01589618,-0.0048646173,0.0,-0.0017187139,3.3630393e-05,-0.021125363,-0.03349544,-0.000169137,0.0053630853,0.0003826445,0.002696652,0.0017612072,0.0,-0.15161398,0.0020500766,-0.0002896314,-0.0008451531,-0.054619055,-0.0018705805
3308,-0.0006135241,0.0,-0.00043736555,-0.008545348,0.0011349958,-0.0024328914,0.0056479066,-0.0051013334,-0.02040323,-0.0015233477,0.0001492801,0.0011245208,0.0,0.0,0.0,-0.0029003767,0.0014361494,-0.00010618098,0.0,0.00077767106,0.0027645868,-0.0016296525,-0.00012462793,-0.16047119,0.012683365,-0.0016298512,-0.0007841112,-0.0012661478,-0.0058186366,0.00068117527,0.00097600615,-0.0023617852,0.0025634265,-0.03198119,-0.003176902,-0.0006745928,-0.15720113,-0.040631328,-0.023003737,-0.00095420436,0.0,0.0,-0.1417044,-0.3153772,0.01589618,-0.0029840842,0.0,-0.0023439266,3.3630393e-05,-0.020301087,-0.03463333,-0.000169137,0.0053630853,0.0003826445,0.002696652,0.0017612072,0.0,-0.15194045,0.0020500766,-0.0002896314,-0.0021424298,-0.053029858,-0.0018705805
3309,-0.0006135241,0.0,-0.00043736555,-0.008545348,0.0011349958,-0.0024328914,0.005903837,-0.0051013334,0.02072544,-0.00094848796,0.0001492801,0.0011245208,0.0,0.0,0.0,-0.0029003767,0.005672957,-0.00010618098,0.0,0.00077767106,0.0027645868,0.00012323525,0.0010361107,-0.18692586,0.013223625,-0.0016298512,-0.0007841112,-0.0012661478,-0.0058186366,0.00068117527,0.00012323141,-0.002094862,0.0025634265,-0.03198119,-0.0056440495,0.00030207232,-0.15612811,-0.040520366,-0.023152402,-0.0018545807,0.0,0.0,-0.13969094,-0.3153376,0.01589618,-0.005869464,0.0,-0.0017187139,3.3630393e-05,-0.022454165,-0.051173825,-0.000169137,0.0053630853,0.0003826445,0.002696652,0.0017612072,0.0,-0.15261056,0.0020500766,-0.0002896314,-0.0021424298,-0.053029858,-0.0035538897
3310,-0.0006135241,0.0,-0.00043736555,-0.008545348,0.0011349958,-0.0024328914,0.005903837,-0.0051013334,0.02072544,-0.00094848796,0.0001492801,0.0011245208,0.0,0.0,0.0,-0.0029003767,0.005672957,-0.00010618098,0.0,0.00077767106,0.0027645868,-7.3305036e-06,0.0010361107,-0.18692586,0.013223625,-0.0016298512,-0.0007841112,-0.0012661478,-0.0058186366,0.00068117527,0.00022424548,-0.002094862,0.0025634265,-0.031826477,-0.0056440495,0.00030207232,-0.15617862,-0.040520366,-0.023152402,-0.0018545807,0.0,0.0,-0.13969094,-0.31536174,0.01589618,-0.005869464,0.0,-0.0017187139,3.3630393e-05,-0.022504672,-0.051173825,-0.000169137,0.0053630853,0.0003826445,0.002696652,0.0017612072,0.0,-0.15261056,0.0020500766,-0.0002896314,-0.0021424298,-0.053029858,-0.0035538897
3311,-0.0006135241,0.0,-0.00043736555,-0.0048922235,0.0011349958,-0.0024328914,0.005903837,-0.0051013334,0.0105610015,-0.00094848796,0.0001492801,0.0011245208,0.0,0.0,0.0,-0.0029003767,0.0029231743,-0.00010618098,0.0,0.00077767106,0.0027645868,-7.3305036e-06,0.0010361107,-0.18809524,0.012975426,-0.0016298512,-0.0007841112,-0.0012661478,-0.0058186366,0.00068117527,0.00032060992,-0.002094862,0.0025634265,-0.031826477,-0.004128857,-0.0006745928,-0.15670411,-0.04077124,-0.023152402,-0.00095420436,0.0,0.0,-0.14072013,-0.3205858,0.01589618,-0.005869464,0.0,-0.0017187139,3.3630393e-05,-0.02098264,-0.038206156,-0.000169137,0.0053630853,0.0003826445,0.002696652,0.0017612072,0.0,-0.15261056,0.0020500766,-0.0002896314,-0.0021424298,-0.053029858,-0.0018705805
3312,-0.0006135241,0.0,-0.00043736555,-0.0048922235,0.0011349958,-0.0024328914,0.005903837,-0.0051013334,0.02072544,-0.00094848796,0.0001492801,0.0011245208,0.0,0.0,0.0,-0.0029003767,0.005672957,-0.00010618098,0.0,0.00077767106,0.0027645868,0.00012323525,-0.00012462793,-0.18817507,0.012023058,-0.0010697764,-0.0007841112,-0.0012661478,-0.0058186366,0.00068117527,0.00032060992,0.00016566459,0.0025634265,-0.032458797,-0.0056440495,0.00063123147,-0.15611626,-0.040565982,-0.023003737,-0.0018545807,0.0,0.0,-0.14221469,-0.31952518,0.01589618,-0.005869464,0.0,-0.0017187139,3.3630393e-05,-0.02145565,-0.048829358,-0.000169137,0.0053630853,0.0003826445,0.002696652,0.0017612072,0.0,-0.15161398,0.0020500766,-0.0002896314,-0.0008451531,-0.054982476,-0.0035538897
3313,-0.0006135241,0.0,-0.00043736555,-0.0048922235,0.0011349958,-0.0024328914,0.005903837,-0.0051013334,0.013234023,-0.00094848796,0.0001492801,0.0011245208,0.0,0.0,0.0,-0.0029003767,0.0029231743,-0.00010618098,0.0,0.00077767106,0.0027645868,-7.3305036e-06,0.0010361107,-0.18809524,0.012975426,-0.0016298512,-0.0007841112,-0.0012661478,-0.0058186366,0.00068117527,0.00022424548,-0.002094862,0.0025634265,-0.031826477,-0.0056440495,0.00030207232,-0.15617862,-0.04077124,-0.023152402,-0.00095420436,0.0,0.0,-0.14049022,-0.32053763,0.01589618,-0.005869464,0.0,-0.0017187139,3.3630393e-05,-0.020934457,-0.03941273,-0.000169137,0.0053630853,0.0003826445,0.002696652,0.0017612072,0.0,-0.15261056,0.0020500766,-0.0002896314,-0.0021424298,-0.053029858,-0.0035538897
3314,-0.0006135241,0.0,-0.00043736555,-0.0048922235,0.0011349958,-0.0024328914,0.005903837,-0.0051013334,0.0049195047,-0.00094848796,0.0001492801,0.0011245208,0.0,0.0,0.0,-0.0029003767,0.0029231743,-0.00010618098,0.0,0.00077767106,0.0027645868,0.00012323525,0.0010361107,-0.18715228,0.013223625,-0.0016298512,-0.0007841112,-0.0012661478,-0.0058186366,0.00068117527,0.00012323141,-0.002094862,0.0025634265,-0.03198119,-0.004128857,0.00030207232,-0.15703236,-0.04077124,-0.023152402,-0.00095420436,0.0,0.0,-0.1429882,-0.3209837,0.01589618,-0.0048646173,0.0,-0.0017187139,3.3630393e-05,-0.019958152,-0.035839904,-0.000169137,0.0053630853,0.0003826445,0.002696652,0.0017612072,0.0,-0.15161398,0.0020500766,-0.0002896314,-0.0008451531,-0.053029858,-0.0018705805
3315,-0.00071154186,0.0,-0.00043736555,0.0013879723,0.0011349958,-0.0024328914,-0.02614454,-0.005386394,-0.04697152,-0.0035073415,0.0001492801,0.0011245208,0.0,0.0,0.0,-0.0029003767,-0.014769019,0.0004158025,0.0,0.00077767106,0.0027645868,-7.3305036e-06,-0.00012462793,-0.12094037,-0.16039827,-0.0016298512,-0.0007841112,-0.0012661478,-0.0058186366,0.00068117527,0.00032060992,-0.002094862,0.0025634265,-0.030416531,-0.003176902,0.00063123147,-0.11557798,-0.036075834,-0.017421601,-0.00095420436,0.0,0.0,-0.10605022,-0.2525173,0.01589618,-0.003557119,0.0,-0.0023439266,3.3630393e-05,-0.018495267,-0.03349544,-0.000169137,0.0053630853,0.0003826445,0.002696652,0.0017612072,0.0,-0.11146152,0.0020500766,-0.0002896314,-0.0008451531,-0.053249575,-0.00014842558
3316,-0.00071154186,0.0,-0.00043736555,0.0013879723,0.0011349958,-0.0024328914,0.005329066,-0.0038096267,-0.04816885,-0.0035073415,0.0001492801,0.0011245208,0.0,0.0,0.0,-0.0029003767,-0.014533407,0.0004158025,0.0,0.00077767106,0.0027645868,-0.0047178506,-0.00012462793,-0.12700248,0.011316608,-0.0016298512,-0.0007841112,-0.0012661478,-0.0058186366,0.00068117527,0.00012323141,-0.0024865274,0.0025634265,-0.03198119,-0.003176902,0.00030207232,-0.1616297,-0.040816855,-0.023003737,-0.00095420436,0.0,0.0,-0.14350122,-0.31503034,0.01589618,-0.003557119,0.0,-0.0023439266,3.3630393e-05,-0.013379944,-0.034702014,-0.000169137,0.0053630853,0.0003826445,0.002696652,0.0017612072,0.0,-0.14856403,0.0020500766,-0.0002896314,-0.0008451531,-0.053029858,-0.0013835803
3317,-0.00071154186,0.0,-0.00043736555,-0.008545348,0.0011349958,-0.0024328914,0.005329066,-0.0038096267,-0.04816885,-0.0035073415,0.0001492801,0.0011245208,0.0,0.0,0.0,-0.0029003767,-0.014533407,0.0004158025,0.0,0.00077767106,0.0027645868,-7.3305036e-06,0.0010361107,-0.12700248,0.011316608,-0.0016298512,-0.0007841112,-0.0012661478,-0.0058186366,0.00068117527,0.00032060992,-0.002094862,0.0025634265,-0.031826477,-0.003176902,0.00063123147,-0.15725163,-0.040956765,-0.023152402,-0.00095420436,0.0,0.0,-0.14070176,-0.31189814,0.01589618,-0.003557119,0.0,-0.0023439266,3.3630393e-05,-0.020029267,-0.03349544,-0.000169137,0.0053630853,0.0003826445,0.002696652,0.0017612072,0.0,-0.14856403,0.0020500766,-0.0002896314,-0.0008451531,-0.054619055,-0.0013835803
3318,-0.00071154186,0.0,-0.00043736555,-0.0048922235,0.0011349958,-0.0024328914,-0.02247238,-0.005386394,-0.048361283,-0.0035073415,0.0001492801,0.0011245208,0.0,0.0,0.0,-0.0029003767,-0.0146110235,0.0004158025,0.0,0.00077767106,0.0027645868,0.00012323525,0.0010361107,-0.12977053,0.011316608,-0.0016298512,-0.0007841112,-0.0012661478,-0.0058186366,0.00068117527,0.00032060992,-0.002094862,0.0025634265,-0.03057124,-0.003176902,0.00063123147,-0.14969903,-0.039773352,-0.023152402,-0.00095420436,0.0,0.0,-0.13009967,-0.31214955,0.01589618,-0.003557119,0.0,-0.0023439266,3.3630393e-05,-0.018809715,-0.03349544,-0.000169137,0.0053630853,0.0003826445,0.002696652,0.0017612072,0.0,-0.14409757,0.0020500766,-0.0002896314,-0.0008451531,-0.053249575,-0.00014842558
3319,-0.00071154186,0.0,-0.00043736555,-0.0048922235,0.0011349958,-0.0024328914,-0.02247238,-0.0040946873,-0.048361283,-0.0035073415,0.0001492801,0.0011245208,0.0,0.0,0.0,-0.0029003767,-0.0146110235,0.0004158025,0.0,0.00077767106,0.0027645868,-7.3305036e-06,0.0010361107,-0.12977053,0.011316608,-0.0016298512,-0.0007841112,-0.0012661478,-0.0058186366,0.00068117527,0.00032060992,-0.002094862,0.0025634265,-0.030416531,-0.003176902,0.00063123147,-0.14969903,-0.039773352,-0.023152402,-0.00095420436,0.0,0.0,-0.13238648,-0.3121737,0.01589618,-0.003557119,0.0,-0.0023439266,3.3630393e-05,-0.018809715,-0.03349544,-0.000169137,0.0053630853,0.0003826445,0.002696652,0.0017612072,0.0,-0.14310242,0.0020500766,-0.0002896314,-0.0008451531,-0.053249575,-0.00014842558
3320,-0.00071154186,0.0,-0.00043736555,-0.008545348,0.0011349958,-0.0024328914,-0.06101219,-0.005386394,-0.037513446,-0.0035073415,0.0001492801,0.0011245208,0.0,0.0,0.0,-0.0029003767,-0.009838608,0.0004158025,0.0,0.00077767106,0.0027645868,0.00024205932,0.00073519966,-0.107470214,-0.19356301,0.0061644185,-0.0007841112,-0.0012661478,-0.0058186366,0.00068117527,-0.010888858,1.1894521e-05,-8.170852e-05,-0.03089414,-0.003176902,0.00063123147,-0.10205224,-0.030721128,-0.016227879,-0.00095420436,0.0,0.0,-0.09085091,-0.22515593,0.01589618,-0.003557119,0.0,-0.0023439266,3.3630393e-05,-0.02030942,-0.03349544,-0.000169137,0.0053630853,0.0003826445,0.002696652,0.0017612072,0.0,-0.110994175,0.0020500766,-0.0002896314,-0.0021424298,-0.04970308,-0.00014842558
3321,-0.00071154186,0.0,-0.00043736555,-0.0048922235,0.0011349958,-0.0024328914,0.005329066,-0.0051013334,-0.04816885,-0.0035073415,0.0001492801,0.0011245208,0.0,0.0,0.0,-0.0029003767,-0.014533407,0.0004158025,0.0,0.00077767106,0.0027645868,-7.3305036e-06,0.0010361107,-0.12700248,0.011316608,-0.0016298512,-0.0007841112,-0.0012661478,-0.0058186366,0.00068117527,0.00032060992,-0.002094862,0.0025634265,-0.031826477,-0.003176902,-0.0006745928,-0.15725163,-0.040956765,-0.023152402,-0.00095420436,0.0,0.0,-0.1384149,-0.31728077,0.01589618,-0.003557119,0.0,-0.0023439266,3.3630393e-05,-0.018583149,-0.03349544,-0.000169137,0.0053630853,0.0003826445,0.002696652,0.0017612072,0.0,-0.14955917,0.0020500766,-0.0002896314,-0.0008451531,-0.053029858,-0.0013835803
3322,-0.00071154186,0.0,-0.00043736555,-0.008545348,0.0011349958,-0.0024328914,0.005329066,-0.0038096267,-0.04816885,-0.0035073415,0.0001492801,0.0011245208,0.0,0.0,0.0,-0.0029003767,-0.014533407,0.0004158025,0.0,0.00077767106,0.0027645868,-7.3305036e-06,0.0010361107,-0.12700248,0.011316608,-0.0016298512,-0.0007841112,-0.0012661478,-0.0058186366,0.00068117527,0.00032060992,-0.002094862,0.0025634265,-0.031826477,-0.003176902,0.00063123147,-0.15725163,-0.040956765,-0.021478934,-0.00095420436,0.0,0.0,-0.12993719,-0.31189814,0.01589618,-0.003557119,0.0,-0.0023439266,3.3630393e-05,-0.020029267,-0.033011157,-0.000169137,0.0053630853,0.0021184068,0.002696652,0.0017612072,0.0,-0.14856403,0.0020500766,-0.0002896314,-0.0008451531,-0.054619055,-0.0013835803
3323,-0.00071154186,0.0,-0.00043736555,-0.008545348,0.0011349958,-0.0024328914,0.004933731,-0.0038096267,-0.04816885,-0.0035073415,0.0001492801,0.0011245208,0.0,0.0,0.0,-0.0029003767,-0.014533407,0.0004158025,0.0,0.00077767106,0.0027645868,-7.3305036e-06,0.0010361107,-0.12977053,0.011316608,-0.0016298512,-0.0007841112,-0.0012661478,-0.0058186366,0.00068117527,0.00032060992,-0.002094862,0.0025634265,-0.031826477,-0.003176902,0.00063123147,-0.15725163,-0.040956765,-0.023152402,-0.00095420436,0.0,0.0,-0.14070176,-0.31189814,0.01589618,-0.003557119,0.0,-0.0023439266,3.3630393e-05,-0.020029267,-0.03349544,-0.000169137,0.0053630853,0.0003826445,0.002696652,0.0017612072,0.0,-0.14677012,0.0020500766,-0.0002896314,-0.0008451531,-0.053249575,-0.0013835803
3324,-0.00071154186,0.0,-0.00043736555,-0.008545348,0.0011349958,-0.0024328914,0.004933731,-0.0038096267,-0.04816885,-0.0035073415,0.0001492801,0.0011245208,0.0,0.0,0.0,-0.0029003767,-0.014533407,0.0004158025,0.0,0.00077767106,0.0027645868,0.00012323525,0.0010361107,-0.12977053,0.011316608,-0.0016298512,-0.0007841112,-0.0012661478,-0.0058186366,0.00068117527,0.00012323141,-0.002094862,0.0025634265,-0.03198119,-0.003176902,0.00063123147,-0.15720113,-0.040956765,-0.023152402,-0.00095420436,0.0,0.0,-0.14070176,-0.31182584,0.01589618,-0.003557119,0.0,-0.0023439266,3.3630393e-05,-0.019930577,-0.03349544,-0.000169137,0.0053630853,0.0003826445,0.002696652,0.0017612072,0.0,-0.14677012,0.0020500766,-0.0002896314,-0.0008451531,-0.053249575,-0.0013835803
3325,-0.00071154186,0.0,-0.00043736555,-0.008545348,0.0011349958,-0.0024328914,0.005329066,-0.0051013334,-0.04816885,-0.0035073415,0.0001492801,0.0011245208,0.0,0.0,0.0,-0.0029003767,-0.014533407,0.0004158025,0.0,0.00077767106,0.0027645868,0.00012323525,0.0010361107,-0.12700248,0.011316608,-0.0016298512,-0.0007841112,-0.0012661478,-0.0058186366,0.00068117527,0.00012323141,-0.002094862,0.0025634265,-0.03198119,-0.003176902,0.00063123147,-0.15720113,-0.040956765,-0.023152402,-0.00095420436,0.0,0.0,-0.1384149,-0.31182584,0.01589618,-0.003557119,0.0,-0.0023439266,3.3630393e-05,-0.019930577,-0.03349544,-0.000169137,0.0053630853,0.0003826445,0.002696652,0.0017612072,0.0,-0.14955917,0.0020500766,-0.0002896314,-0.0008451531,-0.054619055,-0.0013835803
3326,-0.0006135241,0.0,-0.00043736555,-0.008545348,0.0011349958,-0.0024328914,0.005903837,-0.0038096267,0.0049195047,-0.00094848796,0.0001492801,0.0011245208,0.0,0.0,0.0,-0.0029003767,0.0021334775,-0.00010618098,0.0,0.00077767106,0.0027645868,-7.3305036e-06,-0.00012462793,-0.18840149,0.012975426,-0.0010697764,-0.0007841112,-0.0012661478,-0.0058186366,0.00068117527,0.00012323141,1.1894521e-05,0.0025634265,-0.032304086,-0.003176902,0.00063123147,-0.15696998,-0.040631328,-0.023003737,-0.00095420436,0.0,0.0,-0.14566723,-0.3149743,0.01589618,-0.0048646173,0.0,-0.0017187139,3.3630393e-05,-0.021753179,-0.03463333,-0.000169137,0.0053630853,0.0003826445,0.002696652,0.0017612072,0.0,-0.15061884,0.0020500766,-0.0002896314,-0.0008451531,-0.054803118,-0.0018705805
3327,-0.0006135241,0.0,-0.00043736555,-0.008545348,0.0011349958,-0.0024328914,0.011330944,-0.0038096267,0.021579778,-0.00094848796,0.0001492801,0.0011245208,0.0,0.0,0.0,-0.0029003767,0.005672957,-0.00010618098,0.0,0.00077767106,0.0027645868,-7.3305036e-06,0.0010361107,-0.18195775,0.013223625,-0.0010697764,-0.0007841112,-0.0012661478,-0.0058186366,0.00068117527,0.00012323141,-0.002094862,0.0025634265,-0.037766196,-0.0056440495,0.00030207232,-0.15446778,-0.040520366,-0.023152402,-0.0018545807,0.0,0.0,-0.14156117,-0.31272963,0.01589618,-0.005869464,0.0,-0.0017187139,3.3630393e-05,-0.022468915,-0.053289764,-0.000169137,0.0053630853,0.0003826445,0.002696652,0.0017612072,0.0,-0.15103795,0.0020500766,-0.0002896314,0.023437351,-0.050375786,-0.0035538897
3328,-0.00071154186,0.0,-0.00043736555,-0.008545348,0.0011349958,-0.0024328914,-0.06101219,-0.0040946873,-0.037513446,-0.0035073415,0.0001492801,0.0011245208,0.0,0.0,0.0,-0.0029003767,-0.009838608,0.0004158025,0.0,0.00077767106,0.0027645868,0.00012323525,-0.00012462793,-0.10779816,-0.19356301,-0.0010697764,-0.0007841112,-0.0012661478,-0.0058186366,0.00068117527,0.00032060992,-0.0024865274,0.0025634265,-0.031048844,-0.003176902,0.00063123147,-0.10455413,-0.031841155,-0.017421601,-0.00095420436,0.0,0.0,-0.093137756,-0.22618593,0.01589618,-0.003557119,0.0,-0.0023439266,3.3630393e-05,-0.023502126,-0.03349544,-0.000169137,0.0053630853,0.0003826445,0.002696652,0.0017612072,0.0,-0.10999904,0.0020500766,-0.0002896314,-0.0021424298,-0.053433638,-0.00014842558
3329,-0.0006135241,0.0,-0.00043736555,-0.008545348,0.0011349958,-0.0024328914,0.011330944,-0.0038096267,0.021579778,-0.00094848796,0.0001492801,0.0011245208,0.0,0.0,0.0,-0.0029003767,0.005672957,-0.00010618098,0.0,0.00077767106,0.0027645868,-0.0016296525,0.0010361107,-0.18646616,0.013223625,-0.0016298512,-0.0007841112,-0.0012661478,-0.0058186366,0.00068117527,0.00097600615,-0.002094862,0.0025634265,-0.0374433,-0.0056440495,0.00030207232,-0.15612811,-0.040520366,-0.023152402,-0.0018545807,0.0,0.0,-0.14156117,-0.3145499,0.01589618,-0.005869464,0.0,-0.0017187139,3.3630393e-05,-0.022591593,-0.053289764,-0.000169137,0.0053630853,0.0003826445,0.002696652,0.0017612072,0.0,-0.1509453,0.0020500766,-0.0002896314,-0.0021424298,-0.053029858,-0.0035538897
3330,-0.00071154186,0.0,-0.00043736555,-0.0048922235,0.0011349958,-0.0024328914,0.005329066,-0.0038096267,-0.04816885,-0.0035073415,0.0001492801,0.0011245208,0.0,0.0,0.0,-0.0029003767,-0.014533407,0.0004158025,0.0,0.00077767106,0.0027645868,0.00012323525,0.0010361107,-0.12700248,0.012268975,-0.0016298512,-0.0007841112,-0.0012661478,-0.0058186366,0.00068117527,0.00012323141,-0.002094862,0.0025634265,-0.03198119,-0.003176902,0.00063123147,-0.15720113,-0.04077124,-0.023152402,-0.00095420436,0.0,0.0,-0.14070176,-0.31692508,0.01589618,-0.003557119,0.0,-0.0023439266,3.3630393e-05,-0.018484458,-0.03463333,-0.000169137,0.0053630853,0.0003826445,0.002696652,0.0017612072,0.0,-0.14856403,0.0020500766,-0.0002896314,-0.0008451531,-0.054619055,-0.0013835803
3331,-0.0006135241,0.0,-0.00043736555,-0.0048922235,0.0011349958,-0.0024328914,0.005903837,-0.0051013334,0.021579778,-0.00094848796,0.0001492801,0.0011245208,0.0,0.0,0.0,-0.0029003767,0.005672957,-0.00010618098,0.0,0.00077767106,0.0027645868,-7.3305036e-06,0.0010361107,-0.18669999,0.013223625,-0.0016298512,-0.0007841112,-0.0012661478,-0.0058186366,0.00068117527,0.00012323141,-0.002094862,0.0025634265,-0.031826477,-0.0056440495,0.00030207232,-0.15612811,-0.040520366,-0.023152402,-0.0018545807,0.0,0.0,-0.13969094,-0.32046098,0.01589618,-0.005869464,0.0,-0.0017187139,3.3630393e-05,-0.021008048,-0.05225404,-0.000169137,0.0053630853,0.0003826445,0.002696652,0.0017612072,0.0,-0.15261056,0.0020500766,-0.0002896314,-0.0021424298,-0.053029858,-0.0035538897
3332,-0.0006135241,0.0,-0.00043736555,-0.0048922235,0.0011349958,-0.0024328914,0.005903837,-0.0038096267,0.0049195047,-0.00094848796,0.0001492801,0.0011245208,0.0,0.0,0.0,-0.0029003767,0.0021334775,-0.00010618098,0.0,0.00077767106,0.0027645868,-7.3305036e-06,0.0010361107,-0.18715228,0.012975426,-0.0016298512,-0.0007841112,-0.0012661478,-0.0058186366,0.00068117527,0.00012323141,-0.002094862,0.0025634265,-0.031826477,-0.003176902,0.00030207232,-0.15703236,-0.04077124,-0.023152402,-0.00095420436,0.0,0.0,-0.14314348,-0.32088375,0.01589618,-0.0048646173,0.0,-0.0017187139,3.3630393e-05,-0.019834053,-0.035839904,-0.000169137,0.0053630853,0.0003826445,0.002696652,0.0017612072,0.0,-0.15161541,0.0020500766,-0.0002896314,-0.0021424298,-0.053029858,-0.0018705805
3333,-0.0006135241,0.0,-0.00043736555,-0.0048922235,0.0011349958,-0.0024328914,0.0054370635,-0.0051013334,-0.037066888,-0.0023805688,0.0001492801,0.0011245208,0.0,0.0,0.0,-0.0029003767,0.0014361494,-0.000383359,0.0,0.00077767106,0.0027645868,-7.3305036e-06,0.0010361107,-0.14970703,0.011641528,-0.0016298512,-0.0007841112,-0.0012661478,-0.0058186366,0.00068117527,0.00032060992,-0.002094862,0.0025634265,-0.031826477,-0.003176902,0.00063123147,-0.15725163,-0.040956765,-0.023152402,-0.00095420436,0.0,0.0,-0.14433233,-0.31687853,0.01589618,-0.0029840842,0.0,-0.0023439266,3.3630393e-05,-0.018583149,-0.03349544,-0.000169137,0.0053630853,0.0003826445,0.002696652,0.0017612072,0.0,-0.14955917,0.0020500766,-0.0002896314,-0.0008451531,-0.054619055,-0.0013835803
3334,-0.00071154186,0.0,-0.00043736555,-0.008545348,0.0011349958,-0.0024328914,-0.06101219,-0.005386394,-0.037513446,-0.0035073415,0.0001492801,0.0011245208,0.0,0.0,0.0,-0.0029003767,-0.009838608,0.0004158025,0.0,0.00077767106,0.0027645868,-7.3305036e-06,0.0010361107,-0.10779816,-0.19356301,-0.0016298512,-0.0007841112,-0.0012661478,-0.0058186366,0.00068117527,0.00032060992,-0.002094862,0.0025634265,-0.030416531,-0.003176902,0.00063123147,-0.10461651,-0.03198107,-0.017570267,-0.00095420436,0.0,0.0,-0.09314475,-0.22673692,0.01589618,-0.003557119,0.0,-0.0023439266,3.3630393e-05,-0.024278333,-0.03349544,-0.000169137,0.0053630853,0.0003826445,0.002696652,0.0017612072,0.0,-0.109997615,0.0020500766,-0.0002896314,-0.0008451531,-0.053249575,-0.00014842558
3335,-0.0006135241,0.0,-0.00043736555,-0.0048922235,0.0011349958,-0.0024328914,0.005567897,-0.0051013334,-0.014665706,-0.0011947682,0.0001492801,0.0011245208,0.0,0.0,0.0,-0.0029003767,0.0021334775,-0.00010618098,0.0,0.00077767106,0.0027645868,-7.3305036e-06,0.0010361107,-0.16575703,0.011730996,-0.0016298512,-0.0007841112,-0.0012661478,-0.0058186366,0.00068117527,0.00032060992,-0.002094862,0.0025634265,-0.031826477,-0.003176902,0.00063123147,-0.15725163,-0.040956765,-0.023152402,-0.00095420436,0.0,0.0,-0.1440409,-0.32064852,0.01589618,-0.0048646173,0.0,-0.0023439266,3.3630393e-05,-0.019413993,-0.03349544,-0.000169137,0.0053630853,0.0003826445,0.002696652,0.0017612072,0.0,-0.15161398,0.0020500766,-0.0002896314,-0.0008451531,-0.054619055,-0.0018705805
3336,-0.0006135241,0.0,-0.00043736555,-0.008545348,0.0011349958,-0.0024328914,0.005903837,-0.0051013334,0.021579778,-0.00094848796,0.0001492801,0.0011245208,0.0,0.0,0.0,-0.0029003767,0.005672957,-0.00010618098,0.0,0.00077767106,0.0027645868,0.00012323525,0.0010361107,-0.1879492,0.012975426,-0.0016298512,-0.0007841112,-0.0012661478,-0.0058186366,0.00068117527,0.00012323141,1.1894521e-05,0.0025634265,-0.03198119,-0.0056440495,0.00030207232,-0.15606575,-0.040520366,-0.023152402,-0.0018545807,0.0,0.0,-0.13969094,-0.31508005,0.01589618,-0.005869464,0.0,-0.0017187139,3.3630393e-05,-0.023383444,-0.05225404,-0.000169137,0.0053630853,0.0003826445,0.002696652,0.0017612072,0.0,-0.15261056,0.0020500766,-0.0002896314,-0.0021424298,-0.053029858,-0.0035538897
3337,-0.0006135241,0.0,-0.00043736555,-0.008545348,0.0011349958,-0.0024328914,0.005903837,-0.0051013334,0.021579778,-0.00094848796,0.0001492801,0.0011245208,0.0,0.0,0.0,-0.0029003767,0.005672957,-0.00010618098,0.0,0.00077767106,0.0027645868,0.00012323525,0.0010361107,-0.18669999,0.012975426,-0.0010697764,-0.0007841112,-0.0012661478,-0.0058186366,0.00068117527,0.00012323141,-0.0023617852,0.0025634265,-0.032458797,-0.0056440495,0.00030207232,-0.15612811,-0.040520366,-0.023152402,-0.0018545807,0.0,0.0,-0.14198478,-0.31497845,0.01589618,-0.005869464,0.0,-0.0017187139,3.3630393e-05,-0.022196604,-0.05225404,-0.000169137,0.0053630853,0.0003826445,0.002696652,0.0017612072,0.0,-0.15161398,0.0020500766,-0.0002896314,-0.0008451531,-0.053213924,-0.0035538897
3338,-0.0006135241,0.0,-0.00043736555,-0.0048922235,0.0011349958,-0.0024328914,-0.066045396,-0.005386394,0.019793944,-0.00094848796,0.0001492801,0.0011245208,0.0,0.0,0.0,-0.0029003767,0.00519441,-0.00010618098,0.0,0.00077767106,0.0027645868,0.00012323525,-0.00012462793,-0.16772476,-0.16166602,-0.0010697764,-0.0007841112,-0.0012661478,-0.0058186366,0.00068117527,0.00032060992,0.00016566459,0.0025634265,-0.031048844,-0.0056440495,0.00063123147,-0.109951645,-0.031590283,-0.017421601,-0.0018545807,0.0,0.0,-0.09121406,-0.24106982,0.01589618,-0.005869464,0.0,-0.0017187139,3.3630393e-05,-0.024953,-0.049909573,-0.000169137,0.0053630853,0.0003826445,0.002696652,0.0017612072,0.0,-0.11304899,0.0020500766,-0.0002896314,-0.0021424298,-0.053612996,-0.002318735
3339,-0.0006135241,0.0,-0.00043736555,-0.0048922235,0.0011349958,-0.0024328914,0.005903837,-0.0051013334,0.021579778,-0.00094848796,0.0001492801,0.0011245208,0.0,0.0,0.0,-0.0029003767,0.005672957,-0.00010618098,0.0,0.00077767106,0.0027645868,0.00024205932,-0.00012462793,-0.1879492,0.012023058,-0.0010697764,-0.0007841112,-0.0012661478,-0.0058186366,0.00068117527,-0.0010217775,0.00016566459,0.0025634265,-0.032304086,-0.0056440495,0.00063123147,-0.15611626,-0.040565982,-0.021661349,-0.0018545807,0.0,0.0,-0.13992085,-0.31967402,0.01589618,-0.005869464,0.0,-0.0017187139,3.3630393e-05,-0.021580344,-0.049909573,-0.000169137,0.0053630853,0.0003826445,0.002696652,0.0017612072,0.0,-0.15261056,0.0020500766,-0.0002896314,-0.0021424298,-0.054982476,-0.0035538897
3340,-0.0006135241,0.0,-0.00043736555,-0.0048922235,0.0011349958,-0.0024328914,0.005903837,-0.0051013334,0.021579778,-0.00094848796,0.0001492801,0.0011245208,0.0,0.0,0.0,-0.0029003767,0.005672957,-0.00010618098,0.0,0.00077767106,0.0027645868,0.00012323525,0.0010361107,-0.18669999,0.013223625,-0.0010697764,-0.0007841112,-0.0012661478,-0.0058186366,0.00068117527,0.00097600615,-0.002094862,0.0025634265,-0.032458797,-0.0056440495,0.00030207232,-0.15612811,-0.040520366,-0.023152402,-0.0018545807,0.0,0.0,-0.13969094,-0.32185817,0.01589618,-0.005869464,0.0,-0.0017187139,3.3630393e-05,-0.021008048,-0.05225404,-0.000169137,0.0053630853,0.0003826445,0.002696652,0.0017612072,0.0,-0.15194045,0.0020500766,-0.0002896314,-0.0021424298,-0.053213924,-0.0035538897
3341,-0.0006135241,0.0,-0.00043736555,0.0013879723,0.0011349958,-0.0024328914,0.00577874,-0.0051013334,-0.014665706,-0.0011947682,0.0001492801,0.0011245208,0.0,0.0,0.0,-0.0029003767,0.0021334775,-0.00010618098,0.0,0.00077767106,0.0027645868,-7.3305036e-06,0.0010361107,-0.16575703,0.011730996,-0.0016298512,-0.0007841112,-0.0012661478,-0.0058186366,0.00068117527,0.00032060992,-0.002094862,0.0025634265,-0.031826477,-0.003176902,0.00030207232,-0.16174258,-0.040956765,-0.023152402,-0.00095420436,0.0,0.0,-0.14834179,-0.3209319,0.01589618,-0.0048646173,0.0,-0.0023439266,3.3630393e-05,-0.016883276,-0.034702014,-0.000169137,0.0053630853,0.0003826445,0.002696652,0.0017612072,0.0,-0.15161398,0.0020500766,-0.0002896314,-0.0008451531,-0.053029858,-0.0018705805
3342,-0.0006135241,0.0,-0.00043736555,-0.0048922235,0.0011349958,-0.0024328914,0.005903837,-0.0051013334,0.0105610015,-0.00094848796,0.0001492801,0.0011245208,0.0,0.0,0.0,-0.0029003767,0.0029231743,-0.00010618098,0.0,0.00077767106,0.0027645868,-7.3305036e-06,0.0010361107,-0.18809524,0.012975426,-0.0016298512,-0.0007841112,-0.0012661478,-0.0058186366,0.00068117527,0.00012323141,-0.002094862,0.0025634265,-0.031826477,-0.004128857,0.00030207232,-0.1566536,-0.04077124,-0.023152402,-0.00095420436,0.0,0.0,-0.14049022,-0.32053763,0.01589618,-0.005869464,0.0,-0.0017187139,3.3630393e-05,-0.02088395,-0.03941273,-0.000169137,0.0053630853,0.0003826445,0.002696652,0.0017612072,0.0,-0.15261056,0.0020500766,-0.0002896314,-0.0021424298,-0.053029858,-0.0018705805
3343,-0.0006135241,0.0,-0.00043736555,0.0013879723,0.0011349958,-0.0024328914,0.005903837,-0.0051013334,0.0105610015,-0.00094848796,0.0001492801,0.0011245208,0.0,0.0,0.0,-0.0029003767,0.0029231743,-0.00010618098,0.0,0.00077767106,0.0027645868,0.00012323525,0.0010361107,-0.18809524,0.012975426,-0.0016298512,-0.0007841112,-0.0012661478,-0.0058186366,0.00068117527,0.00012323141,-0.002094862,0.0025634265,-0.03198119,-0.004128857,0.00030207232,-0.16114454,-0.04077124,-0.023152402,-0.00095420436,0.0,0.0,-0.14506368,-0.3205135,0.01589618,-0.005869464,0.0,-0.0017187139,3.3630393e-05,-0.018099738,-0.03941273,-0.000169137,0.0053630853,0.0003826445,0.002696652,0.0017612072,0.0,-0.15261056,0.0020500766,-0.0002896314,-0.0021424298,-0.053029858,-0.0018705805
3344,-0.0006135241,0.0,-0.00043736555,-0.0048922235,0.0011349958,-0.0024328914,0.0056929938,-0.0051013334,0.009610156,-0.00094848796,0.0001492801,0.0011245208,0.0,0.0,0.0,-0.0029003767,0.0029231743,-0.00010618098,0.0,0.00077767106,0.0027645868,-7.3305036e-06,0.0010361107,-0.18823014,0.012023058,-0.0010697764,-0.0007841112,-0.0012661478,-0.0058186366,0.00068117527,0.00032060992,1.1894521e-05,0.0025634265,-0.032304086,-0.004128857,0.00063123147,-0.15680519,-0.040956765,-0.023152402,-0.00095420436,0.0,0.0,-0.14305663,-0.3200674,0.01589618,-0.005869464,0.0,-0.0017187139,3.3630393e-05,-0.021782521,-0.037068263,-0.000169137,0.0053630853,0.0003826445,0.002696652,0.0017612072,0.0,-0.15161398,0.0020500766,-0.0002896314,-0.0008451531,-0.054803118,-0.0018705805
3345,-0.0006135241,0.0,-0.00043736555,-0.008545348,0.0011349958,-0.0024328914,0.005903837,-0.0051013334,0.0105610015,-0.00094848796,0.0001492801,0.0011245208,0.0,0.0,0.0,-0.0029003767,0.0029231743,-0.00010618098,0.0,0.00077767106,0.0027645868,-7.3305036e-06,0.0010361107,-0.18809524,0.013223625,-0.0010697764,-0.0007841112,-0.0012661478,-0.0058186366,0.00068117527,0.00012323141,-0.002094862,0.0025634265,-0.032304086,-0.004128857,0.00030207232,-0.1566536,-0.04077124,-0.023152402,-0.00095420436,0.0,0.0,-0.14278407,-0.3154609,0.01589618,-0.005869464,0.0,-0.0017187139,3.3630393e-05,-0.022454165,-0.03941273,-0.000169137,0.0053630853,0.0003826445,0.002696652,0.0017612072,0.0,-0.15161398,0.0020500766,-0.0002896314,-0.0008451531,-0.053213924,-0.0018705805
3346,-0.0006135241,0.0,-0.00043736555,-0.008545348,0.0011349958,-0.0024328914,0.005903837,-0.0051013334,0.013234023,-0.00094848796,0.0001492801,0.0011245208,0.0,0.0,0.0,-0.0029003767,0.0029231743,-0.00010618098,0.0,0.00077767106,0.0027645868,0.00012323525,0.0010361107,-0.18358682,0.012975426,-0.0016298512,-0.0007841112,-0.0012661478,-0.0058186366,0.00068117527,0.00012323141,-0.002094862,0.0025634265,-0.03198119,-0.0056440495,0.00030207232,-0.15446778,-0.04077124,-0.023152402,-0.00095420436,0.0,0.0,-0.14049022,-0.31344146,0.01589618,-0.005869464,0.0,-0.0017187139,3.3630393e-05,-0.022207389,-0.03941273,-0.000169137,0.0053630853,0.0003826445,0.002696652,0.0017612072,0.0,-0.15203309,0.0020500766,-0.0002896314,0.023437351,-0.05019172,-0.0035538897
3347,-0.0006135241,0.0,-0.00043736555,-0.008545348,0.0011349958,-0.0024328914,0.0056929938,-0.0051013334,0.009610156,-0.00094848796,0.0001492801,0.0011245208,0.0,0.0,0.0,-0.0029003767,0.0029231743,-0.00010618098,0.0,0.00077767106,0.0027645868,-7.3305036e-06,0.0010361107,-0.18698093,0.012023058,-0.0016298512,-0.0007841112,-0.0012661478,-0.0058186366,0.00068117527,0.00032060992,-0.0023617852,0.0025634265,-0.031826477,-0.004128857,0.00063123147,-0.15686756,-0.040956765,-0.023152402,-0.00095420436,0.0,0.0,-0.14305663,-0.31506976,0.01589618,-0.005869464,0.0,-0.0017187139,3.3630393e-05,-0.022041798,-0.037068263,-0.000169137,0.0053630853,0.0003826445,0.002696652,0.0017612072,0.0,-0.15161398,0.0020500766,-0.0002896314,-0.0008451531,-0.054619055,-0.0018705805
3348,-0.0006135241,0.0,-0.00043736555,-0.0048922235,0.0011349958,-0.0024328914,0.005903837,-0.0051013334,0.013234023,-0.00094848796,0.0001492801,0.0011245208,0.0,0.0,0.0,-0.0029003767,0.005672957,-0.00010618098,0.0,0.00077767106,0.0027645868,0.00012323525,0.0010361107,-0.18809524,0.013223625,-0.0016298512,-0.0007841112,-0.0012661478,-0.0058186366,0.00068117527,0.00012323141,-0.002094862,0.0025634265,-0.03198119,-0.0056440495,0.00030207232,-0.15612811,-0.040520366,-0.023152402,-0.00095420436,0.0,0.0,-0.14028826,-0.32043684,0.01589618,-0.005869464,0.0,-0.0017187139,3.3630393e-05,-0.021008048,-0.042816058,-0.000169137,0.0053630853,0.0003826445,0.002696652,0.0017612072,0.0,-0.15261056,0.0020500766,-0.0002896314,-0.0021424298,-0.053029858,-0.0035538897
3349,-0.00071154186,0.0,-0.00043736555,-0.0048922235,0.0011349958,-0.0024328914,-0.06101219,-0.005386394,-0.037513446,-0.0035073415,0.0001492801,0.0011245208,0.0,0.0,0.0,-0.0029003767,-0.009838608,0.0004158025,0.0,0.00077767106,0.0027645868,-7.3305036e-06,-0.00012462793,-0.10904737,-0.19356301,-0.0010697764,-0.0007841112,-0.0012661478,-0.0058186366,0.00068117527,-0.0010217775,1.1894521e-05,0.0025634265,-0.03089414,-0.003176902,0.00063123147,-0.10455413,-0.031841155,-0.016079213,-0.00095420436,0.0,0.0,-0.09085091,-0.23130934,0.01589618,-0.003557119,0.0,-0.0023439266,3.3630393e-05,-0.023305222,-0.03349544,-0.000169137,0.0053630853,0.0003826445,0.002696652,0.0017612072,0.0,-0.110994175,0.0020500766,-0.0002896314,-0.0021424298,-0.053433638,-0.00014842558
3350,-0.0006135241,0.0,-0.00043736555,-0.008545348,0.0011349958,-0.0024328914,0.0056678397,0.00040184276,0.021579778,-0.00094848796,0.0001492801,-0.00011040977,0.0,0.0,0.0,5.8168927e-05,0.005672957,-0.00010618098,0.0,0.00077767106,0.0027645868,0.00024205932,-0.00012462793,-0.18344077,0.013223625,-0.0010697764,-0.0007841112,-0.0012661478,-0.0067092148,0.00068117527,0.00012323141,0.00016566459,0.0025634265,-0.03504779,-0.0056440495,0.00063123147,-0.15468748,-0.040380456,-0.023003737,-0.0018545807,0.0,0.0,-0.13547795,-0.3210349,0.0020655552,-0.005869464,0.0,-0.0017187139,3.3630393e-05,-0.022929192,-0.051047467,-0.000169137,0.0053630853,0.0003826445,-0.0007186803,0.0017612072,0.0,-0.15494095,0.0003384709,-0.0002896314,0.023437351,-0.05011601,-0.0035538897
3351,-0.0006135241,0.0,-0.00043736555,-0.008545348,0.0011349958,-0.0024328914,0.005456997,0.00040184276,0.021579778,-0.00094848796,0.0001492801,-0.00011040977,0.0,0.0,0.0,5.8168927e-05,0.005672957,-0.00010618098,0.0,0.00077767106,0.0027645868,0.00024205932,-0.00012462793,-0.1879492,0.012023058,-0.0010697764,-0.0007841112,-0.0012661478,-0.0067092148,0.00068117527,0.00032060992,0.00016566459,0.0025634265,-0.03504779,-0.0056440495,-0.0006745928,-0.15639833,-0.040565982,-0.023003737,-0.0018545807,0.0,0.0,-0.13552059,-0.32321516,0.0020655552,-0.005869464,0.0,-0.0017187139,3.3630393e-05,-0.022772964,-0.049909573,-0.000169137,0.0053630853,0.0003826445,-0.0007186803,0.0017612072,0.0,-0.15551841,0.0003384709,-0.0002896314,-0.0021424298,-0.051364947,-0.0035538897
3352,-0.0006135241,0.0,-0.00043736555,-0.008545348,0.0011349958,-0.0024328914,0.005456997,0.00040184276,0.0049195047,-0.00094848796,0.0001492801,-0.00011040977,0.0,0.0,0.0,5.8168927e-05,0.0021334775,-0.00010618098,0.0,0.00077767106,0.0027645868,-7.3305036e-06,-0.00012462793,-0.18840149,0.013223625,-0.0016298512,-0.0007841112,-0.0012661478,-0.0067092148,0.00068117527,0.00012323141,1.1894521e-05,0.0025634265,-0.034570184,-0.003176902,0.00063123147,-0.15725206,-0.040631328,-0.023003737,-0.00095420436,0.0,0.0,-0.13898012,-0.323557,0.0020655552,-0.0048646173,0.0,-0.0017187139,3.3630393e-05,-0.021623781,-0.03463333,-0.000169137,0.0053630853,0.0003826445,-0.0007186803,0.0017612072,0.0,-0.15452185,0.0003384709,-0.0002896314,-0.0008451531,-0.052590724,-0.0018705805
3353,-0.0006135241,0.0,-0.00043736555,-0.008545348,0.0011349958,-0.0024328914,-0.0049956306,-0.004943043,0.0047270725,-0.00094848796,0.0001492801,-0.00011040977,0.0,0.0,0.0,-0.0029003767,0.0021334775,-0.00010618098,0.0,0.00077767106,0.0027645868,0.00024205932,-0.00012462793,-0.19116955,0.012023058,-0.0016298512,-0.0007841112,-0.0012661478,-0.0067092148,0.00068117527,0.00032060992,0.00016566459,0.0025634265,-0.03316023,-0.003176902,0.00063123147,-0.15467754,-0.03963344,-0.023003737,-0.00095420436,0.0,0.0,-0.13313264,-0.31621763,0.0020655552,-0.0048646173,0.0,-0.0017187139,3.3630393e-05,-0.021723067,-0.03349544,-0.000169137,0.0053630853,0.0003826445,-0.0007186803,0.0017612072,0.0,-0.1525411,0.0003384709,-0.0002896314,-0.0021424298,-0.0514006,-0.0006354258
3354,-0.0006135241,0.0,-0.00043736555,-0.008545348,0.0011349958,-0.0024328914,-0.06453582,0.0018623496,0.020201944,-0.00094848796,0.0001492801,-0.00011040977,0.0,0.0,0.0,5.8168927e-05,0.00519441,-0.00010618098,0.0,0.00077767106,0.0027645868,0.00024205932,-0.00012462793,-0.17323932,-0.11318101,-0.0010697764,-0.0007841112,-0.0012661478,-0.0067092148,0.00068117527,-0.0010217775,0.00016566459,0.0025634265,-0.033637837,-0.0056440495,0.00063123147,-0.12048401,-0.03331181,-0.016079213,-0.0018545807,0.0,0.0,-0.09849636,-0.2612087,0.0020655552,-0.005869464,0.0,-0.0017187139,3.3630393e-05,-0.025749361,-0.049909573,-0.000169137,0.0053630853,0.0003826445,-0.0007186803,0.0017612072,0.0,-0.12446894,0.0003384709,-0.0002896314,-0.0008451531,-0.051584665,-0.002318735
3355,-0.0006135241,0.0,-0.00043736555,-0.008545348,0.0011349958,-0.0024328914,0.005456997,0.00040184276,0.021579778,-0.00094848796,0.0001492801,-0.00011040977,0.0,0.0,0.0,5.8168927e-05,0.005672957,-0.00010618098,0.0,0.00077767106,0.0027645868,0.00024205932,-0.00012462793,-0.1879492,0.012023058,-0.0010697764,-0.0007841112,-0.0012661478,-0.0067092148,0.00068117527,-0.0010217775,0.00016566459,0.0025634265,-0.03504779,-0.0056440495,0.00063123147,-0.15639833,-0.040565982,-0.021661349,-0.0018545807,0.0,0.0,-0.13781445,-0.32293177,0.0020655552,-0.005869464,0.0,-0.0017187139,3.3630393e-05,-0.022772964,-0.049909573,-0.000169137,0.0053630853,0.0003826445,-0.0007186803,0.0017612072,0.0,-0.15452185,0.0003384709,-0.0002896314,-0.0008451531,-0.052954145,-0.0035538897
3356,-0.0006135241,0.0,-0.00043736555,-0.008545348,0.0011349958,-0.0024328914,0.005456997,0.00040184276,0.013234023,-0.00094848796,0.0001492801,-0.00011040977,0.0,0.0,0.0,5.8168927e-05,0.0029231743,-0.00010618098,0.0,0.00077767106,0.0027645868,-7.3305036e-06,-0.00012462793,-0.18934445,0.012975426,-0.0016298512,-0.0007841112,-0.0012661478,-0.0067092148,0.00068117527,0.00012323141,1.1894521e-05,0.0025634265,-0.034570184,-0.0056440495,0.00063123147,-0.15634781,-0.040631328,-0.023003737,-0.00095420436,0.0,0.0,-0.13631988,-0.32308677,0.0020655552,-0.005869464,0.0,-0.0017187139,3.3630393e-05,-0.022549579,-0.038206156,-0.000169137,0.0053630853,0.0003826445,-0.0007186803,0.0017612072,0.0,-0.15551841,0.0003384709,-0.0002896314,-0.0021424298,-0.052590724,-0.0035538897
3357,-0.0006135241,0.0,-0.00043736555,-0.008545348,0.0011349958,-0.0024328914,0.0056678397,0.00040184276,0.021579778,-0.00094848796,0.0001492801,-0.00011040977,0.0,0.0,0.0,5.8168927e-05,0.005672957,-0.00010618098,0.0,0.00077767106,0.0027645868,-0.0016296525,-0.00012462793,-0.1879492,0.012975426,-0.0010697764,-0.0007841112,-0.0012661478,-0.0067092148,0.00068117527,0.00097600615,0.00016566459,0.0025634265,-0.0352025,-0.0056440495,-0.0006745928,-0.15634781,-0.040380456,-0.023003737,-0.0018545807,0.0,0.0,-0.13777179,-0.32278812,0.0020655552,-0.005869464,0.0,-0.0017187139,3.3630393e-05,-0.022803076,-0.051047467,-0.000169137,0.0053630853,0.0003826445,-0.0007186803,0.0017612072,0.0,-0.15385176,0.0003384709,-0.0002896314,-0.0008451531,-0.051364947,-0.0035538897
3358,-0.0006135241,0.0,-0.00043736555,-0.008545348,0.0011349958,-0.0024328914,0.005297659,-7.015175e-05,0.0057685752,-0.00094848796,0.0001492801,-0.00011040977,0.0,0.0,0.0,5.8168927e-05,0.0029231743,-0.00010618098,0.0,0.00077767106,0.0027645868,0.00024205932,-0.00012462793,-0.1909982,0.012023058,-0.0016298512,-0.0007841112,-0.0012661478,-0.0067092148,0.00068117527,-0.0010217775,0.00016566459,0.0025634265,-0.034570184,-0.004128857,0.00063123147,-0.15730256,-0.040816855,-0.021661349,-0.00095420436,0.0,0.0,-0.13625856,-0.32358024,0.0020655552,-0.0048646173,0.0,-0.0017187139,3.3630393e-05,-0.022772964,-0.03349544,-0.000169137,0.0053630853,0.0003826445,-0.0007186803,0.0017612072,0.0,-0.1537245,0.0003384709,-0.0002896314,-0.0021424298,-0.0514006,-0.0018705805
3359,-0.0006135241,0.0,-0.00043736555,-0.008545348,0.0011349958,-0.0024328914,0.0056678397,0.00040184276,0.021579778,-0.00094848796,0.0001492801,-0.00011040977,0.0,0.0,0.0,5.8168927e-05,0.005672957,-0.00010618098,0.0,0.00077767106,0.0027645868,-0.0016296525,-0.00012462793,-0.1879492,0.012975426,-0.0010697764,-0.0007841112,-0.0012661478,-0.0067092148,0.00068117527,0.00097600615,0.00016566459,0.0025634265,-0.0352025,-0.0056440495,-0.0006745928,-0.15634781,-0.040380456,-0.023003737,-0.0018545807,0.0,0.0,-0.13777179,-0.32278812,0.0020655552,-0.005869464,0.0,-0.0017187139,3.3630393e-05,-0.022803076,-0.051047467,-0.000169137,0.0053630853,0.0003826445,-0.0007186803,0.0017612072,0.0,-0.15385176,0.0003384709,-0.0002896314,-0.0008451531,-0.051364947,-0.0035538897
3360,-0.0006135241,0.0,-0.00043736555,-0.008545348,0.0011349958,-0.0024328914,0.0056678397,0.00040184276,0.021579778,-0.00094848796,0.0001492801,-0.00011040977,0.0,0.0,0.0,5.8168927e-05,0.005672957,-0.00010618098,0.0,0.00077767106,0.0027645868,0.00024205932,-0.00012462793,-0.1879492,0.012975426,-0.0010697764,-0.0007841112,-0.0012661478,-0.0067092148,0.00068117527,0.00032060992,0.00016566459,0.0025634265,-0.030454455,-0.0056440495,-0.0006745928,-0.15639833,-0.040380456,-0.023003737,-0.0018545807,0.0,0.0,-0.13844253,-0.3209623,0.01589618,-0.005869464,0.0,-0.0017187139,3.3630393e-05,-0.02302646,-0.051047467,-0.000169137,0.0053630853,0.0003826445,-0.0007186803,0.0017612072,0.0,-0.15426543,0.0020500766,-0.0002896314,-0.0021424298,-0.051364947,-0.0035538897
3361,-0.0006135241,0.0,-0.00043736555,-0.008545348,0.0011349958,-0.0024328914,0.011094946,0.00040184276,0.021579778,-0.00094848796,0.0001492801,-0.00011040977,0.0,0.0,0.0,5.8168927e-05,0.005672957,-0.00010618098,0.0,0.00077767106,0.0027645868,0.00024205932,-0.00012462793,-0.18613823,0.013223625,0.0061644185,-0.0007841112,-0.0012661478,-0.0067092148,0.00068117527,0.00032060992,0.00016566459,0.0025634265,-0.035916563,-0.0056440495,0.00063123147,-0.15639833,-0.040380456,-0.023003737,-0.0018545807,0.0,0.0,-0.13802591,-0.31953293,0.01589618,-0.005869464,0.0,-0.0017187139,3.3630393e-05,-0.023224996,-0.05208319,-0.000169137,0.0053630853,0.0003826445,-0.0007186803,0.0017612072,0.0,-0.15426543,0.0020500766,-0.0002896314,-0.0021424298,-0.052432604,-0.0035538897
3362,-0.0006135241,0.0,-0.00043736555,-0.008545348,0.0011349958,-0.0024328914,0.005903837,-7.015175e-05,0.021579778,-0.00094848796,0.0001492801,-0.00011040977,0.0,0.0,0.0,5.8168927e-05,0.005672957,-0.00010618098,0.0,0.00077767106,0.0027645868,0.00012323525,-0.00012462793,-0.1879492,0.012023058,-0.0010697764,-0.0007841112,-0.0012661478,-0.0067092148,0.00068117527,0.00012323141,0.00016566459,0.0025634265,-0.0352025,-0.0056440495,0.00063123147,-0.15634781,-0.040565982,-0.023003737,-0.0018545807,0.0,0.0,-0.1375358,-0.32273477,0.0020655552,-0.005869464,0.0,-0.0017187139,3.3630393e-05,-0.022803076,-0.049909573,-0.000169137,0.0053630853,0.0003826445,-0.0007186803,0.0017612072,0.0,-0.15452185,0.0003384709,-0.0002896314,-0.0008451531,-0.052954145,-0.0035538897
3363,-0.0006135241,0.0,-0.00043736555,-0.008545348,0.0011349958,-0.0024328914,0.0056678397,0.00040184276,0.021579778,-0.00094848796,0.0001492801,-0.00011040977,0.0,0.0,0.0,5.8168927e-05,0.005672957,-0.00010618098,0.0,0.00077767106,0.0027645868,-7.3305036e-06,-0.00012462793,-0.1879492,0.012975426,-0.0016298512,-0.0007841112,-0.0012661478,-0.0067092148,0.00068117527,0.00012323141,1.1894521e-05,0.0025634265,-0.034570184,-0.0056440495,0.00063123147,-0.15634781,-0.040380456,-0.023003737,-0.0018545807,0.0,0.0,-0.13547795,-0.32288608,0.0020655552,-0.005869464,0.0,-0.0017187139,3.3630393e-05,-0.022803076,-0.051047467,-0.000169137,0.0053630853,0.0003826445,-0.0007186803,0.0017612072,0.0,-0.15551841,0.0003384709,-0.0002896314,-0.0021424298,-0.052590724,-0.0035538897
3364,-0.0006135241,0.0,-0.00043736555,-0.008545348,0.0011349958,-0.0024328914,0.0056678397,0.00040184276,0.021579778,-0.00094848796,0.0001492801,-0.00011040977,0.0,0.0,0.0,5.8168927e-05,0.005672957,-0.00010618098,0.0,0.00077767106,0.0027645868,0.00024205932,-0.00012462793,-0.1879492,0.012975426,-0.0016298512,-0.0007841112,-0.0012661478,-0.0067092148,0.00068117527,-0.0010217775,0.00016566459,0.0025634265,-0.034570184,-0.0056440495,0.00063123147,-0.15639833,-0.040380456,-0.021661349,-0.0018545807,0.0,0.0,-0.13547795,-0.32303336,0.0020655552,-0.005869464,0.0,-0.0017187139,3.3630393e-05,-0.02302646,-0.051047467,-0.000169137,0.0053630853,0.0003826445,-0.0007186803,0.0017612072,0.0,-0.15551841,0.0003384709,-0.0002896314,-0.0021424298,-0.05277008,-0.0035538897
3365,-0.0006135241,0.0,-0.00043736555,-0.008545348,0.0011349958,-0.0024328914,0.005456997,0.00040184276,0.021579778,-0.00094848796,0.0001492801,-0.00011040977,0.0,0.0,0.0,5.8168927e-05,0.005672957,-0.00010618098,0.0,0.00077767106,0.0027645868,0.00012323525,-0.00012462793,-0.1879492,0.012023058,-0.0010697764,-0.0007841112,-0.0012661478,-0.0067092148,0.00068117527,0.00012323141,0.00016566459,0.0025634265,-0.0352025,-0.0056440495,0.00063123147,-0.15634781,-0.040565982,-0.023003737,-0.0018545807,0.0,0.0,-0.13781445,-0.32273477,0.0020655552,-0.005869464,0.0,-0.0017187139,3.3630393e-05,-0.022549579,-0.049909573,-0.000169137,0.0053630853,0.0003826445,-0.0007186803,0.0017612072,0.0,-0.15452185,0.0003384709,-0.0002896314,-0.0008451531,-0.052954145,-0.0035538897
3366,-0.0006135241,0.0,-0.00043736555,-0.008545348,0.0011349958,-0.0024328914,0.0056678397,0.00040184276,0.021579778,-0.00094848796,0.0001492801,-0.00011040977,0.0,0.0,0.0,5.8168927e-05,0.005672957,-0.00010618098,0.0,0.00077767106,0.0027645868,-7.3305036e-06,-0.00012462793,-0.1879492,0.012975426,-0.0016298512,-0.0007841112,-0.0012661478,-0.0067092148,0.00068117527,0.00012323141,0.00016566459,0.0025634265,-0.034570184,-0.0056440495,0.00063123147,-0.15634781,-0.040380456,-0.023003737,-0.0018545807,0.0,0.0,-0.13547795,-0.3228605,0.0020655552,-0.005869464,0.0,-0.0017187139,3.3630393e-05,-0.022803076,-0.051047467,-0.000169137,0.0053630853,0.0003826445,-0.0007186803,0.0017612072,0.0,-0.15551841,0.0003384709,-0.0002896314,-0.0021424298,-0.05277008,-0.0035538897
3367,-0.0006135241,0.0,-0.00043736555,-0.008545348,0.0011349958,-0.0024328914,0.0056678397,0.00040184276,0.021579778,-0.00094848796,0.0001492801,-0.00011040977,0.0,0.0,0.0,5.8168927e-05,0.005672957,-0.00010618098,0.0,0.00077767106,0.0027645868,0.00024205932,-0.00012462793,-0.1879492,0.013223625,-0.0010697764,-0.0007841112,-0.0012661478,-0.0067092148,0.00068117527,0.00032060992,0.00016566459,0.0025634265,-0.03504779,-0.0056440495,0.00063123147,-0.15639833,-0.040380456,-0.023003737,-0.0018545807,0.0,0.0,-0.13777179,-0.32305586,0.0020655552,-0.005869464,0.0,-0.0017187139,3.3630393e-05,-0.02315056,-0.051047467,-0.000169137,0.0053630853,0.0003826445,-0.0007186803,0.0017612072,0.0,-0.15452185,0.0003384709,-0.0002896314,-0.0008451531,-0.052954145,-0.0035538897
3368,-0.0006135241,0.0,-0.00043736555,-0.008545348,0.0011349958,-0.0024328914,0.0050616623,0.00040184276,0.021579778,-0.00094848796,0.0001492801,-0.00011040977,0.0,0.0,0.0,5.8168927e-05,0.005672957,-0.00010618098,0.0,0.00077767106,0.0027645868,0.00024205932,-0.00012462793,-0.19071725,0.012023058,-0.0010697764,-0.0007841112,-0.0012661478,-0.0067092148,0.00068117527,-0.0010217775,0.00016566459,0.0025634265,-0.03504779,-0.0056440495,0.00063123147,-0.15639833,-0.040565982,-0.021661349,-0.0018545807,0.0,0.0,-0.13552059,-0.32293177,0.0020655552,-0.005869464,0.0,-0.0017187139,3.3630393e-05,-0.022772964,-0.049909573,-0.000169137,0.0053630853,0.0003826445,-0.0007186803,0.0017612072,0.0,-0.1537245,0.0003384709,-0.0002896314,-0.0021424298,-0.051584665,-0.0035538897
3369,-0.0006135241,0.0,-0.00043736555,-0.008545348,0.0011349958,-0.0024328914,-0.06453582,0.0018623496,0.02037837,-0.00094848796,0.0001492801,-0.00011040977,0.0,0.0,0.0,5.8168927e-05,0.005352405,-0.00010618098,0.0,0.00077767106,0.0027645868,-7.3305036e-06,-0.00012462793,-0.1805033,0.012023058,-0.0016298512,-0.0007841112,-0.0012661478,-0.0067092148,0.00068117527,0.00032060992,0.00016566459,0.0025634265,-0.03316023,-0.0056440495,0.00063123147,-0.14884573,-0.03331181,-0.023003737,-0.0018545807,0.0,0.0,-0.12117904,-0.30381796,0.0020655552,-0.005869464,0.0,-0.0017187139,3.3630393e-05,-0.023348982,-0.049909573,-0.000169137,0.0053630853,0.0003826445,-0.0007186803,0.0017612072,0.0,-0.14576028,0.0003384709,-0.0002896314,-0.0008451531,-0.0514006,-0.002318735
3370,0.0048945253,0.0,0.0011307407,-0.015309052,-0.006727787,-0.0023862536,0.025023391,0.0009211898,0.050817687,-0.0017007211,-0.0013338625,-3.711055e-05,0.0,0.0,0.0,7.6855475e-05,0.013601751,0.00019268572,0.0,0.0003993759,0.010697728,0.0006308956,-0.00027172227,0.20593072,0.04917798,0.0020895824,0.00014364651,-0.0005027075,0.034158356,0.0025939085,0.0008461165,0.0002844036,-4.2860047e-05,-0.009293567,-0.0022342687,0.0001472664,0.22021095,0.06211438,-0.0058084726,-0.00057256105,0.0,0.0,0.20289701,0.41293645,0.014737735,0.016795997,0.0,-0.0016048701,-5.609441e-05,-0.07061197,-0.017653821,-5.143743e-05,-0.0073805093,0.0023351966,-0.0003882636,-0.008249152,0.0,0.046811104,0.0004638051,0.0002195109,0.007641604,-0.017070048,-0.0041969083
3371,0.0048945253,0.0,0.0011307407,-0.015309052,0.0035988744,-0.0023862536,0.025023391,0.0009211898,0.050817687,-0.0017007211,-0.0013338625,-3.711055e-05,0.0,0.0,0.0,7.6855475e-05,0.013601751,0.009789043,0.0,0.0003993759,0.010697728,0.0006308956,-0.00027172227,0.21568201,0.04917798,0.0020895824,0.00014364651,-0.0005027075,0.034158356,0.0025939085,-0.0004962709,0.0002844036,-4.2860047e-05,-0.009293567,-0.0022342687,0.0001472664,0.22830726,0.067841016,-0.0010495358,-0.00057256105,0.0,0.0,0.20289701,0.42016283,0.014737735,0.016795997,0.0,-0.0016048701,-5.609441e-05,-0.04628998,-0.017653821,-5.143743e-05,0.020209618,0.0023351966,-0.0003882636,0.008281928,0.0,0.046811104,0.0004638051,0.0002195109,0.007641604,-0.017070048,-0.0041969083
3372,0.0048945253,0.0,0.0011307407,-0.015309052,0.0035988744,-0.0023862536,0.025023391,0.0009211898,0.050817687,-0.0017007211,-0.0013338625,-3.711055e-05,0.0,0.0,0.0,7.6855475e-05,0.013601751,0.009789043,0.0,0.0003993759,0.010697728,0.0006308956,-0.00027172227,0.21568201,0.04917798,0.0020895824,0.00014364651,-0.0005027075,0.034158356,0.0025939085,-0.0004962709,0.0002844036,-4.2860047e-05,-0.009293567,-0.0022342687,0.0001472664,0.22830726,0.067841016,-0.0010495358,-0.00057256105,0.0,0.0,0.20289701,0.42016283,0.014737735,0.016795997,0.0,-0.0016048701,-5.609441e-05,-0.04628998,-0.017653821,-5.143743e-05,0.020209618,0.0023351966,-0.0003882636,0.008281928,0.0,0.046811104,0.0004638051,0.0002195109,0.007641604,-0.017070048,-0.0041969083
3373,0.0048945253,0.0,0.0011307407,-0.015309052,0.0035988744,-0.0023862536,0.025023391,0.0009211898,0.050817687,-0.0017007211,-0.0013338625,-3.711055e-05,0.0,0.0,0.0,7.6855475e-05,0.013601751,0.00019268572,0.0,0.0003993759,0.010697728,0.0006308956,-0.00027172227,0.21052192,0.04917798,0.0020895824,0.00014364651,-0.0005027075,0.034158356,0.0025939085,0.0008461165,0.0002844036,-4.2860047e-05,-0.009293567,-0.0022342687,0.0001472664,0.23043443,0.06211438,-0.0058084726,-0.00057256105,0.0,0.0,0.20289701,0.42254218,0.014737735,0.016795997,0.0,-0.0016048701,-5.609441e-05,-0.06180378,-0.017653821,-5.143743e-05,-0.0073805093,0.0023351966,-0.0003882636,0.008281928,0.0,0.046693534,0.0004638051,0.0002195109,-0.00069893757,-0.017685208,-0.0041969083
3374,0.0048945253,0.0,0.0011307407,-0.015309052,0.0035988744,-0.0023862536,0.025023391,0.0009211898,0.050817687,-0.0017007211,-0.0013338625,-3.711055e-05,0.0,0.0,0.0,7.6855475e-05,0.013601751,0.009789043,0.0,0.0003993759,0.010697728,0.0006308956,-0.00027172227,0.21568201,0.04917798,0.0020895824,0.00014364651,-0.0005027075,0.034158356,0.0025939085,0.0008461165,0.0002844036,-4.2860047e-05,-0.009293567,-0.0022342687,0.0001472664,0.22830726,0.067841016,-0.0023919235,-0.00057256105,0.0,0.0,0.20289701,0.42016283,0.014737735,0.016795997,0.0,-0.0016048701,-5.609441e-05,-0.04628998,-0.017653821,-5.143743e-05,0.020209618,0.0023351966,-0.0003882636,0.008281928,0.0,0.046811104,0.0004638051,0.0002195109,0.007641604,-0.017070048,-0.0041969083
3375,-0.0006135241,0.0,-0.00043736555,-0.008545348,0.0011349958,-0.0024328914,0.0056678397,0.00040184276,0.021579778,-0.00094848796,0.0001492801,-0.00011040977,0.0,0.0,0.0,5.8168927e-05,0.005672957,-0.00010618098,0.0,0.00077767106,0.0027645868,0.00024205932,-0.00012462793,-0.1879492,0.012023058,-0.0010697764,-0.0007841112,-0.0012661478,-0.0067092148,0.00068117527,0.00032060992,0.00016566459,0.0025634265,-0.030454455,-0.0056440495,0.0007401777,-0.15639833,-0.040565982,-0.021330269,-0.0018545807,0.0,0.0,-0.1299718,-0.32065746,0.01589618,-0.005869464,0.0,-0.0017187139,3.3630393e-05,-0.02302646,-0.04942529,-0.000169137,0.0053630853,0.0021184068,-0.0007186803,0.0017612072,0.0,-0.15326887,0.0020500766,-0.0002896314,-0.0008451531,-0.05308456,-0.0035538897
3376,-0.0006135241,0.0,-0.00043736555,-0.008545348,0.0011349958,-0.0024328914,0.0056678397,0.00040184276,0.021579778,-0.00094848796,0.0001492801,-0.00011040977,0.0,0.0,0.0,5.8168927e-05,0.005672957,-0.00010618098,0.0,0.00077767106,0.0027645868,0.00024205932,-0.00012462793,-0.1879492,0.012975426,-0.0010697764,-0.0007841112,-0.0012661478,-0.0067092148,0.00068117527,0.00032060992,0.00016566459,0.0025634265,-0.030454455,-0.0056440495,0.00063123147,-0.15639833,-0.040380456,-0.023003737,-0.0018545807,0.0,0.0,-0.13547795,-0.32067892,0.01589618,-0.005869464,0.0,-0.0017187139,3.3630393e-05,-0.02302646,-0.051047467,-0.000169137,0.0053630853,0.0003826445,-0.0007186803,0.0017612072,0.0,-0.15551841,0.0003384709,-0.0002896314,-0.0021424298,-0.052954145,-0.0035538897
3377,-0.0006135241,0.0,-0.00043736555,-0.008545348,0.0011349958,-0.0024328914,0.005456997,0.00040184276,0.021579778,-0.00094848796,0.0001492801,-0.00011040977,0.0,0.0,0.0,5.8168927e-05,0.005672957,-0.00010618098,0.0,0.00077767106,0.0027645868,0.00024205932,-0.00012462793,-0.18669999,0.012023058,-0.0016298512,-0.0007841112,-0.0012661478,-0.0067092148,0.00068117527,0.00032060992,-0.0024865274,0.0025634265,-0.034570184,-0.0056440495,0.00063123147,-0.15639833,-0.040565982,-0.023003737,-0.0018545807,0.0,0.0,-0.13552059,-0.32305893,0.0020655552,-0.005869464,0.0,-0.0017187139,3.3630393e-05,-0.021523753,-0.049909573,-0.000169137,0.0053630853,0.0003826445,-0.0007186803,0.0017612072,0.0,-0.15551841,0.0003384709,-0.0002896314,-0.0021424298,-0.052590724,-0.0035538897
3378,-0.0006135241,0.0,-0.00043736555,-0.008545348,0.0011349958,-0.0024328914,0.0056678397,0.00040184276,0.021579778,-0.00094848796,0.0001492801,-0.00011040977,0.0,0.0,0.0,5.8168927e-05,0.005672957,-0.00010618098,0.0,0.00077767106,0.0027645868,0.00012323525,-0.00012462793,-0.1879492,0.012975426,-0.0016298512,-0.0007841112,-0.0012661478,-0.0067092148,0.00068117527,0.00012323141,1.1894521e-05,0.0025634265,-0.034724895,-0.0056440495,0.00063123147,-0.15634781,-0.040380456,-0.023003737,-0.0018545807,0.0,0.0,-0.13547795,-0.32286194,0.0020655552,-0.005869464,0.0,-0.0017187139,3.3630393e-05,-0.022803076,-0.051047467,-0.000169137,0.0053630853,0.0003826445,-0.0007186803,0.0017612072,0.0,-0.15551841,0.0003384709,-0.0002896314,-0.0021424298,-0.052590724,-0.0035538897
3379,-0.0006135241,0.0,-0.00043736555,-0.008545348,0.0011349958,-0.0024328914,0.0048057316,0.00040184276,-0.02040323,-0.0015233477,0.0001492801,-0.00011040977,0.0,0.0,0.0,5.8168927e-05,0.0014361494,-0.00010618098,0.0,0.00077767106,0.0027645868,0.00012323525,-0.00012462793,-0.16448845,0.012683365,-0.0016298512,-0.0007841112,-0.0012661478,-0.0067092148,0.00068117527,0.00012323141,1.1894521e-05,0.0025634265,-0.034724895,-0.003176902,0.00063123147,-0.15742083,-0.040631328,-0.023003737,-0.00095420436,0.0,0.0,-0.13959798,-0.3236809,0.0020655552,-0.0029840842,0.0,-0.0023439266,3.3630393e-05,-0.021234429,-0.03463333,-0.000169137,0.0053630853,0.0003826445,-0.0007186803,0.0017612072,0.0,-0.15272795,0.0003384709,-0.0002896314,-0.0008451531,-0.051221244,-0.0018705805
3380,0.0048945253,0.0,0.0011307407,-0.015309052,0.0035988744,-0.0023862536,0.025023391,0.0009211898,0.050817687,-0.0017007211,-0.0013338625,-3.711055e-05,0.0,0.0,0.0,7.6855475e-05,0.013601751,0.009789043,0.0,0.0003993759,0.010697728,0.0006308956,-0.00027172227,0.21568201,0.04917798,0.0020895824,0.00014364651,-0.0005027075,0.034158356,0.0025939085,0.0008461165,0.0002844036,-4.2860047e-05,-0.009293567,-0.0022342687,0.0001472664,0.22830726,0.067841016,-0.0023919235,-0.00057256105,0.0,0.0,0.20289701,0.42016283,0.014737735,0.016795997,0.0,-0.0016048701,-5.609441e-05,-0.04628998,-0.017653821,-5.143743e-05,0.020209618,0.0023351966,-0.0003882636,0.008281928,0.0,0.046811104,0.0004638051,0.0002195109,0.007641604,-0.017070048,-0.0041969083
3381,0.0048945253,0.0,0.0011307407,-0.015309052,0.0035988744,-0.0023862536,0.025023391,0.0009211898,0.050817687,-0.0017007211,-0.0013338625,-3.711055e-05,0.0,0.0,0.0,7.6855475e-05,0.012755613,0.004774069,0.0,0.0003993759,0.010697728,0.0006308956,-0.00027172227,0.21568201,0.04917798,0.0020895824,0.00014364651,-0.0005027075,0.034158356,0.0025939085,0.0008461165,0.0002844036,-4.2860047e-05,-0.009293567,-0.0022342687,0.0001472664,0.22830726,0.067841016,-0.0023919235,-0.00057256105,0.0,0.0,0.20289701,0.43054032,0.014737735,0.016795997,0.0,-0.0016048701,-5.609441e-05,-0.040275417,-0.017752992,-5.143743e-05,0.031366453,0.0023351966,-0.0003882636,0.008281928,0.0,0.046811104,0.0004638051,0.0002195109,0.007641604,-0.017070048,-0.0041969083
3382,0.0048945253,0.0,0.0011307407,-0.015309052,0.0035988744,-0.0023862536,0.025023391,0.0009211898,0.050817687,-0.0017007211,-0.0013338625,-3.711055e-05,0.0,0.0,0.0,7.6855475e-05,0.013601751,0.009789043,0.0,0.0003993759,0.010697728,0.0006308956,-0.00027172227,0.21568201,0.04917798,0.0020895824,0.00014364651,-0.0005027075,0.034158356,0.0025939085,0.0008461165,0.0002844036,-4.2860047e-05,-0.009293567,-0.0022342687,0.0001472664,0.22830726,0.067841016,-0.0023919235,-0.00057256105,0.0,0.0,0.20289701,0.42016283,0.014737735,0.016795997,0.0,-0.0016048701,-5.609441e-05,-0.04628998,-0.017653821,-5.143743e-05,0.020209618,0.0023351966,-0.0003882636,0.008281928,0.0,0.046811104,0.0004638051,0.0002195109,0.007641604,-0.017070048,-0.0041969083
3383,0.0048945253,0.0,0.0011307407,-0.04283224,0.0035988744,-0.0023862536,0.025023391,0.0009211898,0.050817687,-0.0017007211,-0.0013338625,-3.711055e-05,0.0,0.0,0.0,7.6855475e-05,0.013601751,0.00019268572,0.0,0.0003993759,0.010697728,0.0006308956,-0.00027172227,0.21674697,0.04917798,0.0020895824,0.00014364651,-0.0005027075,0.034158356,0.0025939085,0.0008461165,0.0002844036,-4.2860047e-05,-0.009293567,-0.0022342687,0.0001472664,0.23043443,0.06211438,-0.0058084726,-0.00057256105,0.0,0.0,0.20289701,0.40333587,0.014737735,0.016795997,0.0,-0.0016048701,-5.609441e-05,-0.05357582,-0.017653821,-5.143743e-05,0.0074317274,0.0023351966,-0.0003882636,0.008281928,0.0,0.046693534,0.0004638051,0.0002195109,-0.00069893757,-0.017685208,-0.0041969083
3384,0.0048945253,0.0,0.0011307407,-0.015309052,0.0035988744,-0.0023862536,0.025023391,0.0009211898,0.050817687,-0.0017007211,-0.0013338625,-3.711055e-05,0.0,0.0,0.0,7.6855475e-05,0.013601751,0.00019268572,0.0,0.0003993759,0.010697728,0.0006308956,-0.00027172227,0.21674697,0.04917798,0.0020895824,0.00014364651,-0.0005027075,0.034158356,0.0025939085,0.0008461165,0.0002844036,-4.2860047e-05,-0.009293567,-0.0022342687,0.0001472664,0.23043443,0.06211438,-0.0058084726,-0.00057256105,0.0,0.0,0.20289701,0.42254218,0.014737735,0.016795997,0.0,-0.0016048701,-5.609441e-05,-0.05357582,-0.017653821,-5.143743e-05,0.0074317274,0.0023351966,-0.0003882636,0.008281928,0.0,0.046693534,0.0004638051,0.0002195109,-0.00069893757,-0.017685208,-0.0041969083
3385,0.0048945253,0.0,0.0011307407,-0.015309052,0.0035988744,-0.0023862536,0.025023391,0.0009211898,0.050817687,-0.0017007211,-0.0013338625,-3.711055e-05,0.0,0.0,0.0,7.6855475e-05,0.013601751,0.00019268572,0.0,0.0003993759,0.010697728,0.0006308956,-0.00027172227,0.20593072,0.04917798,0.0020895824,0.00014364651,-0.0005027075,0.034158356,0.0025939085,0.0008461165,0.0002844036,-4.2860047e-05,-0.0138869025,-0.0022342687,0.0001472664,0.22830726,0.06211438,-0.0058084726,-0.00057256105,0.0,0.0,0.20289701,0.41790998,0.00090710935,0.016795997,0.0,-0.0016048701,-5.609441e-05,-0.061779328,-0.017653821,-5.143743e-05,-0.0073805093,0.0023351966,-0.0003882636,0.008281928,0.0,0.046811104,0.0004638051,0.0002195109,0.007641604,-0.017070048,-0.0041969083
3386,0.0048945253,0.0,0.0011307407,-0.015309052,0.0035988744,-0.0023862536,0.025023391,0.0009211898,0.050817687,-0.0017007211,-0.0013338625,-3.711055e-05,0.0,0.0,0.0,7.6855475e-05,0.013601751,0.00019268572,0.0,0.0003993759,0.010697728,0.0006308956,-0.00027172227,0.21052192,0.04917798,0.0020895824,0.00014364651,-0.0005027075,0.034158356,0.0025939085,0.0008461165,0.0002844036,-4.2860047e-05,-0.0138869025,-0.0022342687,0.0001472664,0.23043443,0.06211438,-0.0058084726,-0.00057256105,0.0,0.0,0.20302624,0.42028934,0.00090710935,0.016795997,0.0,-0.0016048701,-5.609441e-05,-0.06180378,-0.017653821,-5.143743e-05,-0.0073805093,0.0023351966,-0.0003882636,0.008281928,0.0,0.046134416,0.0004638051,0.0002195109,-0.00026902335,-0.017685208,-0.0041969083
3387,0.0048945253,0.0,0.0011307407,-0.015309052,0.0035988744,-0.0023862536,0.025023391,0.0009211898,0.050817687,-0.0017007211,-0.0013338625,-3.711055e-05,0.0,0.0,0.0,7.6855475e-05,0.013601751,0.00019268572,0.0,0.0003993759,0.010697728,0.0006308956,-0.00027172227,0.21052192,0.04917798,0.0020895824,0.00014364651,-0.0005027075,0.034158356,0.0025939085,0.0008461165,0.0002844036,-4.2860047e-05,-0.0138869025,-0.0022342687,0.0001472664,0.23043443,0.06211438,-0.0058084726,-0.00057256105,0.0,0.0,0.20289701,0.42028934,0.00090710935,0.016795997,0.0,-0.0016048701,-5.609441e-05,-0.06180378,-0.017653821,-5.143743e-05,-0.0073805093,0.0023351966,-0.0003882636,0.008281928,0.0,0.046693534,0.0004638051,0.0002195109,-0.00069893757,-0.017685208,-0.0041969083
3388,0.0048945253,0.0,0.0011307407,-0.015309052,-0.006727787,-0.0023862536,0.025023391,0.0009211898,0.050817687,-0.0017007211,-0.0013338625,-3.711055e-05,0.0,0.0,0.0,7.6855475e-05,0.013601751,0.00019268572,0.0,0.0003993759,0.010697728,0.0006308956,-0.00027172227,0.21052192,0.04917798,0.0020895824,0.00014364651,-0.0005027075,0.034158356,0.0025939085,0.0008461165,0.0002844036,-4.2860047e-05,-0.0138869025,-0.0022342687,0.0001472664,0.23043443,0.06211438,-0.0058084726,-0.00057256105,0.0,0.0,0.20302624,0.41306296,0.00090710935,0.016795997,0.0,-0.0016048701,-5.609441e-05,-0.06180378,-0.017653821,-5.143743e-05,-0.0073805093,0.0023351966,-0.0003882636,0.008281928,0.0,0.046134416,0.0004638051,0.0002195109,-0.00026902335,-0.017685208,-0.0041969083
3389,0.0048945253,0.0,0.0011307407,-0.015309052,0.0035988744,-0.0023862536,0.025023391,0.0009211898,0.050817687,-0.0017007211,-0.0013338625,-3.711055e-05,0.0,0.0,0.0,7.6855475e-05,0.013601751,0.00019268572,0.0,0.0003993759,0.010697728,0.0006308956,-0.00027172227,0.21052192,0.04917798,0.0020895824,0.00014364651,-0.0005027075,0.034158356,0.0025939085,0.0008461165,0.0002844036,-4.2860047e-05,-0.0138869025,-0.0022342687,0.0001472664,0.23043443,0.06211438,-0.0058084726,-0.00057256105,0.0,0.0,0.20289701,0.42028934,0.00090710935,0.016795997,0.0,-0.0016048701,-5.609441e-05,-0.06180378,-0.017653821,-5.143743e-05,-0.0073805093,0.0023351966,-0.0003882636,0.008281928,0.0,0.046693534,0.0004638051,0.0002195109,-0.00069893757,-0.017685208,-0.0041969083
3390,-0.0006135241,0.0,-0.00043736555,-0.008545348,0.0011349958,-0.0024328914,0.005903837,-7.015175e-05,0.021579778,-0.00094848796,0.0001492801,-0.00011040977,0.0,0.0,0.0,5.8168927e-05,0.005672957,-0.00010618098,0.0,0.00077767106,0.0027645868,0.00024205932,-0.00012462793,-0.18637204,0.012023058,0.0061644185,-0.0007841112,-0.0012661478,-0.0067092148,0.00068117527,-0.0010217775,0.00016566459,0.0025634265,-0.03504779,-0.0056440495,0.00063123147,-0.15639833,-0.040565982,-0.021661349,-0.0018545807,0.0,0.0,-0.13524194,-0.32221937,0.0020655552,-0.005869464,0.0,-0.0017187139,3.3630393e-05,-0.02296347,-0.049909573,-0.000169137,0.0053630853,0.0003826445,-0.0007186803,0.0017612072,0.0,-0.15551841,0.0003384709,-0.0002896314,-0.0021424298,-0.052432604,-0.0035538897
3391,-0.0006135241,0.0,-0.00043736555,-0.008545348,0.0011349958,-0.0024328914,-0.066045396,-0.00035521225,0.018311124,-0.00094848796,0.0001492801,-0.00011040977,0.0,0.0,0.0,5.8168927e-05,0.004495319,-0.00010618098,0.0,0.00077767106,0.0027645868,0.00024205932,-0.00012462793,-0.1281227,-0.20725591,-0.0010697764,-0.0007841112,-0.0012661478,-0.0067092148,0.00068117527,-0.010888858,0.00016566459,0.0025634265,-0.033637837,-0.0056440495,0.00063123147,-0.1012613,-0.030330343,-0.016079213,-0.0018545807,0.0,0.0,-0.086535156,-0.2365989,0.0020655552,-0.005869464,0.0,-0.0017187139,3.3630393e-05,-0.021965811,-0.049909573,-0.000169137,0.0053630853,0.0003826445,-0.0007186803,0.0017612072,0.0,-0.115379415,0.0003384709,-0.0002896314,0.011406364,-0.051584665,-0.002318735
3392,-0.0006135241,0.0,-0.00043736555,-0.008545348,0.0011349958,-0.0024328914,0.00577874,-7.015175e-05,-0.014665706,-0.0011947682,0.0001492801,-0.00011040977,0.0,0.0,0.0,5.8168927e-05,0.0021334775,-0.00010618098,0.0,0.00077767106,0.0027645868,0.00024205932,0.0010361107,-0.16575703,0.012683365,-0.0016298512,-0.0007841112,-0.0012661478,-0.0067092148,0.00068117527,0.00022424548,-0.002094862,0.0025634265,-0.034570184,-0.003176902,0.00063123147,-0.1575337,-0.04077124,-0.023152402,-0.00095420436,0.0,0.0,-0.13702549,-0.32398286,0.0020655552,-0.0048646173,0.0,-0.0023439266,3.3630393e-05,-0.02119012,-0.03463333,-0.000169137,0.0053630853,0.0003826445,-0.0007186803,0.0017612072,0.0,-0.15551841,0.0003384709,-0.0002896314,-0.0021424298,-0.052590724,-0.0018705805
3393,-0.0006135241,0.0,-0.00043736555,-0.008545348,0.0011349958,-0.0024328914,0.011330944,-7.015175e-05,0.021579778,-0.00094848796,0.0001492801,-0.00011040977,0.0,0.0,0.0,5.8168927e-05,0.005672957,-0.00010618098,0.0,0.00077767106,0.0027645868,0.00012323525,-0.00012462793,-0.18771537,0.013223625,-0.0010697764,-0.0007841112,-0.0012661478,-0.0067092148,0.00068117527,0.00097600615,0.00016566459,0.0025634265,-0.04066461,-0.0056440495,0.00063123147,-0.15634781,-0.040380456,-0.023003737,-0.0018545807,0.0,0.0,-0.13711917,-0.32382402,0.0020655552,-0.005869464,0.0,-0.0017187139,3.3630393e-05,-0.023064602,-0.05208319,-0.000169137,0.0053630853,0.0003826445,-0.0007186803,0.0017612072,0.0,-0.15385176,0.0003384709,-0.0002896314,-0.0008451531,-0.052954145,-0.0035538897
3394,-0.0006135241,0.0,-0.00043736555,-0.008545348,0.0011349958,-0.0024328914,0.005456997,0.00040184276,0.021579778,-0.00094848796,0.0001492801,-0.00011040977,0.0,0.0,0.0,5.8168927e-05,0.005672957,-0.00010618098,0.0,0.00077767106,0.0027645868,-7.3305036e-06,-0.00012462793,-0.1879492,0.012023058,-0.0010697764,-0.0007841112,-0.0012661478,-0.0067092148,0.00068117527,0.00032060992,0.00016566459,0.0025634265,-0.03504779,-0.0056440495,-0.0006745928,-0.15639833,-0.040565982,-0.023003737,-0.0018545807,0.0,0.0,-0.13781445,-0.32309046,0.0020655552,-0.005869464,0.0,-0.0017187139,3.3630393e-05,-0.02264827,-0.049909573,-0.000169137,0.0053630853,0.0003826445,-0.0007186803,0.0017612072,0.0,-0.15452185,0.0003384709,-0.0002896314,-0.0008451531,-0.051364947,-0.0035538897
3395,-0.0006135241,0.0,-0.00043736555,-0.008545348,0.0011349958,-0.0024328914,0.005456997,0.00040184276,0.021579778,-0.00094848796,0.0001492801,-0.00011040977,0.0,0.0,0.0,5.8168927e-05,0.005672957,-0.00010618098,0.0,0.00077767106,0.0027645868,0.00024205932,-0.00012462793,-0.1879492,0.012023058,-0.0010697764,-0.0007841112,-0.0012661478,-0.0067092148,0.00068117527,0.00032060992,0.00016566459,0.0025634265,-0.03504779,-0.0056440495,0.00063123147,-0.15639833,-0.040565982,-0.023003737,-0.0018545807,0.0,0.0,-0.13552059,-0.32293177,0.0020655552,-0.005869464,0.0,-0.0017187139,3.3630393e-05,-0.022772964,-0.049909573,-0.000169137,0.0053630853,0.0003826445,-0.0007186803,0.0017612072,0.0,-0.15551841,0.0003384709,-0.0002896314,-0.0021424298,-0.052954145,-0.0035538897
3396,-0.0006135241,0.0,-0.00043736555,-0.008545348,0.0011349958,-0.0024328914,0.0056678397,0.00040184276,0.021579778,-0.00094848796,0.0001492801,-0.00011040977,0.0,0.0,0.0,5.8168927e-05,0.005672957,-0.00010618098,0.0,0.00077767106,0.0027645868,0.00024205932,-0.00012462793,-0.1879492,0.012023058,-0.0010697764,-0.0007841112,-0.0012661478,-0.0067092148,0.00068117527,0.00032060992,0.00016566459,0.0025634265,-0.03504779,-0.0056440495,0.0007401777,-0.15639833,-0.040565982,-0.023003737,-0.0018545807,0.0,0.0,-0.13777179,-0.3229103,0.0020655552,-0.005869464,0.0,-0.0017187139,3.3630393e-05,-0.02302646,-0.049909573,-0.000169137,0.0053630853,0.0003826445,-0.0007186803,0.0017612072,0.0,-0.15452185,0.0003384709,-0.0002896314,-0.0008451531,-0.05308456,-0.0035538897
3397,-0.0006135241,0.0,-0.00043736555,-0.008545348,0.0011349958,-0.0024328914,0.0056678397,0.00040184276,0.021579778,-0.00094848796,0.0001492801,-0.00011040977,0.0,0.0,0.0,5.8168927e-05,0.005672957,-0.00010618098,0.0,0.00077767106,0.0027645868,0.00024205932,-0.00012462793,-0.1879492,0.012975426,-0.0010697764,-0.0007841112,-0.0012661478,-0.0067092148,0.00068117527,0.00032060992,0.00016566459,0.0025634265,-0.03504779,-0.0056440495,0.0007401777,-0.15639833,-0.040380456,-0.023003737,-0.0018545807,0.0,0.0,-0.13777179,-0.3229103,0.0020655552,-0.005869464,0.0,-0.0017187139,3.3630393e-05,-0.02302646,-0.051047467,-0.000169137,0.0053630853,0.0003826445,-0.0007186803,0.0017612072,0.0,-0.15452185,0.0003384709,-0.0002896314,-0.0008451531,-0.05308456,-0.0035538897
3398,-0.0006135241,0.0,-0.00043736555,-0.008545348,0.0011349958,-0.0024328914,0.005456997,0.00040184276,0.021579778,-0.00094848796,0.0001492801,-0.00011040977,0.0,0.0,0.0,5.8168927e-05,0.005672957,-0.00010618098,0.0,0.00077767106,0.0027645868,0.00024205932,-0.00012462793,-0.1879492,0.012023058,-0.0010697764,-0.0007841112,-0.0012661478,-0.0067092148,0.00068117527,-0.010888858,0.00016566459,0.0025634265,-0.03504779,-0.0056440495,0.00063123147,-0.15389642,-0.03930604,-0.021661349,-0.0018545807,0.0,0.0,-0.13552059,-0.32176006,0.0020655552,-0.005869464,0.0,-0.0017187139,3.3630393e-05,-0.017839426,-0.049909573,-0.000169137,0.0053630853,0.0003826445,-0.0007186803,0.0017612072,0.0,-0.15551841,0.0003384709,-0.0002896314,-0.0021424298,-0.052954145,-0.0035538897
3399,-0.0006135241,0.0,-0.00043736555,-0.008545348,0.0011349958,-0.0024328914,-0.06453582,0.0018623496,0.018311124,-0.00094848796,0.0001492801,-0.00011040977,0.0,0.0,0.0,5.8168927e-05,0.004495319,-0.00010618098,0.0,0.00077767106,0.0027645868,0.00024205932,-0.00012462793,-0.13263111,-0.20725591,-0.0010697764,-0.0007841112,-0.0012661478,-0.0067092148,0.00068117527,-0.010888858,0.00016566459,0.0025634265,-0.033637837,-0.0056440495,0.00063123147,-0.1012613,-0.030330343,-0.016079213,-0.0018545807,0.0,0.0,-0.09026229,-0.2365989,0.0020655552,-0.005869464,0.0,-0.0017187139,3.3630393e-05,-0.022088489,-0.049909573,-0.000169137,0.0053630853,0.0003826445,-0.0007186803,0.0017612072,0.0,-0.11595687,0.0003384709,-0.0002896314,-0.0021424298,-0.051584665,-0.002318735
3400,-0.0006135241,0.0,-0.00043736555,-0.008545348,0.0011349958,-0.0024328914,0.0056929938,-0.004943043,0.021579778,-0.00094848796,0.0001492801,-0.00011040977,0.0,0.0,0.0,-0.0029003767,0.005672957,-0.00010618098,0.0,0.00077767106,0.0027645868,-7.3305036e-06,0.0010361107,-0.18669999,0.012023058,-0.0016298512,-0.0007841112,-0.0012661478,-0.0067092148,0.00068117527,0.00032060992,-0.002094862,0.0025634265,-0.036606807,-0.0056440495,0.00063123147,-0.15614992,-0.040705893,-0.023152402,-0.0018545807,0.0,0.0,-0.13481572,-0.3156816,0.0020655552,-0.005869464,0.0,-0.0017187139,3.3630393e-05,-0.02217526,-0.049909573,-0.000169137,0.0053630853,0.0003826445,0.0025693276,0.0017612072,0.0,-0.15551841,0.0003384709,-0.0002896314,-0.0021424298,-0.054468222,-0.0035538897
3401,-0.0006135241,0.0,-0.00043736555,-0.008545348,0.0011349958,-0.0024328914,0.011330944,-7.015175e-05,0.021579778,-0.00094848796,0.0001492801,-0.00011040977,0.0,0.0,0.0,5.8168927e-05,0.005672957,-0.00010618098,0.0,0.00077767106,0.0027645868,0.00024205932,-0.00012462793,-0.18771537,0.013223625,-0.0010697764,-0.0007841112,-0.0012661478,-0.0067092148,0.00068117527,0.00032060992,0.00016566459,0.0025634265,-0.042546522,-0.0056440495,0.00063123147,-0.15608755,-0.040380456,-0.023003737,-0.0018545807,0.0,0.0,-0.13482533,-0.32218277,0.0020655552,-0.005869464,0.0,-0.0017187139,3.3630393e-05,-0.023287987,-0.05208319,-0.000169137,0.0053630853,0.0003826445,0.0025693276,0.0017612072,0.0,-0.15551841,0.0003384709,-0.0002896314,-0.0021424298,-0.054831643,-0.0035538897
3402,-0.0006135241,0.0,-0.00043736555,-0.0048922235,0.0011349958,-0.0024328914,0.011330944,-0.004943043,0.021579778,-0.00094848796,0.0001492801,-0.00011040977,0.0,0.0,0.0,-0.0029003767,0.005672957,-0.00010618098,0.0,0.00077767106,0.0027645868,0.00024205932,-0.00012462793,-0.18771537,0.013223625,-0.0010697764,-0.0007841112,-0.0012661478,-0.0067092148,0.00068117527,0.00032060992,0.00016566459,0.0025634265,-0.042546522,-0.0056440495,0.00063123147,-0.15608755,-0.040380456,-0.023003737,-0.0018545807,0.0,0.0,-0.13435645,-0.31991953,0.0020655552,-0.005869464,0.0,-0.0017187139,3.3630393e-05,-0.02184187,-0.05208319,-0.000169137,0.0053630853,0.0003826445,0.0025693276,0.0017612072,0.0,-0.15551841,0.0003384709,-0.0002896314,-0.0021424298,-0.054831643,-0.0035538897
3403,-0.0006135241,0.0,-0.00043736555,-0.0048922235,0.0011349958,-0.0024328914,0.011330944,-0.004943043,0.021579778,-0.00094848796,0.0001492801,-0.00011040977,0.0,0.0,0.0,-0.0029003767,0.005672957,-0.00010618098,0.0,0.00077767106,0.0027645868,0.00024205932,-0.00012462793,-0.18771537,0.012975426,-0.0010697764,-0.0007841112,-0.0012661478,-0.0067092148,0.00068117527,0.00032060992,0.00016566459,0.0025634265,-0.042546522,-0.0056440495,0.00063123147,-0.15608755,-0.040380456,-0.023003737,-0.0018545807,0.0,0.0,-0.13435645,-0.31979543,0.0020655552,-0.005869464,0.0,-0.0017187139,3.3630393e-05,-0.021717772,-0.05208319,-0.000169137,0.0053630853,0.0003826445,0.0025693276,0.0017612072,0.0,-0.15551841,0.0003384709,-0.0002896314,-0.0021424298,-0.054831643,-0.0035538897
3404,-0.0006135241,0.0,-0.00043736555,-0.0048922235,0.0011349958,-0.0024328914,0.011330944,-0.004943043,0.021579778,-0.00094848796,0.0001492801,-0.00011040977,0.0,0.0,0.0,-0.0029003767,0.005672957,-0.00010618098,0.0,0.00077767106,0.0027645868,0.00024205932,-0.00012462793,-0.18771537,0.013223625,-0.0010697764,-0.0007841112,-0.0012661478,-0.0067092148,0.00068117527,0.00032060992,0.00016566459,0.0025634265,-0.042546522,-0.0056440495,0.00063123147,-0.15608755,-0.040380456,-0.023003737,-0.0018545807,0.0,0.0,-0.13435645,-0.31991953,0.0020655552,-0.005869464,0.0,-0.0017187139,3.3630393e-05,-0.02184187,-0.05208319,-0.000169137,0.0053630853,0.0003826445,0.0025693276,0.0017612072,0.0,-0.15551841,0.0003384709,-0.0002896314,-0.0021424298,-0.054831643,-0.0035538897
3405,-0.0006135241,0.0,-0.00043736555,-0.0048922235,0.0011349958,-0.0024328914,0.005903837,-7.015175e-05,0.021579778,-0.00094848796,0.0001492801,-0.00011040977,0.0,0.0,0.0,5.8168927e-05,0.005672957,-0.00010618098,0.0,0.00077767106,0.0027645868,0.00012323525,-0.00012462793,-0.1879492,0.013223625,-0.0010697764,-0.0007841112,-0.0012661478,-0.0067092148,0.00068117527,0.00012323141,0.00016566459,0.0025634265,-0.037239123,-0.0056440495,-0.0006745928,-0.15603703,-0.040380456,-0.023003737,-0.0018545807,0.0,0.0,-0.1375358,-0.32792613,0.0020655552,-0.005869464,0.0,-0.0017187139,3.3630393e-05,-0.021481058,-0.051047467,-0.000169137,0.0053630853,0.0003826445,0.0025693276,0.0017612072,0.0,-0.15452185,0.0003384709,-0.0002896314,-0.0008451531,-0.05324245,-0.0035538897
3406,-0.0006135241,0.0,-0.00043736555,-0.0048922235,0.0011349958,-0.0024328914,0.005903837,-0.004943043,0.013234023,-0.00094848796,0.0001492801,-0.00011040977,0.0,0.0,0.0,5.8168927e-05,0.0029231743,-0.00010618098,0.0,0.00077767106,0.0027645868,0.00024205932,0.0010361107,-0.18358682,0.012975426,-0.0016298512,-0.0007841112,-0.0012661478,-0.0067092148,0.00068117527,0.00032060992,-0.002094862,0.0025634265,-0.036606807,-0.0056440495,0.00063123147,-0.15448959,-0.04077124,-0.023152402,-0.00095420436,0.0,0.0,-0.13604122,-0.32162312,0.0020655552,-0.005869464,0.0,-0.0017187139,3.3630393e-05,-0.020984657,-0.038206156,-0.000169137,0.0053630853,0.0003826445,0.0025693276,0.0017612072,0.0,-0.15494095,0.0003384709,-0.0002896314,0.023437351,-0.051630087,-0.0035538897
3407,-0.0006135241,0.0,-0.00043736555,0.0013879723,0.0011349958,-0.0024328914,0.005903837,-7.015175e-05,0.021579778,-0.00094848796,0.0001492801,-0.00011040977,0.0,0.0,0.0,5.8168927e-05,0.005672957,-0.00010618098,0.0,0.00077767106,0.0027645868,0.00024205932,-0.00012462793,-0.18637204,0.012023058,0.0061644185,-0.0007841112,-0.0012661478,-0.0067092148,0.00068117527,-0.010888858,0.00016566459,0.0025634265,-0.03504779,-0.0056440495,0.00063123147,-0.1583874,-0.03930604,-0.021661349,-0.0018545807,0.0,0.0,-0.1398154,-0.32614696,0.0020655552,-0.005869464,0.0,-0.0017187139,3.3630393e-05,-0.013799599,-0.049909573,-0.000169137,0.0053630853,0.0003826445,-0.0007186803,0.0017612072,0.0,-0.15551841,0.0003384709,-0.0002896314,-0.0021424298,-0.052432604,-0.0035538897
3408,-0.0006135241,0.0,-0.00043736555,0.0013879723,0.0011349958,-0.0024328914,0.011330944,-0.0051013334,0.021579778,-0.00094848796,0.0001492801,-0.00011040977,0.0,0.0,0.0,-0.0029003767,0.005672957,-0.00010618098,0.0,0.00077767106,0.0027645868,0.00024205932,-0.00012462793,-0.18613823,0.012975426,0.0061644185,-0.0007841112,-0.0012661478,-0.0067092148,0.00068117527,0.00032060992,0.00016566459,0.0025634265,-0.042359527,-0.0056440495,0.00063123147,-0.16060719,-0.040380456,-0.023003737,-0.0018545807,0.0,0.0,-0.14122376,-0.31908303,0.0020655552,-0.005869464,0.0,-0.0017187139,3.3630393e-05,-0.018870568,-0.05208319,-0.000169137,0.0053630853,0.0003826445,0.0025693276,0.0017612072,0.0,-0.15452185,0.0003384709,-0.0002896314,-0.0008451531,-0.054310102,-0.0035538897
3409,-0.0006135241,0.0,-0.00043736555,-0.0048922235,0.0011349958,-0.0024328914,0.005903837,-0.0051013334,0.021579778,-0.00094848796,0.0001492801,-0.00011040977,0.0,0.0,0.0,-0.0029003767,0.005672957,-0.00010618098,0.0,0.00077767106,0.0027645868,0.00024205932,-0.00012462793,-0.1879492,0.012975426,-0.0010697764,-0.0007841112,-0.0012661478,-0.0067092148,0.00068117527,0.00032060992,0.00016566459,0.0025634265,-0.034860794,-0.0056440495,0.00063123147,-0.15642704,-0.040380456,-0.023003737,-0.0018545807,0.0,0.0,-0.13706692,-0.32066846,0.0020655552,-0.005869464,0.0,-0.0017187139,3.3630393e-05,-0.021580344,-0.051047467,-0.000169137,0.0053630853,0.0003826445,-0.0007186803,0.0017612072,0.0,-0.15452185,0.0003384709,-0.0002896314,-0.0008451531,-0.052954145,-0.0035538897
3410,-0.0006135241,0.0,-0.00043736555,-0.0048922235,0.0011349958,-0.0024328914,0.005903837,-0.004943043,0.021579778,-0.00094848796,0.0001492801,-0.00011040977,0.0,0.0,0.0,-0.0029003767,0.005672957,-0.00010618098,0.0,0.00077767106,0.0027645868,0.00024205932,0.0010361107,-0.18669999,0.013223625,-0.0016298512,-0.0007841112,-0.0012661478,-0.0067092148,0.00068117527,0.00032060992,-0.002094862,0.0025634265,-0.036606807,-0.0056440495,0.00063123147,-0.15614992,-0.040520366,-0.023152402,-0.0018545807,0.0,0.0,-0.13706692,-0.32102963,0.0020655552,-0.005869464,0.0,-0.0017187139,3.3630393e-05,-0.021231433,-0.051047467,-0.000169137,0.0053630853,0.0003826445,0.0025693276,0.0017612072,0.0,-0.15452185,0.0003384709,-0.0002896314,-0.0008451531,-0.054468222,-0.0035538897
3411,-0.0006135241,0.0,-0.00043736555,-0.0048922235,0.0011349958,-0.0024328914,0.0056929938,-0.004943043,0.0105610015,-0.00094848796,0.0001492801,-0.00011040977,0.0,0.0,0.0,-0.0029003767,0.0029231743,-0.00010618098,0.0,0.00077767106,0.0027645868,-7.3305036e-06,0.0010361107,-0.18809524,0.012023058,-0.0016298512,-0.0007841112,-0.0012661478,-0.0067092148,0.00068117527,0.00032060992,-0.0023617852,0.0025634265,-0.036606807,-0.004128857,0.00063123147,-0.15667541,-0.040956765,-0.023152402,-0.00095420436,0.0,0.0,-0.135615,-0.32084814,0.0020655552,-0.005869464,0.0,-0.0017187139,3.3630393e-05,-0.02059568,-0.037068263,-0.000169137,0.0053630853,0.0003826445,0.0025693276,0.0017612072,0.0,-0.15551841,0.0003384709,-0.0002896314,-0.0021424298,-0.054468222,-0.0018705805
3412,-0.0006135241,0.0,-0.00043736555,-0.0048922235,0.0011349958,-0.0024328914,0.005903837,-7.015175e-05,0.021579778,-0.00094848796,0.0001492801,-0.00011040977,0.0,0.0,0.0,5.8168927e-05,0.005672957,-0.00010618098,0.0,0.00077767106,0.0027645868,-7.3305036e-06,-0.00012462793,-0.1879492,0.012023058,-0.0010697764,-0.0007841112,-0.0012661478,-0.0067092148,0.00068117527,0.00032060992,0.00016566459,0.0025634265,-0.03708441,-0.0056440495,-0.0006745928,-0.15608755,-0.040565982,-0.023003737,-0.0018545807,0.0,0.0,-0.1375358,-0.3278744,0.0020655552,-0.005869464,0.0,-0.0017187139,3.3630393e-05,-0.02145565,-0.049909573,-0.000169137,0.0053630853,0.0003826445,0.0025693276,0.0017612072,0.0,-0.15452185,0.0003384709,-0.0002896314,-0.0008451531,-0.05324245,-0.0035538897
3413,-0.0006135241,0.0,-0.00043736555,-0.0048922235,0.0011349958,-0.0024328914,0.011330944,-0.0051013334,0.021579778,-0.00094848796,0.0001492801,-0.00011040977,0.0,0.0,0.0,-0.0029003767,0.005672957,-0.00010618098,0.0,0.00077767106,0.0027645868,0.00024205932,-0.00012462793,-0.18320696,0.013223625,-0.0010697764,-0.0007841112,-0.0012661478,-0.0067092148,0.00068117527,0.00032060992,0.00016566459,0.0025634265,-0.042359527,-0.0056440495,0.00063123147,-0.15445593,-0.040380456,-0.023003737,-0.0018545807,0.0,0.0,-0.13435645,-0.31794673,0.0020655552,-0.005869464,0.0,-0.0017187139,3.3630393e-05,-0.021719193,-0.05208319,-0.000169137,0.0053630853,0.0003826445,0.0025693276,0.0017612072,0.0,-0.15494095,0.0003384709,-0.0002896314,0.023437351,-0.051993508,-0.0035538897
3414,-0.0006135241,0.0,-0.00043736555,0.0013879723,0.0011349958,-0.0024328914,0.005903837,-0.004943043,0.021579778,-0.00094848796,0.0001492801,-0.00011040977,0.0,0.0,0.0,-0.0029003767,0.005672957,-0.00010618098,0.0,0.00077767106,0.0027645868,0.00024205932,-0.00012462793,-0.1879492,0.012023058,-0.0010697764,-0.0007841112,-0.0012661478,-0.0067092148,0.00068117527,0.00032060992,0.00016566459,0.0025634265,-0.03708441,-0.0056440495,-0.0006745928,-0.16057849,-0.040565982,-0.023003737,-0.0018545807,0.0,0.0,-0.13934653,-0.32063654,0.0020655552,-0.005869464,0.0,-0.0017187139,3.3630393e-05,-0.018796133,-0.049909573,-0.000169137,0.0053630853,0.0003826445,0.0025693276,0.0017612072,0.0,-0.15551841,0.0003384709,-0.0002896314,-0.0021424298,-0.05324245,-0.0035538897
3415,-0.0006135241,0.0,-0.00043736555,-0.0048922235,0.0011349958,-0.0024328914,-0.02210845,-0.0052281036,0.021387346,-0.00094848796,0.0001492801,-0.00011040977,0.0,0.0,0.0,-0.0029003767,0.0055953404,-0.00010618098,0.0,0.00077767106,0.0027645868,0.00024205932,-0.00012462793,-0.19071725,0.012023058,-0.0016298512,-0.0007841112,-0.0012661478,-0.0067092148,0.00068117527,-0.010888858,1.1894521e-05,0.0025634265,-0.03519686,-0.0056440495,0.00063123147,-0.14603306,-0.038122628,-0.021661349,-0.0018545807,0.0,0.0,-0.12650046,-0.31446138,0.0020655552,-0.005869464,0.0,-0.0017187139,3.3630393e-05,-0.016619878,-0.049909573,-0.000169137,0.0053630853,0.0003826445,0.002696652,0.0017612072,0.0,-0.15005682,0.0003384709,-0.0002896314,-0.0021424298,-0.053249575,-0.002318735
3416,-0.0006135241,0.0,-0.00043736555,-0.0048922235,0.0011349958,-0.0024328914,0.005903837,-0.0051013334,0.021579778,-0.00094848796,0.0001492801,-0.00011040977,0.0,0.0,0.0,-0.0029003767,0.005672957,-0.00010618098,0.0,0.00077767106,0.0027645868,0.00024205932,-0.00012462793,-0.1879492,0.012975426,-0.0010697764,-0.0007841112,-0.0012661478,-0.0067092148,0.00068117527,0.00032060992,0.00016566459,0.0025634265,-0.036897417,-0.0056440495,0.00063123147,-0.15611626,-0.040380456,-0.023003737,-0.0018545807,0.0,0.0,-0.13706692,-0.32032967,0.0020655552,-0.005869464,0.0,-0.0017187139,3.3630393e-05,-0.021580344,-0.051047467,-0.000169137,0.0053630853,0.0003826445,0.002696652,0.0017612072,0.0,-0.15452185,0.0003384709,-0.0002896314,-0.0008451531,-0.054982476,-0.0035538897
3417,-0.0006135241,0.0,-0.00043736555,-0.0048922235,0.0011349958,-0.0024328914,0.0056929938,-0.0051013334,0.021579778,-0.00094848796,0.0001492801,-0.00011040977,0.0,0.0,0.0,-0.0029003767,0.005672957,-0.00010618098,0.0,0.00077767106,0.0027645868,0.00024205932,-0.00012462793,-0.1879492,0.012023058,-0.0016298512,-0.0007841112,-0.0012661478,-0.0067092148,0.00068117527,-0.010888858,0.00016566459,0.0025634265,-0.036419813,-0.0056440495,0.00063123147,-0.15361434,-0.03930604,-0.021661349,-0.0018545807,0.0,0.0,-0.13481572,-0.31925955,0.0020655552,-0.005869464,0.0,-0.0017187139,3.3630393e-05,-0.01639331,-0.049909573,-0.000169137,0.0053630853,0.0003826445,0.002696652,0.0017612072,0.0,-0.15551841,0.0003384709,-0.0002896314,-0.0021424298,-0.05479841,-0.0035538897
3418,-0.0006135241,0.0,-0.00043736555,-0.0048922235,0.0011349958,-0.0024328914,0.011330944,-0.0051013334,0.021579778,-0.00094848796,0.0001492801,-0.00011040977,0.0,0.0,0.0,-0.0029003767,0.005672957,-0.00010618098,0.0,0.00077767106,0.0027645868,0.00024205932,-0.00012462793,-0.18771537,0.013223625,-0.0010697764,-0.0007841112,-0.0012661478,-0.0067092148,0.00068117527,0.00032060992,0.00016566459,0.0025634265,-0.042359527,-0.0056440495,0.00063123147,-0.15611626,-0.040380456,-0.023003737,-0.0018545807,0.0,0.0,-0.1366503,-0.31989604,0.0020655552,-0.005869464,0.0,-0.0017187139,3.3630393e-05,-0.02184187,-0.05208319,-0.000169137,0.0053630853,0.0003826445,0.002696652,0.0017612072,0.0,-0.15452185,0.0003384709,-0.0002896314,-0.0008451531,-0.054982476,-0.0035538897
3419,-0.0006135241,0.0,-0.00043736555,-0.008545348,0.0011349958,-0.0024328914,0.005903837,-0.0051013334,0.021579778,-0.00094848796,0.0001492801,-0.00011040977,0.0,0.0,0.0,-0.0029003767,0.005672957,-0.00010618098,0.0,0.00077767106,0.0027645868,0.00024205932,-0.00012462793,-0.1879492,0.012975426,-0.0010697764,-0.0007841112,-0.0012661478,-0.0067092148,0.00068117527,-0.0010217775,0.00016566459,0.0025634265,-0.036897417,-0.0056440495,0.00063123147,-0.15611626,-0.040380456,-0.021661349,-0.0018545807,0.0,0.0,-0.13477306,-0.31523037,0.0020655552,-0.005869464,0.0,-0.0017187139,3.3630393e-05,-0.02302646,-0.051047467,-0.000169137,0.0053630853,0.0003826445,0.002696652,0.0017612072,0.0,-0.15551841,0.0003384709,-0.0002896314,-0.0021424298,-0.054982476,-0.0035538897
3420,-0.0006135241,0.0,-0.00043736555,0.0013879723,0.0011349958,-0.0024328914,0.0056929938,-0.0051013334,0.021579778,-0.00094848796,0.0001492801,-0.00011040977,0.0,0.0,0.0,-0.0029003767,0.005672957,-0.00010618098,0.0,0.00077767106,0.0027645868,0.00024205932,-0.00012462793,-0.18344077,0.012023058,-0.0010697764,-0.0007841112,-0.0012661478,-0.0067092148,0.00068117527,-0.010888858,0.00016566459,0.0025634265,-0.036897417,-0.0056440495,0.00063123147,-0.15644498,-0.03930604,-0.021661349,-0.0018545807,0.0,0.0,-0.13938919,-0.31720865,0.0020655552,-0.005869464,0.0,-0.0017187139,3.3630393e-05,-0.013486414,-0.049909573,-0.000169137,0.0053630853,0.0003826445,0.0025693276,0.0017612072,0.0,-0.15494095,0.0003384709,-0.0002896314,0.023437351,-0.051993508,-0.0035538897
3421,-0.0006135241,0.0,-0.00043736555,-0.0048922235,0.0011349958,-0.0024328914,-0.02210845,-0.005386394,0.0047270725,-0.00094848796,0.0001492801,-0.00011040977,0.0,0.0,0.0,-0.0029003767,0.002055861,-0.00010618098,0.0,0.00077767106,0.0027645868,-7.3305036e-06,-0.00012462793,-0.19116955,0.012023058,-0.0016298512,-0.0007841112,-0.0012661478,-0.0067092148,0.00068117527,0.00032060992,0.00016566459,0.0025634265,-0.035009865,-0.003176902,-0.0006745928,-0.14946789,-0.03963344,-0.023003737,-0.00095420436,0.0,0.0,-0.12995999,-0.3163365,0.0020655552,-0.0048646173,0.0,-0.0017187139,3.3630393e-05,-0.020378824,-0.03349544,-0.000169137,0.0053630853,0.0003826445,0.0025693276,0.0017612072,0.0,-0.14906026,0.0003384709,-0.0002896314,-0.0008451531,-0.051688902,-0.0006354258
3422,-0.0006135241,0.0,-0.00043736555,-0.0048922235,0.0011349958,-0.0024328914,0.011330944,-0.0051013334,0.021579778,-0.00094848796,0.0001492801,-0.00011040977,0.0,0.0,0.0,-0.0029003767,0.005672957,-0.00010618098,0.0,0.00077767106,0.0027645868,0.00024205932,-0.00012462793,-0.18771537,0.013223625,-0.0010697764,-0.0007841112,-0.0012661478,-0.0067092148,0.00068117527,0.00032060992,0.00016566459,0.0025634265,-0.042359527,-0.0056440495,0.00063123147,-0.15611626,-0.040380456,-0.023003737,-0.0018545807,0.0,0.0,-0.13435645,-0.31991953,0.0020655552,-0.005869464,0.0,-0.0017187139,3.3630393e-05,-0.02184187,-0.05208319,-0.000169137,0.0053630853,0.0003826445,0.0025693276,0.0017612072,0.0,-0.15551841,0.0003384709,-0.0002896314,-0.0021424298,-0.054831643,-0.0035538897
3423,-0.0006135241,0.0,-0.00043736555,-0.008545348,0.0011349958,-0.0024328914,0.005903837,-0.0051013334,0.021579778,-0.00094848796,0.0001492801,-0.00011040977,0.0,0.0,0.0,-0.0029003767,0.005672957,-0.00010618098,0.0,0.00077767106,0.0027645868,0.00024205932,-0.00012462793,-0.1879492,0.012975426,-0.0010697764,-0.0007841112,-0.0012661478,-0.0067092148,0.00068117527,0.00032060992,0.00016566459,0.0025634265,-0.036897417,-0.0056440495,0.00063123147,-0.15611626,-0.040380456,-0.023003737,-0.0018545807,0.0,0.0,-0.13706692,-0.3152539,0.0020655552,-0.005869464,0.0,-0.0017187139,3.3630393e-05,-0.02302646,-0.051047467,-0.000169137,0.0053630853,0.0003826445,0.0025693276,0.0017612072,0.0,-0.15452185,0.0003384709,-0.0002896314,-0.0008451531,-0.054831643,-0.0035538897
3424,-0.0006135241,0.0,-0.00043736555,-0.0048922235,0.0011349958,0.020436857,0.005903837,-0.0051013334,0.021579778,-0.00094848796,0.0001492801,-0.00011040977,0.0,0.0,0.0,-0.0029003767,0.005672957,-0.00010618098,0.0,0.00077767106,0.0027645868,0.00012323525,-0.00012462793,-0.1879492,0.012975426,-0.0010697764,-0.0007841112,-0.0012661478,-0.0067092148,0.00068117527,0.00032060992,0.00016566459,0.0025634265,-0.035430994,-0.0056440495,0.0007401777,-0.15611626,-0.040380456,-0.023003737,-0.0018545807,0.0,0.0,-0.13706692,-0.31819344,0.0020655552,-0.005869464,0.0,-0.0017187139,3.3630393e-05,-0.02145565,-0.050202712,-0.000169137,0.0053630853,0.0003826445,0.0025693276,0.0017612072,0.0,-0.15452185,0.0003384709,-0.0002896314,-0.0008451531,-0.049512196,-0.0035538897
3425,-0.0006135241,0.0,-0.00043736555,-0.0048922235,0.0011349958,-0.0024328914,0.005903837,-0.0051013334,0.021579778,-0.00094848796,0.0001492801,-0.00011040977,0.0,0.0,0.0,-0.0029003767,0.005672957,-0.00010618098,0.0,0.00077767106,0.0027645868,-7.3305036e-06,-0.00012462793,-0.1879492,0.012975426,-0.0010697764,-0.0007841112,-0.0012661478,-0.0058186366,0.00068117527,0.00032060992,0.00016566459,0.0025634265,-0.036897417,-0.0056440495,0.00063123147,-0.15611626,-0.040380456,-0.023003737,-0.0018545807,0.0,0.0,-0.13477306,-0.3218022,0.0020655552,-0.005869464,0.0,-0.0017187139,3.3630393e-05,-0.02145565,-0.051047467,-0.000169137,0.0053630853,0.0003826445,0.002696652,0.0017612072,0.0,-0.15481178,0.0003384709,-0.0002896314,-0.0021424298,-0.054982476,-0.0035538897
3426,-0.0006135241,0.0,-0.00043736555,-0.0048922235,0.0011349958,-0.0024328914,0.0056929938,-0.0051013334,0.021579778,-0.00094848796,0.0001492801,-0.00011040977,0.0,0.0,0.0,-0.0029003767,0.005672957,-0.00010618098,0.0,0.00077767106,0.0027645868,-7.3305036e-06,-0.00012462793,-0.1879492,0.012023058,-0.0010697764,-0.0007841112,-0.0012661478,-0.0058186366,0.00068117527,0.00032060992,0.00016566459,0.0025634265,-0.036897417,-0.0056440495,0.00063123147,-0.15611626,-0.040565982,-0.021330269,-0.0018545807,0.0,0.0,-0.12405116,-0.3218022,0.0020655552,-0.005869464,0.0,-0.0017187139,3.3630393e-05,-0.021202153,-0.04942529,-0.000169137,0.0053630853,0.0021184068,0.002696652,0.0017612072,0.0,-0.15481178,0.0003384709,-0.0002896314,-0.0021424298,-0.054982476,-0.0035538897
3427,-0.0006135241,0.0,-0.00043736555,-0.0048922235,0.0011349958,-0.0024328914,0.005903837,-0.0051013334,0.021579778,-0.00094848796,0.0001492801,-0.00011040977,0.0,0.0,0.0,-0.0029003767,0.005672957,-0.00010618098,0.0,0.00077767106,0.0027645868,0.00012323525,-0.00012462793,-0.1879492,0.012975426,-0.0010697764,-0.0007841112,-0.0012661478,-0.0058186366,0.00068117527,0.00012323141,0.00016566459,0.0025634265,-0.03705213,-0.0056440495,0.0007401777,-0.15606575,-0.040380456,-0.023003737,-0.0018545807,0.0,0.0,-0.13477306,-0.32170838,0.0020655552,-0.005869464,0.0,-0.0017187139,3.3630393e-05,-0.021356959,-0.051047467,-0.000169137,0.0053630853,0.0003826445,0.002696652,0.0017612072,0.0,-0.15481178,0.0003384709,-0.0002896314,-0.0021424298,-0.05511289,-0.0035538897
3428,-0.0006135241,0.0,-0.00043736555,-0.0048922235,0.0011349958,-0.0024328914,0.005297659,-0.0051013334,0.0049195047,-0.00094848796,0.0001492801,-0.00011040977,0.0,0.0,0.0,-0.0029003767,0.0021334775,-0.00010618098,0.0,0.00077767106,0.0027645868,0.00024205932,-0.00012462793,-0.19116955,0.012023058,-0.0016298512,-0.0007841112,-0.0012661478,-0.0058186366,0.00068117527,-0.0010217775,1.1894521e-05,0.0025634265,-0.036419813,-0.003176902,0.00063123147,-0.15702048,-0.040816855,-0.021661349,-0.00095420436,0.0,0.0,-0.1359814,-0.32260087,0.0020655552,-0.0048646173,0.0,-0.0017187139,3.3630393e-05,-0.02027695,-0.03349544,-0.000169137,0.0053630853,0.0003826445,0.002696652,0.0017612072,0.0,-0.15301788,0.0003384709,-0.0002896314,-0.0021424298,-0.053249575,-0.0018705805
3429,-0.0006135241,0.0,-0.00043736555,-0.008545348,0.0011349958,-0.0024328914,0.005903837,-0.0051013334,0.021579778,-0.00094848796,0.0001492801,-0.00011040977,0.0,0.0,0.0,-0.0029003767,0.005672957,-0.00010618098,0.0,0.00077767106,0.0027645868,0.00024205932,-0.00012462793,-0.1879492,0.012975426,-0.0010697764,-0.0007841112,-0.0012661478,-0.0058186366,0.00068117527,0.00032060992,0.00016566459,0.0025634265,-0.036897417,-0.0056440495,0.00063123147,-0.15611626,-0.040380456,-0.023003737,-0.0018545807,0.0,0.0,-0.13706692,-0.3168276,0.0020655552,-0.005869464,0.0,-0.0017187139,3.3630393e-05,-0.02302646,-0.051047467,-0.000169137,0.0053630853,0.0003826445,0.002696652,0.0017612072,0.0,-0.15381522,0.0003384709,-0.0002896314,-0.0008451531,-0.054982476,-0.0035538897
3430,-0.0006135241,0.0,-0.00043736555,-0.0048922235,0.0011349958,-0.0024328914,0.005903837,-7.015175e-05,0.021579778,-0.00094848796,0.0001492801,-0.00011040977,0.0,0.0,0.0,5.8168927e-05,0.005672957,-0.00010618098,0.0,0.00077767106,0.0027645868,0.00024205932,-0.00012462793,-0.18344077,0.012975426,-0.0010697764,-0.0007841112,-0.0012661478,-0.0067092148,0.00068117527,-0.0010217775,0.00016566459,0.0025634265,-0.03708441,-0.0056440495,-0.0006745928,-0.15442722,-0.040380456,-0.021661349,-0.0018545807,0.0,0.0,-0.13524194,-0.3260263,0.0020655552,-0.005869464,0.0,-0.0017187139,3.3630393e-05,-0.021457667,-0.051047467,-0.000169137,0.0053630853,0.0003826445,0.0025693276,0.0017612072,0.0,-0.15494095,0.0003384709,-0.0002896314,0.023437351,-0.05040431,-0.0035538897
3431,-0.0006135241,0.0,-0.00043736555,-0.0048922235,0.0011349958,-0.0024328914,0.011330944,-0.004943043,0.021579778,-0.00094848796,0.0001492801,-0.00011040977,0.0,0.0,0.0,-0.0029003767,0.005672957,-0.00010618098,0.0,0.00077767106,0.0027645868,-7.3305036e-06,-0.00012462793,-0.18771537,0.013223625,-0.0010697764,-0.0007841112,-0.0012661478,-0.0067092148,0.00068117527,0.00012323141,0.00016566459,0.0025634265,-0.042546522,-0.0056440495,0.0007401777,-0.15603703,-0.040380456,-0.023003737,-0.0018545807,0.0,0.0,-0.1366503,-0.31972516,0.0020655552,-0.005869464,0.0,-0.0017187139,3.3630393e-05,-0.021618485,-0.05208319,-0.000169137,0.0053630853,0.0003826445,0.0025693276,0.0017612072,0.0,-0.15452185,0.0003384709,-0.0002896314,-0.0008451531,-0.05496206,-0.0035538897
3432,-0.0006135241,0.0,-0.00043736555,-0.008545348,0.0011349958,-0.0024328914,0.005903837,-0.004943043,0.02072544,-0.00094848796,0.0001492801,-0.00011040977,0.0,0.0,0.0,-0.0029003767,0.005672957,-0.00010618098,0.0,0.00077767106,0.0027645868,0.00024205932,0.0010361107,-0.18692586,0.013223625,-0.0016298512,-0.0007841112,-0.0012661478,-0.0067092148,0.00068117527,0.00012323141,-0.002094862,0.0025634265,-0.036606807,-0.0056440495,0.00063123147,-0.15609941,-0.040520366,-0.023152402,-0.0018545807,0.0,0.0,-0.13477306,-0.31588224,0.0020655552,-0.005869464,0.0,-0.0017187139,3.3630393e-05,-0.02257886,-0.04996725,-0.000169137,0.0053630853,0.0003826445,0.0025693276,0.0017612072,0.0,-0.15551841,0.0003384709,-0.0002896314,-0.0021424298,-0.054468222,-0.0035538897
3433,-0.0006135241,0.0,-0.00043736555,-0.0048922235,0.0011349958,-0.0024328914,0.005903837,-0.004943043,0.021579778,-0.00094848796,0.0001492801,-0.00011040977,0.0,0.0,0.0,-0.0029003767,0.005672957,-0.00010618098,0.0,0.00077767106,0.0027645868,0.00024205932,0.0010361107,-0.18669999,0.013223625,-0.0016298512,-0.0007841112,-0.0012661478,-0.0067092148,0.00068117527,0.00032060992,-0.002094862,0.0025634265,-0.036606807,-0.0056440495,0.00063123147,-0.15614992,-0.040520366,-0.023152402,-0.0018545807,0.0,0.0,-0.13706692,-0.32102963,0.0020655552,-0.005869464,0.0,-0.0017187139,3.3630393e-05,-0.021231433,-0.051047467,-0.000169137,0.0053630853,0.0003826445,0.0025693276,0.0017612072,0.0,-0.15452185,0.0003384709,-0.0002896314,-0.0008451531,-0.054468222,-0.0035538897
3434,-0.0006135241,0.0,-0.00043736555,-0.008545348,0.0011349958,-0.0024328914,0.005903837,-0.004943043,0.021579778,-0.00094848796,0.0001492801,-0.00011040977,0.0,0.0,0.0,-0.0029003767,0.005672957,-0.00010618098,0.0,0.00077767106,0.0027645868,-7.3305036e-06,-0.00012462793,-0.18344077,0.012975426,-0.0010697764,-0.0007841112,-0.0012661478,-0.0067092148,0.00068117527,0.00032060992,0.00016566459,0.0025634265,-0.03708441,-0.0056440495,-0.0006745928,-0.15442722,-0.040380456,-0.023003737,-0.0018545807,0.0,0.0,-0.13477306,-0.31343976,0.0020655552,-0.005869464,0.0,-0.0017187139,3.3630393e-05,-0.022779088,-0.051047467,-0.000169137,0.0053630853,0.0003826445,0.0025693276,0.0017612072,0.0,-0.15494095,0.0003384709,-0.0002896314,0.023437351,-0.05040431,-0.0035538897
3435,-0.0006135241,0.0,-0.00043736555,-0.0048922235,0.0011349958,-0.0024328914,0.005903837,-0.0051013334,0.021579778,-0.00094848796,0.0001492801,-0.00011040977,0.0,0.0,0.0,-0.0029003767,0.005672957,-0.00010618098,0.0,0.00077767106,0.0027645868,-7.3305036e-06,-0.00012462793,-0.18344077,0.012975426,-0.0016298512,-0.0007841112,-0.0012661478,-0.0067092148,0.00068117527,0.00032060992,0.00016566459,0.0025634265,-0.036419813,-0.0056440495,-0.0006745928,-0.15445593,-0.040380456,-0.023003737,-0.0018545807,0.0,0.0,-0.13477306,-0.3186171,0.0020655552,-0.005869464,0.0,-0.0017187139,3.3630393e-05,-0.021332972,-0.051047467,-0.000169137,0.0053630853,0.0003826445,0.002696652,0.0017612072,0.0,-0.15494095,0.0003384709,-0.0002896314,0.023437351,-0.050371077,-0.0035538897
3436,-0.0006135241,0.0,-0.00043736555,-0.0048922235,0.0011349958,-0.0024328914,0.005903837,-7.015175e-05,0.021579778,-0.00094848796,0.0001492801,-0.00011040977,0.0,0.0,0.0,5.8168927e-05,0.005672957,-0.00010618098,0.0,0.00077767106,0.0027645868,0.00024205932,-0.00012462793,-0.18344077,0.012975426,-0.0010697764,-0.0007841112,-0.0012661478,-0.0067092148,0.00068117527,0.00032060992,0.00016566459,0.0025634265,-0.03708441,-0.0056440495,-0.0006745928,-0.15442722,-0.040380456,-0.023003737,-0.0018545807,0.0,0.0,-0.13524194,-0.3260028,0.0020655552,-0.005869464,0.0,-0.0017187139,3.3630393e-05,-0.021457667,-0.051047467,-0.000169137,0.0053630853,0.0003826445,0.002696652,0.0017612072,0.0,-0.15494095,0.0003384709,-0.0002896314,0.023437351,-0.05055514,-0.0035538897
3437,-0.0006135241,0.0,-0.00043736555,-0.0048922235,0.0011349958,-0.0024328914,0.005903837,-7.015175e-05,0.021579778,-0.00094848796,0.0001492801,-0.00011040977,0.0,0.0,0.0,5.8168927e-05,0.005672957,-0.00010618098,0.0,0.00077767106,0.0027645868,0.00024205932,-0.00012462793,-0.1879492,0.012975426,-0.0010697764,-0.0007841112,-0.0012661478,-0.0067092148,0.00068117527,-0.010888858,0.00016566459,0.0025634265,-0.03708441,-0.0056440495,0.00063123147,-0.15358564,-0.039120514,-0.021661349,-0.0018545807,0.0,0.0,-0.13524194,-0.3265205,0.0020655552,-0.005869464,0.0,-0.0017187139,3.3630393e-05,-0.016646806,-0.051047467,-0.000169137,0.0053630853,0.0003826445,0.002696652,0.0017612072,0.0,-0.15551841,0.0003384709,-0.0002896314,-0.0021424298,-0.054982476,-0.0035538897
3438,-0.013436284,0.0,-0.00043736555,-0.008545348,0.0011349958,-0.0024328914,0.005903837,-0.004943043,0.021284617,-0.00094848796,0.0001492801,-0.00011040977,0.0,0.0,0.0,-0.0029003767,0.005672957,-0.00010618098,0.0,0.00077767106,0.0027645868,0.00012323525,0.0010361107,-0.18198177,0.012975426,-0.0016298512,-0.0007841112,-0.0012661478,-0.0067092148,0.00068117527,0.00012323141,-0.0023617852,0.0025634265,-0.03676152,-0.0056440495,0.00063123147,-0.15496323,-0.040520366,-0.023152402,-0.0018545807,0.0,0.0,-0.13304885,-0.3049632,0.0020655552,-0.005869464,0.0,-0.0017187139,3.3630393e-05,-0.022480598,-0.051047467,-0.000169137,0.0053630853,0.0003826445,0.002696652,0.0017612072,0.0,-0.1527229,0.0003384709,-0.0002896314,-0.0021424298,-0.053347934,-0.0035538897
3439,-0.0006135241,0.0,-0.00043736555,-0.008545348,0.0011349958,-0.0024328914,0.0056929938,-7.015175e-05,0.013234023,-0.00094848796,0.0001492801,-0.00011040977,0.0,0.0,0.0,5.8168927e-05,0.0029231743,-0.00010618098,0.0,0.00077767106,0.0027645868,-7.3305036e-06,0.0010361107,-0.18809524,0.012975426,-0.0016298512,-0.0007841112,-0.0012661478,-0.0067092148,0.00068117527,0.00032060992,-0.002094862,0.0025634265,-0.036606807,-0.0056440495,0.00063123147,-0.15614992,-0.04077124,-0.023152402,-0.00095420436,0.0,0.0,-0.13608389,-0.32322136,0.0020655552,-0.005869464,0.0,-0.0017187139,3.3630393e-05,-0.02217526,-0.038206156,-0.000169137,0.0053630853,0.0003826445,0.002696652,0.0017612072,0.0,-0.15551841,0.0003384709,-0.0002896314,-0.0021424298,-0.054619055,-0.0035538897
3440,-0.0006135241,0.0,-0.00043736555,-0.0048922235,0.0011349958,-0.0024328914,0.005903837,-0.0051013334,0.0049195047,-0.00094848796,0.0001492801,-0.00011040977,0.0,0.0,0.0,-0.0029003767,0.0021334775,-0.00010618098,0.0,0.00077767106,0.0027645868,0.00012323525,0.0010361107,-0.18715228,0.012975426,-0.0016298512,-0.0007841112,-0.0012661478,-0.0067092148,0.00068117527,0.00012323141,-0.002094862,0.0025634265,-0.036574524,-0.003176902,0.00063123147,-0.15703236,-0.04077124,-0.023152402,-0.00095420436,0.0,0.0,-0.13823259,-0.32125536,0.0020655552,-0.0048646173,0.0,-0.0017187139,3.3630393e-05,-0.019834053,-0.03463333,-0.000169137,0.0053630853,0.0003826445,0.0025693276,0.0017612072,0.0,-0.15452185,0.0003384709,-0.0002896314,-0.0008451531,-0.054468222,-0.0018705805
3441,-0.0006135241,0.0,-0.00043736555,0.0013879723,0.0011349958,-0.0024328914,0.0056929938,-7.015175e-05,0.0049195047,-0.00094848796,0.0001492801,-0.00011040977,0.0,0.0,0.0,5.8168927e-05,0.0021334775,-0.00010618098,0.0,0.00077767106,0.0027645868,-7.3305036e-06,0.0010361107,-0.18715228,0.012023058,-0.0016298512,-0.0007841112,-0.0012661478,-0.0067092148,0.00068117527,0.00032060992,-0.002094862,0.0025634265,-0.036606807,-0.003176902,0.00063123147,-0.1615451,-0.040956765,-0.023152402,-0.00095420436,0.0,0.0,-0.14102374,-0.32869026,0.0020655552,-0.0048646173,0.0,-0.0017187139,3.3630393e-05,-0.016895033,-0.03349544,-0.000169137,0.0053630853,0.0003826445,0.0025693276,0.0017612072,0.0,-0.15551841,0.0003384709,-0.0002896314,-0.0021424298,-0.054468222,-0.0018705805
3442,-0.0006135241,0.0,-0.00043736555,0.0013879723,0.0011349958,-0.0024328914,0.005903837,-0.004943043,0.021579778,-0.00094848796,0.0001492801,-0.00011040977,0.0,0.0,0.0,-0.0029003767,0.005672957,-0.00010618098,0.0,0.00077767106,0.0027645868,-7.3305036e-06,-0.00012462793,-0.1879492,0.012975426,-0.0016298512,-0.0007841112,-0.0012661478,-0.0067092148,-0.001499688,0.00032060992,0.00016566459,0.0025634265,-0.036606807,-0.0056440495,0.00063123147,-0.16057849,-0.037969615,-0.023003737,-0.0018545807,0.0,0.0,-0.13934653,-0.32056,0.0020655552,-0.005869464,0.0,-0.0017187139,3.3630393e-05,-0.018671438,-0.051047467,-0.000169137,0.0053630853,0.0003826445,0.0025693276,0.0017612072,0.0,-0.15551841,0.0003384709,-0.0002896314,-0.0021424298,-0.05464758,-0.0035538897
3443,-0.0006135241,0.0,-0.00043736555,0.0013879723,0.0011349958,-0.0024328914,0.005903837,-7.015175e-05,0.021579778,-0.00094848796,0.0001492801,-0.00011040977,0.0,0.0,0.0,5.8168927e-05,0.005672957,-0.00010618098,0.0,0.00077767106,0.0027645868,0.00012323525,-0.00012462793,-0.1879492,0.012975426,-0.0010697764,-0.0007841112,-0.0012661478,-0.0067092148,0.00068117527,0.00012323141,0.00016566459,0.0025634265,-0.037239123,-0.0056440495,-0.0006745928,-0.16052799,-0.040380456,-0.023003737,-0.0018545807,0.0,0.0,-0.14210926,-0.32780203,0.0020655552,-0.005869464,0.0,-0.0017187139,3.3630393e-05,-0.018572748,-0.051047467,-0.000169137,0.0053630853,0.0003826445,0.0025693276,0.0017612072,0.0,-0.15452185,0.0003384709,-0.0002896314,-0.0008451531,-0.05324245,-0.0035538897
3444,-0.0006135241,0.0,-0.00043736555,0.0013879723,0.0011349958,-0.0024328914,0.005903837,-0.004943043,0.021579778,-0.00094848796,0.0001492801,-0.00011040977,0.0,0.0,0.0,-0.0029003767,0.005672957,-0.00010618098,0.0,0.00077767106,0.0027645868,0.00024205932,-0.00012462793,-0.1879492,0.012975426,-0.0010697764,-0.0007841112,-0.0012661478,-0.0067092148,0.00068117527,-0.0010217775,0.00016566459,0.0025634265,-0.03708441,-0.0056440495,0.00063123147,-0.16057849,-0.040380456,-0.021661349,-0.0018545807,0.0,0.0,-0.13934653,-0.32035315,0.0020655552,-0.005869464,0.0,-0.0017187139,3.3630393e-05,-0.018796133,-0.051047467,-0.000169137,0.0053630853,0.0003826445,0.0025693276,0.0017612072,0.0,-0.15551841,0.0003384709,-0.0002896314,-0.0021424298,-0.054831643,-0.0035538897
3445,-0.0006135241,0.0,-0.00043736555,-0.0048922235,0.0011349958,-0.0024328914,0.005903837,-0.004943043,0.013234023,-0.00094848796,0.0001492801,-0.00011040977,0.0,0.0,0.0,-0.0029003767,0.005672957,-0.00010618098,0.0,0.00077767106,0.0027645868,-7.3305036e-06,0.0010361107,-0.18809524,0.012975426,-0.0016298512,-0.0007841112,-0.0012661478,-0.0067092148,0.00068117527,0.00012323141,-0.002094862,0.0025634265,-0.036606807,-0.0056440495,0.00063123147,-0.15609941,-0.040520366,-0.023152402,-0.00095420436,0.0,0.0,-0.13766424,-0.3207092,0.0020655552,-0.005869464,0.0,-0.0017187139,3.3630393e-05,-0.02088395,-0.041609485,-0.000169137,0.0053630853,0.0003826445,0.002696652,0.0017612072,0.0,-0.15452185,0.0003384709,-0.0002896314,-0.0008451531,-0.054619055,-0.0035538897
3446,-0.0006135241,0.0,-0.00043736555,-0.0048922235,0.0011349958,-0.0024328914,0.005903837,-0.004943043,0.021579778,-0.00094848796,0.0001492801,-0.00011040977,0.0,0.0,0.0,-0.0029003767,0.005672957,-0.00010618098,0.0,0.00077767106,0.0027645868,-7.3305036e-06,-0.00012462793,-0.1879492,0.012975426,-0.0016298512,-0.0007841112,-0.0012661478,-0.0067092148,0.00068117527,0.00032060992,0.00016566459,0.0025634265,-0.036606807,-0.0056440495,-0.0006745928,-0.15608755,-0.040380456,-0.023003737,-0.0018545807,0.0,0.0,-0.13477306,-0.3205899,0.0020655552,-0.005869464,0.0,-0.0017187139,3.3630393e-05,-0.02145565,-0.051047467,-0.000169137,0.0053630853,0.0003826445,0.002696652,0.0017612072,0.0,-0.15551841,0.0003384709,-0.0002896314,-0.0021424298,-0.05320921,-0.0035538897
3447,-0.0006135241,0.0,-0.00043736555,-0.0048922235,0.0011349958,-0.0024328914,0.005903837,-0.004943043,0.021579778,-0.00094848796,0.0001492801,-0.00011040977,0.0,0.0,0.0,-0.0029003767,0.005672957,-0.00010618098,0.0,0.00077767106,0.0027645868,0.00024205932,-0.00012462793,-0.18344077,0.012975426,-0.0016298512,-0.0007841112,-0.0012661478,-0.0067092148,0.00068117527,0.00032060992,0.00016566459,0.0025634265,-0.036606807,-0.0056440495,-0.0006745928,-0.15442722,-0.040380456,-0.023003737,-0.0018545807,0.0,0.0,-0.13477306,-0.3187418,0.0020655552,-0.005869464,0.0,-0.0017187139,3.3630393e-05,-0.021457667,-0.051047467,-0.000169137,0.0053630853,0.0003826445,0.002696652,0.0017612072,0.0,-0.15494095,0.0003384709,-0.0002896314,0.023437351,-0.050371077,-0.0035538897
3448,-0.0006135241,0.0,-0.00043736555,-0.0048922235,0.0011349958,-0.0024328914,0.005903837,-7.015175e-05,0.021579778,-0.00094848796,0.0001492801,-0.00011040977,0.0,0.0,0.0,5.8168927e-05,0.005672957,-0.00010618098,0.0,0.00077767106,0.0027645868,0.00024205932,-0.00012462793,-0.1879492,0.012975426,-0.0016298512,-0.0007841112,-0.0012661478,-0.0067092148,0.00068117527,0.00032060992,0.00016566459,0.0025634265,-0.036606807,-0.0056440495,-0.0006745928,-0.15608755,-0.040380456,-0.023003737,-0.0018545807,0.0,0.0,-0.13524194,-0.32807714,0.0020655552,-0.005869464,0.0,-0.0017187139,3.3630393e-05,-0.021580344,-0.051047467,-0.000169137,0.0053630853,0.0003826445,0.002696652,0.0017612072,0.0,-0.15551841,0.0003384709,-0.0002896314,-0.0021424298,-0.05320921,-0.0035538897
3449,-0.0006135241,0.0,-0.00043736555,0.0013879723,0.0011349958,-0.0024328914,0.005903837,-0.004943043,0.021579778,-0.00094848796,0.0001492801,-0.00011040977,0.0,0.0,0.0,-0.0029003767,0.005672957,-0.00010618098,0.0,0.00077767106,0.0027645868,0.00024205932,-0.00012462793,-0.1879492,0.013223625,-0.0010697764,-0.0007841112,-0.0012661478,-0.0067092148,0.00068117527,0.00032060992,0.00016566459,0.0025634265,-0.03708441,-0.0056440495,-0.0006745928,-0.16057849,-0.040380456,-0.023003737,-0.0018545807,0.0,0.0,-0.13934653,-0.3207371,0.0020655552,-0.005869464,0.0,-0.0017187139,3.3630393e-05,-0.01892023,-0.051047467,-0.000169137,0.0053630853,0.0003826445,0.002696652,0.0017612072,0.0,-0.15551841,0.0003384709,-0.0002896314,-0.0021424298,-0.05339328,-0.0035538897
3450,-0.0006135241,0.0,-0.00043736555,0.0013879723,0.0011349958,-0.0024328914,-0.02210845,-0.005386394,0.0049917162,-0.00094848796,0.0001492801,-0.00011040977,0.0,0.0,0.0,-0.0029003767,0.0026875632,-0.00010618098,0.0,0.00077767106,0.0027645868,-7.3305036e-06,-0.00012462793,-0.17821966,-0.16166602,-0.0010697764,-0.0007841112,-0.0012661478,-0.0058186366,0.00068117527,-0.0010217775,0.00016566459,0.0025634265,-0.03548747,-0.004128857,0.00063123147,-0.115346834,-0.037911914,-0.016079213,-0.00095420436,0.0,0.0,-0.103424974,-0.2581607,0.0020655552,-0.0048646173,0.0,-0.0017187139,3.3630393e-05,-0.021694645,-0.03349544,-0.000169137,0.0053630853,0.0003826445,0.002696652,0.0017612072,0.0,-0.11855023,0.0003384709,-0.0002896314,-0.0021424298,-0.053612996,-0.0006354258
3451,-0.0006135241,0.0,-0.00043736555,0.0013879723,0.0011349958,-0.0024328914,-0.02210845,-0.005386394,0.02080292,-0.00094848796,0.0001492801,0.0011245208,0.0,0.0,0.0,-0.0029003767,0.0054373457,-0.00010618098,0.0,0.00077767106,0.0027645868,0.00012323525,-0.00012462793,-0.17793871,-0.16166602,-0.0016298512,-0.0007841112,-0.0012661478,-0.0058186366,0.00068117527,0.00022424548,0.00016566459,0.0025634265,-0.03516457,-0.0056440495,0.00063123147,-0.1144426,-0.037661042,-0.017421601,-0.0018545807,0.0,0.0,-0.10692805,-0.25764313,0.0020655552,-0.005869464,0.0,-0.0017187139,3.3630393e-05,-0.021646462,-0.049909573,-0.000169137,0.0053630853,0.0003826445,0.002696652,0.0017612072,0.0,-0.1166054,0.0003384709,-0.0002896314,-0.0008451531,-0.05342893,-0.002318735
3452,-0.0006135241,0.0,-0.00043736555,0.0013879723,0.0011349958,-0.0024328914,-0.066045396,-0.005386394,0.0031336723,-0.00094848796,0.0001492801,0.0011245208,0.0,0.0,0.0,-0.0029003767,0.0016549305,-0.00010618098,0.0,0.00077767106,0.0027645868,0.00024205932,-0.00012462793,-0.16817707,-0.16166602,-0.0010697764,-0.0007841112,-0.0012661478,-0.0058186366,0.00068117527,-0.0010217775,0.00016566459,0.0025634265,-0.03548747,-0.003176902,0.00063123147,-0.115346834,-0.031841155,-0.016079213,-0.00095420436,0.0,0.0,-0.09398863,-0.24401836,0.0020655552,-0.0048646173,0.0,-0.0017187139,3.3630393e-05,-0.021243585,-0.03349544,-0.000169137,0.0053630853,0.0003826445,0.002696652,0.0017612072,0.0,-0.11430198,0.0003384709,-0.0002896314,-0.0021424298,-0.053612996,-0.0006354258
3453,-0.0006135241,0.0,-0.00043736555,0.0013879723,0.0011349958,-0.0024328914,0.005297659,-0.0051013334,0.009610156,-0.00094848796,0.0001492801,-0.00011040977,0.0,0.0,0.0,-0.0029003767,0.0029231743,-0.00010618098,0.0,0.00077767106,0.0027645868,0.00024205932,-0.00012462793,-0.1909982,0.012023058,-0.0016298512,-0.0007841112,-0.0012661478,-0.0058186366,0.00068117527,0.00032060992,0.00016566459,0.0025634265,-0.036419813,-0.004128857,0.00063123147,-0.16129614,-0.040816855,-0.023003737,-0.00095420436,0.0,0.0,-0.14018847,-0.32222918,0.0020655552,-0.005869464,0.0,-0.0017187139,3.3630393e-05,-0.018542634,-0.037068263,-0.000169137,0.0053630853,0.0003826445,0.002696652,0.0017612072,0.0,-0.15301788,0.0003384709,-0.0002896314,-0.0021424298,-0.05342893,-0.0018705805
3454,-0.0006135241,0.0,-0.00043736555,0.0013879723,0.0011349958,-0.0024328914,0.0056929938,-0.0051013334,0.0049195047,-0.00094848796,0.0001492801,0.0011245208,0.0,0.0,0.0,-0.0029003767,0.0021334775,-0.00010618098,0.0,0.00077767106,0.0027645868,-7.3305036e-06,-0.00012462793,-0.18840149,0.012023058,-0.0016298512,-0.0007841112,-0.0012661478,-0.0058186366,0.00068117527,-0.0010217775,0.00016566459,0.0025634265,-0.036419813,-0.003176902,0.00063123147,-0.16151144,-0.040816855,-0.021661349,-0.00095420436,0.0,0.0,-0.14273806,-0.32245055,0.0020655552,-0.0048646173,0.0,-0.0017187139,3.3630393e-05,-0.017368043,-0.03349544,-0.000169137,0.0053630853,0.0003826445,0.002696652,0.0017612072,0.0,-0.15386353,0.0003384709,-0.0002896314,-0.0021424298,-0.05479841,-0.0018705805
3455,-0.0006135241,0.0,-0.00043736555,0.0013879723,0.0011349958,0.020436857,0.0056929938,-0.0051013334,0.021579778,-0.00094848796,0.0001492801,0.0011245208,0.0,0.0,0.0,-0.0029003767,0.005672957,-0.00010618098,0.0,0.00077767106,0.0027645868,-0.0047178506,-0.00012462793,-0.1879492,0.012023058,-0.0016298512,-0.0007841112,-0.0012661478,-0.0058186366,0.00068117527,0.00012323141,0.00016566459,0.0025634265,-0.034953382,-0.0056440495,0.00063123147,-0.16055669,-0.040565982,-0.023003737,-0.0018545807,0.0,0.0,-0.14232212,-0.31808916,0.0020655552,-0.005869464,0.0,-0.0017187139,3.3630393e-05,-0.016775152,-0.04906482,-0.000169137,0.0053630853,0.0003826445,0.002696652,0.0017612072,0.0,-0.15286697,0.0003384709,-0.0002896314,-0.0008451531,-0.049348544,-0.0035538897
3456,-0.0006135241,0.0,-0.00043736555,0.0013879723,0.0011349958,-0.0024328914,0.0056929938,-0.0051013334,0.021579778,-0.00094848796,0.0001492801,0.0011245208,0.0,0.0,0.0,-0.0029003767,0.005672957,-0.00010618098,0.0,0.00077767106,0.0027645868,0.00024205932,-0.00012462793,-0.1879492,0.012023058,-0.0010697764,-0.0007841112,-0.0012661478,-0.0058186366,0.00068117527,0.00032060992,1.1894521e-05,0.0025634265,-0.036897417,-0.0056440495,0.00063123147,-0.16060719,-0.040565982,-0.023003737,-0.0018545807,0.0,0.0,-0.14386623,-0.32195246,0.0020655552,-0.005869464,0.0,-0.0017187139,3.3630393e-05,-0.018542634,-0.049909573,-0.000169137,0.0053630853,0.0003826445,0.002696652,0.0017612072,0.0,-0.15286697,0.0003384709,-0.0002896314,-0.0008451531,-0.054803118,-0.0035538897
3457,-0.0006135241,0.0,-0.00043736555,0.0013879723,0.0011349958,-0.0024328914,0.011330944,-0.0051013334,0.021579778,-0.00094848796,0.0001492801,-0.00011040977,0.0,0.0,0.0,-0.0029003767,0.005672957,-0.00010618098,0.0,0.00077767106,0.0027645868,-7.3305036e-06,-0.00012462793,-0.18771537,0.012975426,-0.0010697764,-0.0007841112,-0.0012661478,-0.0058186366,0.00068117527,0.00012323141,0.00016566459,0.0025634265,-0.042359527,-0.0056440495,0.00063123147,-0.16055669,-0.040380456,-0.023003737,-0.0018545807,0.0,0.0,-0.14122376,-0.32119626,0.0020655552,-0.005869464,0.0,-0.0017187139,3.3630393e-05,-0.018710174,-0.05208319,-0.000169137,0.0053630853,0.0003826445,0.002696652,0.0017612072,0.0,-0.15381522,0.0003384709,-0.0002896314,-0.0008451531,-0.054982476,-0.0035538897
3458,-0.0006135241,0.0,-0.00043736555,0.0013879723,0.0011349958,-0.0024328914,0.011330944,-0.0051013334,0.021579778,-0.00094848796,0.0001492801,-0.00011040977,0.0,0.0,0.0,-0.0029003767,0.005672957,-0.00010618098,0.0,0.00077767106,0.0027645868,-7.3305036e-06,-0.00012462793,-0.18613823,0.012975426,0.0061644185,-0.0007841112,-0.0012661478,-0.0058186366,0.00068117527,0.00032060992,0.00016566459,0.0025634265,-0.042359527,-0.0056440495,0.00063123147,-0.16060719,-0.040380456,-0.023003737,-0.0018545807,0.0,0.0,-0.14122376,-0.32053208,0.0020655552,-0.005869464,0.0,-0.0017187139,3.3630393e-05,-0.018745873,-0.05208319,-0.000169137,0.0053630853,0.0003826445,0.002696652,0.0017612072,0.0,-0.15381522,0.0003384709,-0.0002896314,-0.0008451531,-0.054460935,-0.0035538897
3459,-0.0006135241,0.0,-0.00043736555,0.0013879723,0.0011349958,-0.0024328914,0.005903837,-0.0051013334,0.021579778,-0.00094848796,0.0001492801,-0.00011040977,0.0,0.0,0.0,-0.0029003767,0.005672957,-0.00010618098,0.0,0.00077767106,0.0027645868,0.00012323525,-0.00012462793,-0.1879492,0.012975426,-0.0010697764,-0.0007841112,-0.0012661478,-0.0058186366,0.00068117527,0.00012323141,0.00016566459,0.0025634265,-0.03705213,-0.0056440495,0.00063123147,-0.16055669,-0.040380456,-0.023003737,-0.0018545807,0.0,0.0,-0.13934653,-0.32172984,0.0020655552,-0.005869464,0.0,-0.0017187139,3.3630393e-05,-0.018572748,-0.051047467,-0.000169137,0.0053630853,0.0003826445,0.002696652,0.0017612072,0.0,-0.15481178,0.0003384709,-0.0002896314,-0.0021424298,-0.054982476,-0.0035538897
3460,-0.0006135241,0.0,-0.00043736555,0.0013879723,0.0011349958,-0.0024328914,0.005903837,-0.004943043,0.021579778,-0.00094848796,0.0001492801,-0.00011040977,0.0,0.0,0.0,-0.0029003767,0.005672957,-0.00010618098,0.0,0.00077767106,0.0027645868,0.00024205932,-0.00012462793,-0.1879492,0.012975426,-0.0010697764,-0.0007841112,-0.0012661478,-0.0058186366,0.00068117527,0.00032060992,0.00016566459,0.0025634265,-0.03708441,-0.0056440495,0.00063123147,-0.16057849,-0.040380456,-0.023003737,-0.0018545807,0.0,0.0,-0.14164038,-0.3219269,0.0020655552,-0.005869464,0.0,-0.0017187139,3.3630393e-05,-0.018796133,-0.051047467,-0.000169137,0.0053630853,0.0003826445,0.002696652,0.0017612072,0.0,-0.15381522,0.0003384709,-0.0002896314,-0.0008451531,-0.054982476,-0.0035538897
3461,-0.0006135241,0.0,-0.00043736555,0.0013879723,0.0011349958,-0.0024328914,0.005297659,-0.0051013334,0.0049195047,-0.00094848796,0.0001492801,-0.00011040977,0.0,0.0,0.0,-0.0029003767,0.0021334775,-0.00010618098,0.0,0.00077767106,0.0027645868,-7.3305036e-06,-0.00012462793,-0.19116955,0.012023058,-0.0016298512,-0.0007841112,-0.0012661478,-0.0067092148,0.00068117527,0.00032060992,1.1894521e-05,0.0025634265,-0.036419813,-0.003176902,0.00063123147,-0.16151144,-0.040816855,-0.023003737,-0.00095420436,0.0,0.0,-0.14055486,-0.32087895,0.0020655552,-0.0048646173,0.0,-0.0017187139,3.3630393e-05,-0.017368043,-0.03349544,-0.000169137,0.0053630853,0.0003826445,0.002696652,0.0017612072,0.0,-0.1537245,0.0003384709,-0.0002896314,-0.0021424298,-0.053249575,-0.0018705805
3462,-0.0006135241,0.0,-0.00043736555,0.0013879723,0.0011349958,-0.0024328914,0.005297659,-0.004943043,0.021579778,-0.00094848796,0.0001492801,-0.00011040977,0.0,0.0,0.0,-0.0029003767,0.005672957,-0.00010618098,0.0,0.00077767106,0.0027645868,0.00012323525,-0.00012462793,-0.19071725,0.012023058,-0.0016298512,-0.0007841112,-0.0012661478,-0.0058186366,0.00068117527,0.00022424548,0.00016566459,0.0025634265,-0.03676152,-0.0056440495,0.00063123147,-0.16057849,-0.040565982,-0.023003737,-0.0018545807,0.0,0.0,-0.14168303,-0.32183143,0.0020655552,-0.005869464,0.0,-0.0017187139,3.3630393e-05,-0.018369759,-0.049909573,-0.000169137,0.0053630853,0.0003826445,0.002696652,0.0017612072,0.0,-0.15202132,0.0003384709,-0.0002896314,-0.0008451531,-0.05342893,-0.0035538897
3463,-0.0006135241,0.0,-0.00043736555,0.0013879723,0.0011349958,-0.0024328914,0.005903837,-0.0051013334,0.021579778,-0.00094848796,0.0001492801,-0.00011040977,0.0,0.0,0.0,-0.0029003767,0.005672957,-0.00010618098,0.0,0.00077767106,0.0027645868,0.00024205932,-0.00012462793,-0.1879492,0.012023058,-0.0010697764,-0.0007841112,-0.0012661478,-0.0058186366,0.00068117527,-0.0010217775,0.00016566459,0.0025634265,-0.036897417,-0.0056440495,0.00063123147,-0.16060719,-0.040565982,-0.021661349,-0.0018545807,0.0,0.0,-0.13934653,-0.3219269,0.0020655552,-0.005869464,0.0,-0.0017187139,3.3630393e-05,-0.018796133,-0.049909573,-0.000169137,0.0053630853,0.0003826445,0.002696652,0.0017612072,0.0,-0.15481178,0.0003384709,-0.0002896314,-0.0021424298,-0.054982476,-0.0035538897
3464,-0.0006135241,0.0,-0.00043736555,0.0013879723,0.0011349958,-0.0024328914,-0.02210845,-0.0052281036,0.021387346,-0.00094848796,0.0001492801,-0.00011040977,0.0,0.0,0.0,-0.0029003767,0.0055953404,-0.00010618098,0.0,0.00077767106,0.0027645868,-7.3305036e-06,-0.00012462793,-0.19071725,0.012023058,-0.0016298512,-0.0007841112,-0.0012661478,-0.0067092148,0.00068117527,0.00032060992,1.1894521e-05,0.0025634265,-0.03519686,-0.0056440495,0.00063123147,-0.15302591,-0.03938257,-0.023003737,-0.0018545807,0.0,0.0,-0.13107392,-0.3155084,0.0020655552,-0.005869464,0.0,-0.0017187139,3.3630393e-05,-0.018644508,-0.049909573,-0.000169137,0.0053630853,0.0003826445,0.002696652,0.0017612072,0.0,-0.15005682,0.0003384709,-0.0002896314,-0.0021424298,-0.053249575,-0.002318735
3465,-0.0006135241,0.0,-0.00043736555,0.0013879723,0.0011349958,-0.0024328914,-0.0049956306,-0.0051013334,0.0047270725,-0.00094848796,0.0001492801,0.0011245208,0.0,0.0,0.0,-0.0029003767,0.0021334775,-0.00010618098,0.0,0.00077767106,0.0027645868,0.00012323525,-0.00012462793,-0.19451958,0.012023058,-0.0010697764,-0.0007841112,0.01867286,-0.0058186366,0.00068117527,0.00012323141,0.00016566459,0.0025634265,-0.035382483,-0.003176902,0.00063123147,-0.15883592,-0.03963344,-0.023003737,-0.00095420436,0.0,0.0,-0.14620389,-0.31796792,0.0020655552,-0.0048646173,0.0,-0.0017187139,3.3630393e-05,-0.017269352,-0.03349544,-0.000169137,0.0053630853,0.0003826445,0.002696652,0.0017612072,0.0,-0.14682223,0.0003384709,-0.0002896314,-0.0008451531,-0.056100693,-0.0006354258
3466,-0.0006135241,0.0,-0.00043736555,0.0019383557,0.0011349958,-0.0024328914,0.0056929938,-0.0051013334,0.013234023,-0.00094848796,0.0001492801,0.0011245208,0.0,0.0,0.0,-0.0029003767,0.005672957,-0.00010618098,0.0,0.00077767106,0.0027645868,-7.3305036e-06,-0.00012462793,-0.18934445,0.012023058,-0.0016298512,-0.0007841112,-0.0012661478,-0.0058186366,0.00068117527,0.00032060992,1.1894521e-05,0.0025634265,-0.036419813,-0.0056440495,0.00063123147,-0.16060719,-0.040565982,-0.023003737,-0.00095420436,0.0,0.0,-0.14460883,-0.32205927,0.0020655552,-0.005869464,0.0,-0.0017187139,3.3630393e-05,-0.018693134,-0.040471595,-0.000169137,0.0053630853,0.0003826445,0.002696652,0.0017612072,0.0,-0.15286697,0.0003384709,-0.0002896314,-0.0008451531,-0.054619055,-0.0035538897
3467,-0.0006135241,0.0,-0.00043736555,0.0019383557,0.0011349958,-0.0024328914,0.005903837,-0.0051013334,0.021579778,-0.00094848796,0.0001492801,0.0011245208,0.0,0.0,0.0,-0.0029003767,0.005672957,-0.00010618098,0.0,0.00077767106,0.0027645868,-7.3305036e-06,-0.00012462793,-0.1879492,0.012975426,-0.0010697764,-0.0007841112,-0.0012661478,-0.0058186366,0.00068117527,0.00032060992,0.00016566459,0.0025634265,-0.036897417,-0.0056440495,0.00063123147,-0.16060719,-0.040380456,-0.023003737,-0.0018545807,0.0,0.0,-0.14396884,-0.3219321,0.0020655552,-0.005869464,0.0,-0.0017187139,3.3630393e-05,-0.018946629,-0.051047467,-0.000169137,0.0053630853,0.0003826445,0.002696652,0.0017612072,0.0,-0.15286697,0.0003384709,-0.0002896314,-0.0008451531,-0.054982476,-0.0035538897
3468,-0.00071154186,0.0,-0.00043736555,0.0013879723,0.0011349958,-0.0024328914,-0.06101219,-0.005386394,-0.037513446,-0.0035073415,0.0001492801,0.0011245208,0.0,0.0,0.0,-0.0029003767,-0.009838608,0.0004158025,0.0,0.00077767106,0.0027645868,-7.3305036e-06,-0.00012462793,-0.10779816,-0.19356301,-0.0016298512,-0.0007841112,-0.0012661478,-0.0058186366,0.00068117527,0.00032060992,-0.002094862,0.0025634265,-0.035009865,-0.003176902,0.00063123147,-0.109107465,-0.031841155,-0.017421601,-0.00095420436,0.0,0.0,-0.09245978,-0.23379725,0.0020655552,-0.003557119,0.0,-0.0023439266,3.3630393e-05,-0.019467631,-0.03349544,-0.000169137,0.0053630853,0.0003826445,0.002696652,0.0017612072,0.0,-0.11224716,0.0003384709,-0.0002896314,-0.0021424298,-0.053249575,-0.00014842558
3469,-0.0006135241,0.0,-0.00043736555,0.0013879723,0.0011349958,-0.0024328914,0.0056929938,-0.0051013334,0.0105610015,-0.00094848796,0.0001492801,-0.00011040977,0.0,0.0,0.0,-0.0029003767,0.0029231743,-0.00010618098,0.0,0.00077767106,0.0027645868,0.00024205932,-0.00012462793,-0.18934445,0.012975426,-0.0016298512,-0.0007841112,-0.0012661478,-0.0058186366,0.00068117527,0.00032060992,1.1894521e-05,0.0025634265,-0.036419813,-0.004128857,0.00063123147,-0.16113268,-0.040631328,-0.023003737,-0.00095420436,0.0,0.0,-0.14018847,-0.32225475,0.0020655552,-0.005869464,0.0,-0.0017187139,3.3630393e-05,-0.018542634,-0.038206156,-0.000169137,0.0053630853,0.0003826445,0.002696652,0.0017612072,0.0,-0.15481178,0.0003384709,-0.0002896314,-0.0021424298,-0.054619055,-0.0018705805
3470,-0.0006135241,0.0,-0.00043736555,0.0013879723,0.0011349958,-0.0024328914,-0.02210845,-0.005386394,0.010368569,-0.00094848796,0.0001492801,-0.00011040977,0.0,0.0,0.0,-0.0029003767,0.0028455579,-0.00010618098,0.0,0.00077767106,0.0027645868,0.00024205932,-0.00012462793,-0.1921125,0.012023058,-0.0016298512,-0.0007841112,-0.0012661478,-0.0058186366,0.00068117527,-0.0010217775,1.1894521e-05,0.0025634265,-0.035009865,-0.004128857,0.00063123147,-0.1535801,-0.03963344,-0.021661349,-0.00095420436,0.0,0.0,-0.1318732,-0.317431,0.0020655552,-0.005869464,0.0,-0.0017187139,3.3630393e-05,-0.018769203,-0.037068263,-0.000169137,0.0053630853,0.0003826445,0.002696652,0.0017612072,0.0,-0.1493502,0.0003384709,-0.0002896314,-0.0021424298,-0.053249575,-0.0006354258
3471,-0.0006135241,0.0,-0.00043736555,0.0013879723,0.0011349958,-0.0024328914,-0.005251561,-0.0051013334,-0.020595664,-0.0015233477,0.0001492801,-0.00011040977,0.0,0.0,0.0,-0.0029003767,0.0014361494,-0.00010618098,0.0,0.00077767106,0.0027645868,-7.3305036e-06,-0.00012462793,-0.16448845,0.011730996,-0.0016298512,-0.0007841112,-0.0012661478,-0.0058186366,0.00068117527,-0.0010217775,1.1894521e-05,0.0025634265,-0.035009865,-0.003176902,0.00063123147,-0.15905519,-0.03963344,-0.021661349,-0.00095420436,0.0,0.0,-0.13832396,-0.32274827,0.0020655552,-0.0029840842,0.0,-0.0023439266,3.3630393e-05,-0.017102787,-0.03349544,-0.000169137,0.0053630853,0.0003826445,0.002696652,0.0017612072,0.0,-0.15183447,0.0003384709,-0.0002896314,-0.0021424298,-0.053249575,-0.0006354258
3472,-0.0006135241,0.0,-0.00043736555,0.0013879723,0.0011349958,-0.0024328914,-0.02210845,-0.005386394,0.0047270725,-0.00094848796,0.0001492801,0.0011245208,0.0,0.0,0.0,-0.0029003767,0.002055861,-0.00010618098,0.0,0.00077767106,0.0027645868,-0.0016296525,-0.00012462793,-0.19116955,0.012023058,-0.0010697764,-0.0007841112,-0.0012661478,-0.0058186366,0.00068117527,0.00012323141,0.00016566459,0.0025634265,-0.03564218,-0.003176902,0.00063123147,-0.15390834,-0.03963344,-0.023003737,-0.00095420436,0.0,0.0,-0.13671663,-0.31570005,0.0020655552,-0.0048646173,0.0,-0.0017187139,3.3630393e-05,-0.01749592,-0.03349544,-0.000169137,0.0053630853,0.0003826445,0.002696652,0.0017612072,0.0,-0.14740537,0.0003384709,-0.0002896314,-0.0008451531,-0.053612996,-0.0006354258
3473,-0.0006135241,0.0,-0.00043736555,0.0013879723,0.0011349958,-0.0024328914,-0.0049956306,-0.0051013334,0.0073504755,-0.00094848796,0.0001492801,-0.00011040977,0.0,0.0,0.0,-0.0029003767,0.0020660884,-0.00010618098,0.0,0.00077767106,0.0027645868,0.00012323525,-0.00012462793,-0.14312604,-0.20725591,-0.0010697764,-0.0007841112,-0.0012661478,-0.0058186366,0.00068117527,0.00032060992,0.00016566459,0.0025634265,-0.03564218,-0.004128857,0.00063123147,-0.11358858,-0.037911914,-0.017421601,-0.00095420436,0.0,0.0,-0.11101064,-0.25590828,0.0020655552,-0.005869464,0.0,-0.0017187139,3.3630393e-05,-0.021966293,-0.037068263,-0.000169137,0.0053630853,0.0003826445,0.002696652,0.0017612072,0.0,-0.12003793,0.0003384709,-0.0002896314,-0.0008451531,-0.053612996,-0.0006354258
3474,-0.0006135241,0.0,-0.00043736555,0.0013879723,0.0011349958,-0.0024328914,0.011330944,-0.0051013334,0.021579778,-0.00094848796,0.0001492801,-0.00011040977,0.0,0.0,0.0,-0.0029003767,0.005672957,-0.00010618098,0.0,0.00077767106,0.0027645868,0.00024205932,-0.00012462793,-0.18613823,0.013223625,0.0061644185,-0.0007841112,-0.0012661478,-0.0058186366,0.00068117527,0.00032060992,0.00016566459,0.0025634265,-0.042359527,-0.0056440495,0.00063123147,-0.16060719,-0.040380456,-0.023003737,-0.0018545807,0.0,0.0,-0.14122376,-0.32078087,0.0020655552,-0.005869464,0.0,-0.0017187139,3.3630393e-05,-0.018994665,-0.05208319,-0.000169137,0.0053630853,0.0003826445,0.002696652,0.0017612072,0.0,-0.15381522,0.0003384709,-0.0002896314,-0.0008451531,-0.054460935,-0.0035538897
3475,-0.0006135241,0.0,-0.00043736555,0.0013879723,0.0011349958,-0.0024328914,0.0056929938,-0.0051013334,0.009610156,-0.00094848796,0.0001492801,0.0011245208,0.0,0.0,0.0,-0.0029003767,0.0029231743,-0.00010618098,0.0,0.00077767106,0.0027645868,-0.0016296525,-0.00012462793,-0.18823014,0.012023058,-0.0010697764,-0.0007841112,-0.0012661478,-0.0058186366,0.00068117527,0.00012323141,0.00016566459,0.0025634265,-0.03705213,-0.004128857,0.00063123147,-0.16124563,-0.040816855,-0.023003737,-0.00095420436,0.0,0.0,-0.14466551,-0.32017767,0.0020655552,-0.005869464,0.0,-0.0017187139,3.3630393e-05,-0.018319251,-0.037068263,-0.000169137,0.0053630853,0.0003826445,0.002696652,0.0017612072,0.0,-0.15286697,0.0003384709,-0.0002896314,-0.0008451531,-0.054982476,-0.0018705805
3476,-0.0006135241,0.0,-0.00043736555,0.0013879723,0.0011349958,-0.0024328914,-0.062643826,-0.005386394,-0.013975611,-0.0015233477,0.0001492801,0.0011245208,0.0,0.0,0.0,-0.0029003767,0.00025851146,-0.00010618098,0.0,0.00077767106,0.0027645868,0.00012323525,-0.00012462793,-0.1257949,-0.20150918,-0.0016298512,-0.0007841112,-0.0012661478,-0.0058186366,0.00068117527,0.00032060992,0.00016566459,0.0025634265,-0.03516457,-0.003176902,0.00063123147,-0.10904509,-0.031841155,-0.017421601,-0.00095420436,0.0,0.0,-0.09690034,-0.23753734,0.0020655552,-0.0029840842,0.0,-0.0023439266,3.3630393e-05,-0.021351855,-0.03349544,-0.000169137,0.0053630853,0.0003826445,0.002696652,0.0017612072,0.0,-0.113305405,0.0003384709,-0.0002896314,-0.0008451531,-0.05342893,-0.0006354258
3477,-0.00071154186,0.0,-0.00043736555,0.0013879723,0.0011349958,-0.0024328914,-0.06101219,-0.005386394,-0.037513446,-0.0035073415,0.0001492801,0.0011245208,0.0,0.0,0.0,-0.0029003767,-0.009838608,0.0004158025,0.0,0.00077767106,0.0027645868,0.00012323525,-0.00012462793,-0.10904737,-0.19356301,-0.0016298512,-0.0007841112,-0.0012661478,-0.0058186366,0.00068117527,0.00032060992,1.1894521e-05,0.0025634265,-0.03516457,-0.003176902,0.00063123147,-0.10904509,-0.031841155,-0.017421601,-0.00095420436,0.0,0.0,-0.09475362,-0.23363966,0.0020655552,-0.003557119,0.0,-0.0023439266,3.3630393e-05,-0.020521007,-0.03349544,-0.000169137,0.0053630853,0.0003826445,0.002696652,0.0017612072,0.0,-0.111250594,0.0003384709,-0.0002896314,-0.0008451531,-0.053249575,-0.00014842558
3478,-0.0006135241,0.0,-0.00043736555,0.0013879723,0.0011349958,-0.0024328914,0.005903837,-0.0051013334,0.021579778,-0.00094848796,0.0001492801,0.0011245208,0.0,0.0,0.0,-0.0029003767,0.005672957,-0.00010618098,0.0,0.00077767106,0.0027645868,0.00024205932,-0.00012462793,-0.1879492,0.012975426,-0.0010697764,-0.0007841112,-0.0012661478,-0.0058186366,0.00068117527,0.00032060992,1.1894521e-05,0.0025634265,-0.036897417,-0.0056440495,0.00063123147,-0.16060719,-0.040380456,-0.023003737,-0.0018545807,0.0,0.0,-0.14152972,-0.32195246,0.0020655552,-0.005869464,0.0,-0.0017187139,3.3630393e-05,-0.018796133,-0.051047467,-0.000169137,0.0053630853,0.0003826445,0.002696652,0.0017612072,0.0,-0.15386353,0.0003384709,-0.0002896314,-0.0021424298,-0.054803118,-0.0035538897
3479,-0.0006135241,0.0,-0.00043736555,0.0013879723,0.0011349958,-0.0024328914,0.011330944,-0.0051013334,0.021579778,-0.00094848796,0.0001492801,0.0011245208,0.0,0.0,0.0,-0.0029003767,0.005672957,-0.00010618098,0.0,0.00077767106,0.0027645868,0.00012323525,-0.00012462793,-0.18613823,0.012023058,0.0061644185,-0.0007841112,-0.0012661478,-0.0058186366,0.00068117527,0.00012323141,0.00016566459,0.0025634265,-0.04251424,-0.0056440495,0.00063123147,-0.16055669,-0.040565982,-0.023003737,-0.0018545807,0.0,0.0,-0.14340696,-0.32045972,0.0020655552,-0.005869464,0.0,-0.0017187139,3.3630393e-05,-0.018647183,-0.050945297,-0.000169137,0.0053630853,0.0003826445,0.002696652,0.0017612072,0.0,-0.15286697,0.0003384709,-0.0002896314,-0.0008451531,-0.054460935,-0.0035538897
3480,-0.0006135241,0.0,-0.00043736555,0.0013879723,0.0011349958,-0.0024328914,0.005903837,-0.0051013334,0.021579778,-0.00094848796,0.0001492801,-0.00011040977,0.0,0.0,0.0,-0.0029003767,0.005672957,-0.00010618098,0.0,0.00077767106,0.0027645868,0.00024205932,-0.00012462793,-0.1879492,0.012975426,-0.0010697764,-0.0007841112,-0.0012661478,-0.0058186366,0.00068117527,0.00032060992,0.00016566459,0.0025634265,-0.036897417,-0.0056440495,0.00063123147,-0.16060719,-0.040380456,-0.023003737,-0.0018545807,0.0,0.0,-0.13934653,-0.3219269,0.0020655552,-0.005869464,0.0,-0.0017187139,3.3630393e-05,-0.018796133,-0.051047467,-0.000169137,0.0053630853,0.0003826445,0.002696652,0.0017612072,0.0,-0.15481178,0.0003384709,-0.0002896314,-0.0021424298,-0.054982476,-0.0035538897
3481,-0.0006135241,0.0,-0.00043736555,0.0013879723,0.0011349958,-0.0024328914,0.005903837,-0.0051013334,0.021579778,-0.00094848796,0.0001492801,-0.00011040977,0.0,0.0,0.0,-0.0029003767,0.005672957,-0.00010618098,0.0,0.00077767106,0.0027645868,0.00024205932,-0.00012462793,-0.1879492,0.012975426,-0.0016298512,-0.0007841112,-0.0012661478,-0.0058186366,0.00068117527,0.00032060992,1.1894521e-05,0.0025634265,-0.036419813,-0.0056440495,0.00063123147,-0.16060719,-0.040380456,-0.023003737,-0.0018545807,0.0,0.0,-0.13934653,-0.32205406,0.0020655552,-0.005869464,0.0,-0.0017187139,3.3630393e-05,-0.018796133,-0.051047467,-0.000169137,0.0053630853,0.0003826445,0.002696652,0.0017612072,0.0,-0.15481178,0.0003384709,-0.0002896314,-0.0021424298,-0.054619055,-0.0035538897
3482,-0.00071154186,0.0,-0.00043736555,0.0013879723,0.0011349958,-0.0024328914,-0.06101219,-0.005386394,-0.037513446,-0.0035073415,0.0001492801,0.0011245208,0.0,0.0,0.0,-0.0029003767,-0.009838608,0.0004158025,0.0,0.00077767106,0.0027645868,0.00012323525,-0.00012462793,-0.107470214,-0.19356301,0.0061644185,-0.0007841112,-0.0012661478,-0.0058186366,0.00068117527,0.00032060992,0.00016566459,0.0025634265,-0.03564218,-0.003176902,0.00063123147,-0.10904509,-0.031841155,-0.017421601,-0.00095420436,0.0,0.0,-0.09245978,-0.2328001,0.0020655552,-0.003557119,0.0,-0.0023439266,3.3630393e-05,-0.020458017,-0.03349544,-0.000169137,0.0053630853,0.0003826445,0.002696652,0.0017612072,0.0,-0.11224716,0.0003384709,-0.0002896314,-0.0021424298,-0.053091455,-0.00014842558
3483,-0.0006135241,0.0,-0.00043736555,0.0013879723,0.0011349958,-0.0024328914,0.0056929938,-0.0051013334,0.0049195047,-0.00094848796,0.0001492801,-0.00011040977,0.0,0.0,0.0,-0.0029003767,0.0021334775,-0.00010618098,0.0,0.00077767106,0.0027645868,0.00024205932,-0.00012462793,-0.18840149,0.012023058,-0.0016298512,-0.0007841112,-0.0012661478,-0.0058186366,0.00068117527,-0.0010217775,1.1894521e-05,0.0025634265,-0.036419813,-0.003176902,0.00063123147,-0.16151144,-0.040816855,-0.021661349,-0.00095420436,0.0,0.0,-0.14055486,-0.32260087,0.0020655552,-0.0048646173,0.0,-0.0017187139,3.3630393e-05,-0.017492738,-0.03349544,-0.000169137,0.0053630853,0.0003826445,0.002696652,0.0017612072,0.0,-0.15481178,0.0003384709,-0.0002896314,-0.0021424298,-0.054619055,-0.0018705805
3484,-0.0006135241,0.0,-0.00043736555,0.0013879723,0.0011349958,-0.0024328914,-0.02210845,-0.005386394,0.0041426467,-0.00094848796,0.0001492801,-0.00011040977,0.0,0.0,0.0,-0.0029003767,0.001897866,-0.00010618098,0.0,0.00077767106,0.0027645868,0.00024205932,-0.00012462793,-0.17714182,-0.16166602,-0.0016298512,-0.0007841112,-0.0012661478,-0.0058186366,0.00068117527,-0.010888858,-0.0023617852,0.0025634265,-0.035009865,-0.003176902,0.00063123147,-0.112907305,-0.036651973,-0.016079213,-0.00095420436,0.0,0.0,-0.1036167,-0.2572409,0.0020655552,-0.0048646173,0.0,-0.0017187139,3.3630393e-05,-0.014649061,-0.03349544,-0.000169137,0.0053630853,0.0003826445,0.002696652,0.0017612072,0.0,-0.11855023,0.0003384709,-0.0002896314,-0.0021424298,-0.053249575,-0.0006354258
3485,-0.0006135241,0.0,-0.00043736555,0.0013879723,0.0011349958,-0.0024328914,-0.02210845,-0.005386394,0.02080292,-0.00094848796,0.0001492801,0.0011245208,0.0,0.0,0.0,-0.0029003767,0.0054373457,-0.00010618098,0.0,0.00077767106,0.0027645868,0.00012323525,-0.00012462793,-0.17793871,-0.16166602,-0.0010697764,-0.0007841112,-0.0012661478,-0.0058186366,0.00068117527,0.00012323141,0.00016566459,0.0025634265,-0.03564218,-0.0056440495,0.00063123147,-0.11439209,-0.037661042,-0.015748134,-0.0018545807,0.0,0.0,-0.09616349,-0.25754154,0.0020655552,-0.005869464,0.0,-0.0017187139,3.3630393e-05,-0.021595955,-0.04942529,-0.000169137,0.0053630853,0.0021184068,0.002696652,0.0017612072,0.0,-0.1166054,0.0003384709,-0.0002896314,-0.0008451531,-0.053612996,-0.002318735
3486,-0.0006135241,0.0,-0.00043736555,0.0013879723,0.0011349958,-0.0024328914,0.0056929938,-0.0051013334,0.009610156,-0.00094848796,0.0001492801,0.0011245208,0.0,0.0,0.0,-0.0029003767,0.0029231743,-0.00010618098,0.0,0.00077767106,0.0027645868,0.00024205932,-0.00012462793,-0.18823014,0.012023058,-0.0016298512,-0.0007841112,-0.0012661478,-0.0058186366,0.00068117527,0.00032060992,1.1894521e-05,0.0025634265,-0.036419813,-0.004128857,0.00063123147,-0.16129614,-0.040816855,-0.023003737,-0.00095420436,0.0,0.0,-0.14466551,-0.32225475,0.0020655552,-0.005869464,0.0,-0.0017187139,3.3630393e-05,-0.018542634,-0.037068263,-0.000169137,0.0053630853,0.0003826445,0.002696652,0.0017612072,0.0,-0.15286697,0.0003384709,-0.0002896314,-0.0008451531,-0.054619055,-0.0018705805
3487,-0.0006135241,0.0,-0.00043736555,0.0013879723,0.0011349958,-0.0024328914,-0.062643826,-0.005386394,-0.013975611,-0.0015233477,0.0001492801,0.0011245208,0.0,0.0,0.0,-0.0029003767,0.00025851146,-0.00010618098,0.0,0.00077767106,0.0027645868,-0.0016296525,-0.00012462793,-0.1257949,-0.20150918,-0.0010697764,-0.0007841112,-0.0012661478,-0.0058186366,0.00068117527,0.00032060992,0.00016566459,0.0025634265,-0.03564218,-0.003176902,0.00063123147,-0.10904509,-0.031841155,-0.017421601,-0.00095420436,0.0,0.0,-0.09690034,-0.23568286,0.0020655552,-0.0029840842,0.0,-0.0023439266,3.3630393e-05,-0.021351855,-0.03349544,-0.000169137,0.0053630853,0.0003826445,0.002696652,0.0017612072,0.0,-0.113305405,0.0003384709,-0.0002896314,-0.0008451531,-0.053612996,-0.0006354258
3488,-0.0006135241,0.0,-0.00043736555,0.0013879723,0.0011349958,-0.0024328914,0.005903837,-0.0051013334,0.021579778,-0.00094848796,0.0001492801,-0.00011040977,0.0,0.0,0.0,-0.0029003767,0.005672957,-0.00010618098,0.0,0.00077767106,0.0027645868,0.00024205932,-0.00012462793,-0.18637204,0.012023058,0.0061644185,-0.0007841112,-0.0012661478,-0.0058186366,0.00068117527,-0.010888858,0.00016566459,0.0025634265,-0.036897417,-0.0056440495,0.00063123147,-0.15810531,-0.03930604,-0.021661349,-0.0018545807,0.0,0.0,-0.13934653,-0.3200428,0.0020655552,-0.005869464,0.0,-0.0017187139,3.3630393e-05,-0.013799599,-0.049909573,-0.000169137,0.0053630853,0.0003826445,0.002696652,0.0017612072,0.0,-0.15481178,0.0003384709,-0.0002896314,-0.0021424298,-0.054460935,-0.0035538897
3489,-0.0006135241,0.0,-0.00043736555,0.0013879723,0.0011349958,-0.0024328914,-0.062643826,-0.005386394,-0.025814734,-0.0018997398,0.0001492801,-0.00011040977,0.0,0.0,0.0,-0.0029003767,0.0009576023,-0.00010618098,0.0,0.00077767106,0.0027645868,-7.3305036e-06,-0.00012462793,-0.14357552,-0.16007337,-0.0010697764,-0.0007841112,-0.0012661478,-0.0058186366,0.00068117527,0.00032060992,0.00016566459,0.0025634265,-0.03548747,-0.003176902,0.00063123147,-0.115515605,-0.031841155,-0.017421601,-0.00095420436,0.0,0.0,-0.09500859,-0.2441658,0.0020655552,-0.0029840842,0.0,-0.0023439266,3.3630393e-05,-0.02002279,-0.03349544,-0.000169137,0.0053630853,0.0003826445,0.002696652,0.0017612072,0.0,-0.11425367,0.0003384709,-0.0002896314,-0.0008451531,-0.053612996,-0.0006354258
3490,-0.0006135241,0.0,-0.00043736555,0.0013879723,0.0011349958,-0.0024328914,0.0056929938,-0.0051013334,0.021579778,-0.00094848796,0.0001492801,-0.00011040977,0.0,0.0,0.0,-0.0029003767,0.005672957,-0.00010618098,0.0,0.00077767106,0.0027645868,0.00024205932,-0.00012462793,-0.1879492,0.012023058,-0.0010697764,-0.0007841112,-0.0012661478,-0.0058186366,0.00068117527,0.00032060992,0.00016566459,0.0025634265,-0.036897417,-0.0056440495,0.00063123147,-0.16060719,-0.040565982,-0.023003737,-0.0018545807,0.0,0.0,-0.13938919,-0.3219269,0.0020655552,-0.005869464,0.0,-0.0017187139,3.3630393e-05,-0.018542634,-0.049909573,-0.000169137,0.0053630853,0.0003826445,0.002696652,0.0017612072,0.0,-0.15481178,0.0003384709,-0.0002896314,-0.0021424298,-0.054982476,-0.0035538897
3491,-0.0006135241,0.0,-0.00043736555,0.0013879723,0.0011349958,-0.0024328914,0.011330944,-0.0051013334,0.021579778,-0.00094848796,0.0001492801,0.0011245208,0.0,0.0,0.0,-0.0029003767,0.005672957,-0.00010618098,0.0,0.00077767106,0.0027645868,0.00012323525,-0.00012462793,-0.18771537,0.012975426,-0.0016298512,-0.0007841112,-0.0012661478,-0.0058186366,0.00068117527,0.00012323141,0.00016566459,0.0025634265,-0.042036634,-0.0056440495,0.00063123147,-0.16055669,-0.040380456,-0.023003737,-0.0018545807,0.0,0.0,-0.14340696,-0.3212737,0.0020655552,-0.005869464,0.0,-0.0017187139,3.3630393e-05,-0.018710174,-0.05208319,-0.000169137,0.0053630853,0.0003826445,0.002696652,0.0017612072,0.0,-0.15286697,0.0003384709,-0.0002896314,-0.0008451531,-0.05479841,-0.0035538897
3492,-0.0006135241,0.0,-0.00043736555,0.0013879723,0.0011349958,-0.0024328914,0.011330944,-0.0051013334,0.021579778,-0.00094848796,0.0001492801,-0.00011040977,0.0,0.0,0.0,-0.0029003767,0.005672957,-0.00010618098,0.0,0.00077767106,0.0027645868,0.00024205932,-0.00012462793,-0.18771537,0.012975426,-0.0010697764,-0.0007841112,-0.0012661478,-0.0058186366,0.00068117527,-0.0010217775,0.00016566459,0.0025634265,-0.042359527,-0.0056440495,0.00063123147,-0.16060719,-0.040380456,-0.021661349,-0.0018545807,0.0,0.0,-0.13892992,-0.32136917,0.0020655552,-0.005869464,0.0,-0.0017187139,3.3630393e-05,-0.018933559,-0.05208319,-0.000169137,0.0053630853,0.0003826445,0.002696652,0.0017612072,0.0,-0.15481178,0.0003384709,-0.0002896314,-0.0021424298,-0.054982476,-0.0035538897
3493,-0.0006135241,0.0,-0.00043736555,0.0013879723,0.0011349958,-0.0024328914,0.005297659,-0.0051013334,0.020995352,-0.00094848796,0.0001492801,-0.00011040977,0.0,0.0,0.0,-0.0029003767,0.005514962,-0.00010618098,0.0,0.00077767106,0.0027645868,0.00012323525,-0.00012462793,-0.17793871,-0.16166602,-0.0016298512,-0.0007841112,-0.0012661478,-0.0058186366,0.00068117527,0.00032060992,1.1894521e-05,0.0025634265,-0.036574524,-0.0056440495,0.00063123147,-0.12199519,-0.038844455,-0.017421601,-0.0018545807,0.0,0.0,-0.11306013,-0.26254064,0.0020655552,-0.005869464,0.0,-0.0017187139,3.3630393e-05,-0.021468077,-0.049909573,-0.000169137,0.0053630853,0.0003826445,0.002696652,0.0017612072,0.0,-0.12122134,0.0003384709,-0.0002896314,-0.0008451531,-0.053249575,-0.0035538897
3494,-0.0006135241,0.0,-0.00043736555,0.0013879723,0.0011349958,-0.0024328914,-0.02210845,-0.005386394,0.02080292,-0.00094848796,0.0001492801,-0.00011040977,0.0,0.0,0.0,-0.0029003767,0.0054373457,-0.00010618098,0.0,0.00077767106,0.0027645868,-7.3305036e-06,-0.00012462793,-0.17793871,-0.15391572,-0.0016298512,-0.0007841112,-0.0012661478,-0.0058186366,0.00068117527,0.00032060992,1.1894521e-05,0.0025634265,-0.035009865,-0.0056440495,0.00063123147,-0.11615808,-0.037661042,-0.017421601,-0.0018545807,0.0,0.0,-0.10245101,-0.25990075,0.0020655552,-0.005869464,0.0,-0.0017187139,3.3630393e-05,-0.021694645,-0.049909573,-0.000169137,0.0053630853,0.0003826445,0.002696652,0.0017612072,0.0,-0.122425385,0.0003384709,-0.0002896314,-0.0021424298,-0.053249575,-0.002318735
3495,-0.0006135241,0.0,-0.00043736555,0.0013879723,0.0011349958,-0.0024328914,0.011330944,-0.0051013334,0.021579778,-0.00094848796,0.0001492801,0.0011245208,0.0,0.0,0.0,-0.0029003767,0.005672957,-0.00010618098,0.0,0.00077767106,0.0027645868,-0.0047178506,-0.00012462793,-0.18613823,0.013223625,0.0061644185,-0.0007841112,-0.0012661478,-0.0058186366,0.00068117527,0.00097600615,0.00016566459,0.0025634265,-0.04251424,-0.0056440495,0.00063123147,-0.16055669,-0.040380456,-0.023003737,-0.0018545807,0.0,0.0,-0.14186285,-0.32035384,0.0020655552,-0.005869464,0.0,-0.0017187139,3.3630393e-05,-0.017227182,-0.05208319,-0.000169137,0.0053630853,0.0003826445,0.002696652,0.0017612072,0.0,-0.15219687,0.0003384709,-0.0002896314,-0.0008451531,-0.054460935,-0.0035538897
3496,-0.0006135241,0.0,-0.00043736555,0.0013879723,0.0011349958,-0.0024328914,0.0056929938,-0.0051013334,0.021579778,-0.00094848796,0.0001492801,0.0011245208,0.0,0.0,0.0,-0.0029003767,0.005672957,-0.00010618098,0.0,0.00077767106,0.0027645868,0.00012323525,-0.00012462793,-0.19129923,0.012023058,-0.0010697764,-0.0007841112,0.01867286,-0.0058186366,0.00068117527,0.00012323141,0.00016566459,0.0025634265,-0.03679244,-0.0056440495,0.00063123147,-0.16055669,-0.040565982,-0.023003737,-0.0018545807,0.0,0.0,-0.14788699,-0.3174211,0.0020655552,-0.005869464,0.0,-0.0017187139,3.3630393e-05,-0.018319251,-0.049909573,-0.000169137,0.0053630853,0.0003826445,0.002696652,0.0017612072,0.0,-0.14979954,0.0003384709,-0.0002896314,-0.0008451531,-0.057470173,-0.0035538897
3497,-0.0006135241,0.0,-0.00043736555,0.0013879723,0.0011349958,-0.0024328914,0.005903837,-0.0051013334,0.021579778,-0.00094848796,0.0001492801,-0.00011040977,0.0,0.0,0.0,-0.0029003767,0.005672957,-0.00010618098,0.0,0.00077767106,0.0027645868,0.00024205932,-0.00012462793,-0.1879492,0.012975426,-0.0010697764,-0.0007841112,-0.0012661478,-0.0058186366,0.00068117527,0.00032060992,0.00016566459,0.0025634265,-0.036897417,-0.0056440495,0.00063123147,-0.16060719,-0.040380456,-0.023003737,-0.0018545807,0.0,0.0,-0.13934653,-0.3219269,0.0020655552,-0.005869464,0.0,-0.0017187139,3.3630393e-05,-0.018796133,-0.051047467,-0.000169137,0.0053630853,0.0003826445,0.002696652,0.0017612072,0.0,-0.15481178,0.0003384709,-0.0002896314,-0.0021424298,-0.054982476,-0.0035538897
3498,-0.0006135241,0.0,-0.00043736555,0.0013879723,0.0011349958,-0.0024328914,0.0050417287,-0.0051013334,-0.02040323,-0.0015233477,0.0001492801,0.0011245208,0.0,0.0,0.0,-0.0029003767,0.0014361494,-0.00010618098,0.0,0.00077767106,0.0027645868,0.00012323525,-0.00012462793,-0.16448845,0.011730996,-0.0016298512,-0.0007841112,-0.0012661478,-0.0058186366,0.00068117527,0.00012323141,1.1894521e-05,0.0025634265,-0.036574524,-0.003176902,0.00063123147,-0.1616297,-0.040816855,-0.023003737,-0.00095420436,0.0,0.0,-0.14564978,-0.32267597,0.0020655552,-0.0029840842,0.0,-0.0023439266,3.3630393e-05,-0.017004099,-0.03349544,-0.000169137,0.0053630853,0.0003826445,0.002696652,0.0017612072,0.0,-0.15107307,0.0003384709,-0.0002896314,-0.0008451531,-0.053249575,-0.0018705805
3499,-0.0006135241,0.0,-0.00043736555,0.0013879723,0.0011349958,-0.0024328914,0.005297659,-0.0051013334,0.013234023,-0.00094848796,0.0001492801,-0.00011040977,0.0,0.0,0.0,-0.0029003767,0.005672957,-0.00010618098,0.0,0.00077767106,0.0027645868,-7.3305036e-06,-0.00012462793,-0.1921125,0.012023058,-0.0016298512,-0.0007841112,-0.0012661478,-0.0058186366,0.00068117527,0.00032060992,0.00016566459,0.0025634265,-0.036419813,-0.0056440495,0.00063123147,-0.16060719,-0.040565982,-0.023003737,-0.00095420436,0.0,0.0,-0.14228037,-0.32190374,0.0020655552,-0.005869464,0.0,-0.0017187139,3.3630393e-05,-0.01841794,-0.040471595,-0.000169137,0.0053630853,0.0003826445,0.002696652,0.0017612072,0.0,-0.15202132,0.0003384709,-0.0002896314,-0.0008451531,-0.05342893,-0.0035538897
