,fraction_disordered,has_clash,ipTM,pTM,ranking_confidence,pdockq_AH,pdockq_AL,pdockq_HL,pdockq,pdockq2_AH,pdockq2_AL,pdockq2_HL,pdockq2,mpdockq_AH,mpdockq_AL,mpdockq_HL,mpdockq,LIS_AH,LIS_AL,LIS_HL,avg_LIS,contacts_AH,interface_plddt_AH,interface_pae_AH,contacts_AL,interface_plddt_AL,interface_pae_AL,contacts_HL,interface_plddt_HL,interface_pae_HL,total_contacts,avg_interface_plddt,avg_interface_pae,model_avg_RMSD,query_avg_RMSD,scaled_RMSD_ratio,iptm_A,iptm_H,iptm_L,ptm_A,ptm_H,ptm_L,chain_pair_iptm_AH,chain_pair_iptm_AL,chain_pair_iptm_HL,chain_pair_pae_min_AH,chain_pair_pae_min_AL,chain_pair_pae_min_HL,chain_plddt_L,chain_plddt_A,chain_pae_A,chain_plddt_H,chain_pair_pae_AH,chain_pae_H,chain_pae_L,chain_pair_pae_AL,avg_pair_pae,avg_model_plddt,chain_pair_pae_HL,avg_internal_pae,del_G_B,scaled_model_RMSD,scaled_query_RMSD
150,-0.017274450213620084,0.0,0.0037152868251959957,-0.006997154237819274,0.024521568561253187,0.3249849878270824,-0.06568212205897908,-0.03896143810587097,-0.2948645957677065,-0.06553759805782437,0.42192569077034814,-0.018767499531246568,0.11164804181513957,0.0,0.0,0.0,0.0,-0.11662283738128076,0.014469356375034634,0.08408351520633109,0.07103922778392593,0.23619126432392412,-0.36504302555521284,-0.024641475832003417,0.25589160448203113,0.11046981468789524,0.026227628479598496,-0.04719880652277419,-0.11152970583064624,-0.4796058289898376,0.1473465629181221,0.059447492115582784,-0.02283950562608183,-0.03760492466741989,-0.19399663343475065,-0.08563678210387513,-0.6722733098304875,-0.24069631546976558,-0.009793329589381457,0.0852895753525056,0.0,0.0,-0.31622025323826686,-0.4857835090656071,-0.005834727906523088,-0.0052892773608314275,-0.17021820173477673,0.09404544307311151,-0.02974825054120674,-0.1571346337440996,0.37292972116300893,0.007946214678909316,0.08077550331973306,-0.08093117375796312,0.04376072716939279,0.13644466069564679,0.10689188536405926,-0.5164756139000986,0.05086895489625658,0.19202569921493798,0.006975138381603717,0.018289213936495227,-0.07094166508245617
151,-0.013489861755290567,0.0,0.0037152868251959957,-0.0075914901000099615,0.012382470924134355,-0.0376053853888707,-0.10323539308867728,-0.14632308223773746,-0.3259731596094114,0.007859966277887584,0.5007568032664726,-0.020077635863883524,0.1136842619053496,0.0,0.0,0.0,0.0,-0.1244309781904806,-0.032401070237652936,0.049597521761383066,0.05800773200267678,0.06594809093106214,-0.32377701399055697,-0.026180744179957693,-0.04775863376726696,0.1458506392297161,0.03704387386273004,-0.048962900452630916,-0.11020725803273668,-0.4139059195479131,0.07772883488344831,0.041722075236277655,-0.03191932349378697,-0.03784650812182907,-0.19961969612379077,-0.16199113299571488,-0.7372702499718099,-0.2597445553518912,-0.009809672682528608,0.09905820631634968,0.0,0.0,-0.31188245538090503,-0.4993680734818373,-0.005834727906523088,-0.003742889328466223,-0.25222965910189743,0.10251186134780488,-0.012664043138126992,-0.14763564444485602,0.3814859246103052,0.006399201633810697,0.05320447340867832,-0.036377041020428956,0.04209222143112734,0.11665917172895918,0.07972658280064404,-0.8056758838764487,0.04251979913396316,0.18079594575518862,0.03971939693106389,8.517782327966479e-05,-0.08258033336396477
152,-0.013489861755290567,0.0,0.0037152868251959957,-0.006946725527652883,0.02446519525890271,-0.06512578588190343,-0.03953842396429786,-0.11176713624115357,-0.361827827447496,-0.024017365899017103,-0.02122944451915145,-0.022120896290623318,0.13381395213333036,0.0,0.0,0.0,0.0,-0.11079887242023277,0.03494754749171841,0.04903495140699126,0.06851068918071943,-0.052126703006295315,-0.4290524383722876,0.0602551042103245,-0.007721005189887342,0.12373410883259042,0.021876543608696397,-0.051055267827221265,-0.1535820116062824,-0.5334692400329875,0.08565494601650309,0.08574140153381318,-0.030201283539656558,-0.07135490043712674,-0.20441666579628467,-0.11204807548099918,-0.7410654881330265,-0.24598236111680874,-0.019175783288988963,0.09477338836932711,0.0,0.0,-0.319761074213938,-0.4926815350580755,-0.005834727906523088,-0.0049684109600096876,-0.20097544572996628,0.09316016130082788,-0.09014504311055699,-0.23962805618862432,0.11948760981761221,-0.02215618146105322,0.09291653467680877,-0.09787862550844492,0.049253845094131866,0.1434495294504292,0.10032094579729128,-0.6912360905194534,0.05065157550207401,0.16434758958526277,0.05133470751765187,-0.0019077941315116043,-0.07883206193978644
153,-0.017274450213620084,0.0,0.0037152868251959957,-0.0075914901000099615,0.012868204247272755,-0.06762775968023642,-0.12556922864996417,-0.040021671157830785,-0.3161887277872372,0.04195791945224303,0.5052771542468052,-0.01935682140203141,0.11985613145871356,0.0,0.0,0.0,0.0,-0.1218319555670907,0.0038152312364079866,0.02973284223823001,0.06601846022867791,0.0025606252903778337,-0.3278241180036487,-0.026798641162269186,0.25264746719747755,-0.21310690372337254,0.03024551780422855,-0.05375779959962771,-0.14377775462745146,-0.53846541103899,0.07781189157801245,-0.010438376208142286,-0.02992029159714446,-0.010511002272336745,-0.1825343909540783,-0.07114904358254798,-0.7445453574829334,-0.23791857197372843,-0.009793329589381457,0.09738153699814994,0.0,0.0,-0.3136366181185113,-0.5003180420025876,-0.005834727906523088,-0.004618997175944064,-0.217238883388103,0.06193000067669141,0.007944157902244193,-0.26278383107322306,0.3712745268937173,0.007846397415030083,0.08804308941653641,-0.07662221554838766,0.015933749824186227,0.0778583297679493,0.05347896822493789,-0.8461783630332103,0.050224859489460254,0.18484980390147487,0.04703364769288174,0.007286792041898204,-0.09065301034202779
154,-0.013489861755290567,0.0,0.0037152868251959957,-0.010355412569135558,0.02446519525890271,-0.2651468868289581,-0.0844347500831165,-0.1257479428434816,-0.25661034716089626,-0.02726944946584411,-0.0029858640014966712,-0.022237272441003427,0.11633258956233325,0.0,0.0,0.0,0.0,-0.14260662106880023,-0.09141800424775177,0.04895808017817307,0.08790376298113547,0.06981969981916318,-0.38416050293959836,0.02776327789345316,0.21945851185087573,0.12377592264393752,0.05693947489514021,-0.054872703494775785,-0.1270475668288543,-0.417743460817432,0.0763204372276559,0.07861699355218195,-0.031144392842274847,-0.05792479789005651,-0.19661160206181977,0.6707160835427015,-0.7393798502148887,-0.2655917207059631,-0.023107062258049895,0.08668693317752864,0.0,0.0,-0.2633577455980787,-0.473430710483375,-0.005834727906523088,-0.005535422595103293,-0.10220948309748197,0.1282470084573085,-0.09387628734760774,-0.1809778281416337,0.12757386608321417,-0.0068995443358500965,0.04860490323981003,-0.06309149077051822,0.061850758807353724,0.20183424122364046,0.09980183184702653,-0.7540657177572003,0.07352307157254076,0.139442603787138,0.03809370278761172,-0.15630430815282753,-0.07247106461024504
155,-0.013489861755290567,0.0,0.0036227574229468562,-0.005172499273153889,0.0247742260430752,0.04630681607422888,-0.08672721866353328,-0.09751859242410178,-0.3405177653548173,-0.02311678022156389,0.3821627376716733,-0.014342570514571714,0.1771273643214515,0.0,0.0,0.0,0.0,-0.11246928382759301,0.0030938239054890725,0.04710315992621514,0.06819581741704905,0.06439506584084442,-0.37105092142179696,0.038254970464308216,-0.00425656278951344,0.26260303779767863,0.04135378126555948,-0.0613309776886352,-0.15702547383781218,-0.31398047655271805,-0.07003191026402204,0.08098993553277882,-0.030144898018544995,-0.0929563153874971,-0.1810527575719387,0.0054307271867174295,-0.7067530949219298,-0.25866093690543107,-0.01874102183123944,0.08053431632248399,0.0,0.0,-0.33180436523268125,-0.4878703072135018,-0.005268598221920881,-0.006091755372520311,-0.29053953985187575,0.0595318523936281,-0.09773013246872066,-0.17292350814913032,0.23641551815609013,-0.023405946616203335,0.08947337120871629,-0.0705345634250002,0.06787104682096566,0.09403685493330513,0.1024195693164623,-0.7215967745260473,0.05245707045515189,0.16978023557483493,-0.13634619634216594,-0.00535031891710412,-0.0854598647036356
156,-0.013489861755290567,0.0,0.0037152868251959957,-0.008153854161965835,0.02446519525890271,0.19074941760978026,-0.04541007230690304,-0.08437002447588034,-0.18633402548183334,0.15028236780681717,-0.022768228288081664,-0.0010241886194967099,0.1566636181167862,0.0,0.0,0.0,0.0,-0.14498806201893263,-0.021402558609165206,0.027941353600858643,0.073080074696633,0.07652475642797792,-0.3686697503492539,-0.014727983686235653,0.16373258585908185,0.16709610850427647,0.07523031081545183,-0.058335552254413045,-0.05746321982775451,-0.5189434049697144,0.06400150901417145,0.0351172939247868,-0.01945969677907225,-0.112807222690464,-0.17335364699679062,0.5593109929973217,-0.7322965671889843,-0.23351752492494215,-0.023107062258049895,0.11236179008656379,0.0,0.0,-0.27851673348151024,-0.48519209984904943,-0.006369701214858737,-0.006771396069249075,-0.09749073936914367,0.14038092465282226,-0.09985367892198038,-0.06314030466155522,0.13688536409478486,-0.01419859466159156,0.08118378965349855,-0.07020798793308942,-0.04277482293741119,0.1393074226864782,0.1106026154394051,-0.6464740955191448,0.04695110657949256,0.13671286205840139,-0.10074632395502783,-0.1721432641145386,-0.08863442612352847
157,-0.013489861755290567,0.0,0.0037152868251959957,-0.010405619710682415,0.00954130585132897,-0.24587718039552398,-0.153717778556753,-0.16029268943014063,-0.24694002385377353,-0.033521688946705104,-0.3599107546758542,-0.023065783967614297,0.10124484670100214,0.0,0.0,0.0,0.0,-0.11464781370209706,-0.07035933855676987,0.030184072472379742,0.03777092324119348,-0.08374507973390712,-0.3710356890652737,0.05954869659979633,-0.05017692273733852,-0.1972862760339653,0.06142387013670697,-0.046874195649909065,-0.1544331905670405,-0.22572925111354522,0.05731862552552572,-0.02454636345219339,-0.03259426826705328,-0.08742909861396289,-0.20283669522523284,0.4166354194187882,-0.7651284569670982,-0.23089151837066726,-0.023107062258049895,0.11720988800358119,0.0,0.0,-0.3488546620819585,-0.4979659791834359,-0.006129015961058215,-0.006352867220142028,-0.15464939708743844,0.09055634454136816,-0.013873397204269689,-0.2503920781127635,0.11532716752021993,-0.002395107176013952,0.0427522152489091,-0.009607135395440279,-0.024030228579970364,0.18179347810389518,0.05445668135420446,-0.7122339539666571,0.051004310674473634,0.12550625000841706,-0.15491563308506182,0.0023421222560884468,-0.07421342329335566
158,-0.013489861755290567,0.0,0.0037152868251959957,-0.006855893253898905,0.012073440139961866,-0.256107805420395,-0.10619642407973884,-0.14271320835222454,-0.33151704825709005,-0.006149112999765424,-0.06762260817825909,-0.019274076808601336,0.105322799197801,0.0,0.0,0.0,0.0,-0.12569998624054315,-0.0376302908700939,0.049925226096480375,0.060771418482489514,0.06537161572835966,-0.38636632414785615,0.05415078529568992,-0.03484060840919895,0.15278427714295953,0.036384340183045975,-0.05426317678545109,-0.2505353439653555,-0.21361592095751167,0.07331519535416407,0.06499477740531202,-0.032011707183127666,-0.07424779988590012,-0.22489276710617606,-0.04698776068723783,-0.7435282298763061,-0.26767116073545744,-0.02316452190806677,0.09296366809573506,0.0,0.0,-0.31866199219670166,-0.49703395931235067,-0.004735261267520897,-0.00553129795825486,-0.26299337617934465,0.11938293567054044,-0.09117367337828818,-0.2984566737007724,0.164909781471633,-0.004697963358927073,0.049337567142558374,-0.011281849737226502,0.057052973006599915,0.12653120915221727,0.07833576197368457,-0.7774728066768603,0.0508963326583179,0.1629287757051406,-0.18441983576706078,0.013777638527379666,-0.06855829268617261
159,-0.013489861755290567,0.0,0.0037152868251959957,-0.008531715910446616,0.024521568561253187,0.3092192277178508,-0.1294582795560426,-0.10198522033845722,-0.26399457780870794,-0.018640294855699426,0.45879628018316265,-0.010621886704939914,0.11795596519631796,0.0,0.0,0.0,0.0,-0.09195904647125173,-0.04446908044648163,0.08450413380503688,0.024191906097812674,0.3077074395275228,-0.2648970863924085,-0.025440190447763106,0.06479805934417975,0.11985375571473096,0.032748940666531716,-0.04163636638790575,-0.10924860494848662,-0.5028333313210914,0.1450213164845774,0.06418020451132546,-0.02283950562608183,-0.07325369203453064,-0.18781485130561,-0.04123372976624544,-0.6717994151427295,-0.23219877006278353,-0.011171192841582158,0.08763404545083224,0.0,0.0,-0.31683632985164606,-0.4902566388645313,-0.005834727906523088,-0.006206470028080396,-0.19410490751809284,0.09074816599734477,-0.09089244576912302,-0.13172688399694607,0.36639856829713474,-0.010605914651092951,0.0502666599162584,-0.04910780718166752,0.04409085467493236,0.10223219940516665,0.1009659182803355,-0.4571961893806242,0.05232826358273012,0.1657342832161226,0.03441158145690762,-0.013259599280298923,-0.07650278624150414
160,-0.017274450213620084,0.0,0.0037152868251959957,-0.006997154237819274,0.012129813442312346,0.20081110210759442,-0.09268455307840844,-0.07656143062646362,-0.3528894162264159,-0.033678897338594256,0.4592893074743792,-0.01825771432004112,0.07684918480901645,0.0,0.0,0.0,0.0,-0.11108716816854938,-0.07789499899531528,0.025314500239320057,0.047767083699963506,-0.24860592723659197,-0.3498810951051915,0.014199533998366775,-0.06549354335889668,-0.033225526874484566,0.029077492806634637,-0.05452524728392514,-0.09975426053651129,-0.3018090161194359,0.1434728242423196,-0.0019784212989748043,-0.026313161964790638,-0.04044356032672097,-0.20437609568553405,-0.16641319757461298,-0.7518367150051807,-0.260881411286983,-0.023148178814919616,0.10277587152525962,0.0,0.0,-0.30809591853340573,-0.4972337179728603,-0.007221446660103402,-0.005345930907311236,-0.17404109994776598,0.11899942447482519,-0.012030217356909697,-0.17356558780777628,0.3117341565776495,0.0001790256388387947,0.043237168988071575,-0.039269111231593844,-0.04833256524845671,0.10299609088733226,0.054444944347578,-0.7037172545054526,0.04127256634106366,0.15562127903777823,0.0005541220852502292,-0.04103781339489641,-0.09029552295667265
161,-0.013489861755290567,0.0,0.0017980153063352955,-0.011028289746137619,0.00954130585132897,-0.02904457158539583,-0.15121584092682883,-0.1849957941631361,-0.24689435194262038,0.02162140199540441,-0.3924065056027647,-0.031028036172729666,0.016883731836655248,0.0,0.0,0.0,0.0,-0.13542343924853897,-0.07958169258321526,0.029862969508943477,0.07983364108943528,-0.03526187976855658,-0.40266406745993655,0.031074037610556618,-0.035494302927173454,-0.2401149978576307,0.06316861590142896,-0.05235635524977483,-0.07211249260317779,-0.2277538069977666,0.041823103696597336,0.00605481640052791,-0.03323722752642208,-0.08562635927563784,-0.17977877835375938,0.4424671974548598,-0.7705489975436081,-0.23152813636724182,-0.023107062258049895,0.09757071571674858,0.0,0.0,-0.348766827882572,-0.4875401154499087,-0.004986232743119093,-0.005692583086942862,-0.1302230090637206,0.1656261443369561,-0.04485256026612572,-0.12551922139640642,0.12272178423548383,-0.0007790673818666219,0.051134615955038404,-0.03783411572554139,0.02204991141420645,0.20934521976216586,0.04746486572433252,-0.6876863970828904,0.04544994720829438,0.14799543394383802,0.06621168976693678,-0.16073290576750762,-0.08791231043448987
162,-0.013489861755290567,0.0,0.00341390244215921,-0.005925757941857746,0.02446519525890271,0.05429027905390376,-0.08250196935056982,-0.1007341455188151,-0.1994160727678098,0.009727795996603495,-0.023714278002312177,-0.014688058060655726,0.1295192795986244,0.0,0.0,0.0,0.0,-0.12631898862255778,-0.09458991786724194,0.04760104439375996,0.06592144968241412,0.08969479065388114,-0.4204411354634296,-0.014085739853969945,0.12440935022271803,0.13723293663550465,0.041006513484935905,-0.05339555367889863,-0.07976264314587087,-0.43423051877923663,-0.052676383118000436,0.06631248891965769,-0.019674304797031156,-0.1570919299454916,-0.1852809957519302,0.41861835421712146,-0.7449365970384756,-0.2352983628358107,-0.023107062258049895,0.10164701983765542,0.0,0.0,-0.28199897397311624,-0.4772482871152354,-0.005834727906523088,-0.006115151579784485,-0.07905321622114261,0.17552340254208304,-0.13834884754060875,-0.10417983628774533,0.13903264891441378,-0.01620258680736165,0.04414052911361927,-0.07211767226098191,0.06040085671188252,0.19554811776983588,0.11378853329890462,-0.6070915768133289,0.04686416037470083,0.15059409039398114,0.03772703663052286,-0.1934191582223645,-0.09765879758309426
163,-0.013489861755290567,0.0,0.005514780263958509,-0.011211005380728572,0.011651297011296689,0.034447582799588615,-0.14107600537971557,-0.11659984614992615,-0.24626749542078386,-0.025247327055929466,-0.2627528578531257,-0.02383043672447677,-0.12332941855739145,0.0,0.0,0.0,0.0,-0.11302082270696284,-0.08664373054340452,0.027765642173240568,0.023654182589554533,-0.05666885539502931,-0.3623416183082733,0.06339119213020436,0.1742119683169665,-0.3081940442734512,0.0625875875206284,-0.050370390530261426,-0.1467129414419855,-0.2910997607510941,0.053868125282297855,0.023767639336392532,-0.03148910556148082,-0.07800918241808576,-0.14142797989445716,0.2417965055653788,-0.7656281935637745,-0.22677111895894966,-0.023107062258049895,0.09913723592988537,0.0,0.0,-0.34839825923136303,-0.5055724308495185,-0.005175571024267692,-0.007511606186108025,-0.1522075943341728,0.16887677617523997,-0.04796806937156569,-0.16053894625087856,0.1135809901759127,0.0094919708440249,0.04299378565162557,0.002097880513144044,0.02270908384868213,0.18401395491831202,0.05554885764038798,-0.7411135410866015,0.04818542952865913,0.14475734650508176,-0.1322637448633267,0.011450450957071465,-0.06455333968834084
164,-0.013489861755290567,0.0,0.003534895234738682,-0.0075914901000099615,0.012868204247272755,-0.0018015284615245947,-0.12735831077727972,-0.10322360454521579,-0.2932670071937112,-0.03892745069860862,0.5137329736288712,-0.017978763129152392,0.12556146200402896,0.0,0.0,0.0,0.0,-0.10412653061166886,0.014382754396270046,0.02973284223823001,0.06360850936748141,0.06996428103365458,-0.35884469580219647,-0.09022418135074257,0.09994034919526734,-0.272912639312512,0.019923888093077134,-0.0554664766888341,-0.07675715735228499,-0.45038802982299814,-0.06850640898791904,0.013563488245929902,-0.030064074353730222,-0.04636914756622637,-0.19260191347358252,-0.03673549480844066,-0.736654988867651,-0.22722503728839735,-0.009809672682528608,0.10926872851017241,0.0,0.0,-0.3383447392693648,-0.5025914290340957,-0.005834727906523088,-0.005412495829671593,-0.20083406612943558,0.09413428046563277,-0.009787469520114365,-0.17932620593625845,0.36646589640662486,-0.008240345687744193,0.07447776886864332,-0.06652683564817004,0.014050222098150093,0.07727092570737948,0.055090504449949534,-0.8193209182614022,0.03533351885889106,0.1741752101558037,0.03931467189422605,-0.045332718921568683,-0.09730560040265339
165,-0.013489861755290567,0.0,0.0033292549664323233,-0.013981635387113162,0.02355731880709913,-0.2569962689374506,-0.12118346067912213,-0.1395062147302899,-0.28061099941539347,-0.02213268676329966,-0.29574343150185795,-0.018718475977909703,-0.14625522939992247,0.0,0.0,0.0,0.0,-0.12326398975653002,-0.08803201531814478,0.04870228403531682,0.048868763979598384,-0.011187583604628033,-0.4339537584131965,-0.011325369839897886,0.03842090307448442,0.0641512966067436,-0.08316552225641322,-0.04862195345637929,-0.08552585749204533,-0.23561130492784468,-0.05315242888251079,0.0652754172903748,-0.03170240109152896,-0.08173840704903068,-0.19160430011869173,-0.09238302880865003,-0.7553244121875858,-0.2454365142403133,-0.02316452190806677,0.10097821124320898,0.0,0.0,-0.35719493847604394,-0.5076753081645046,-0.004742297207477901,-0.005056399787407271,-0.10541640604310137,0.09993454101216093,-0.011529001976192752,-0.33431742059232267,0.12047917763529381,0.003037115298054361,0.043763647437936475,-0.007162549896726529,0.05028512939802106,0.12097831344928951,0.10533008993075099,-0.7081547211101448,0.06328927499429911,0.144281505230579,-0.16335733248029097,-0.041987271246415346,-0.10329768239330249
166,-0.013489861755290567,0.0,0.005514780263958509,-0.014403862949278302,0.02355731880709913,-0.2562037082158032,-0.13099261870250625,-0.16367196203730808,-0.2810091689136809,-0.011906800247060447,-0.28517207084807006,-0.023139363607730713,-0.21555171176109572,0.0,0.0,0.0,0.0,-0.11406483580347794,-0.09124283525651847,0.04830408137499123,0.03244209536043506,-0.045995760673546764,-0.394985393580301,-0.005869076296166663,0.029014558076121872,0.13783227742865337,0.03368089400383749,-0.057303674935429226,-0.08059640917237497,-0.26099847766415524,0.0651144007477645,0.08371398149958725,-0.03175812829955826,-0.05808465094749669,-0.17826163430842437,-0.01630095834668902,-0.7509524949947021,-0.2668093391269227,-0.015159931460659963,0.1184977402261769,0.0,0.0,-0.3547737775567226,-0.5155665409043816,-0.005519569697519078,-0.005136417388196315,-0.15435818453484096,0.09919263026295083,-0.010648684804286903,-0.3117391129696226,0.14072425954587123,0.005912598984203441,0.044228492787536676,-0.005619854263004962,0.05887487308421764,0.1576776449833316,0.10614788408512207,-0.7417157723539743,0.0642201717496398,0.14666374861130108,0.02927907278145008,0.025341424517048704,-0.07765673949153842
167,-0.013489861755290567,0.0,0.0055823627204190296,-0.017223499218506386,0.013030899037097438,0.10888569540846399,-0.07140320678336239,-0.048052506938728715,-0.18709482468378166,-0.114395096412886,-0.37844231377666065,0.0028236679305672406,-0.20877750402400755,0.0,0.0,0.0,0.0,-0.12724195414592468,-0.05642156098294423,0.0854305755099504,0.033990756217130075,0.34202214195292413,-0.4196801547700757,-0.01419370213390965,0.1753086985962989,0.02029579961973005,-0.06598707027386737,-0.031070915938476187,-0.04809364328488278,-0.26089123519066615,0.13496408201124108,0.05585985761257218,-0.016277970246660393,-0.07740329611383935,-0.15585432843672184,0.1629490282205151,-0.6732739767343284,-0.30006560033905216,0.00025575421373671075,0.11124215435206031,0.0,0.0,-0.19045498244168352,-0.5169358821230821,-0.003105930080214778,-0.0001358367828479142,-0.40726070229638256,0.23509866381735695,-0.06148584055776781,-0.053182855685796365,-0.0012975139340099377,-0.007557238265867616,0.041846048188604615,-0.004081981804487924,0.07029711796636214,-0.15827391711854016,-0.10895993852202458,-0.29952300820727706,0.19803663793089651,0.0534077339548094,-0.007650593956872085,-0.072161720220475,-0.07923128582821204
168,-0.017274450213620084,0.0,0.0037152868251959957,-0.011376380154930695,0.010449182303132545,-0.0213353139164254,-0.15923814003394618,-0.1462261490254341,-0.2859174224585215,-0.0038784406848167445,-0.03811733230148931,-0.026413318489266015,0.10231349348060328,0.0,0.0,0.0,0.0,-0.10374677973010935,-0.07004090827165214,0.03423996588197122,0.040384564726774166,-0.05808248179453373,-0.4104140460396596,0.033808997693987895,-0.06074737881252767,-0.20336084177475436,0.02708732812245503,-0.04578927389888065,-0.1091759986468576,-0.2966465450423019,0.15506689184723296,0.0002341201486975659,-0.031234830503082067,-0.049150601458826576,-0.17932332788507144,-0.13579118969963422,-0.7636771857736269,-0.22928143184309546,-0.023148178814919616,0.12040790636502034,0.0,0.0,-0.3181245608236224,-0.49076405800533796,-0.007221446660103402,-0.004970084154373534,-0.15327924611430566,0.09092392362922333,-0.02877696273742297,-0.22428517936904216,0.13150397739734634,-0.004595751983267345,0.042678802228850135,-0.04213500074432067,-0.005854056215118705,0.13436809500744637,0.049997463371662616,-0.7086001713420379,0.08245515276842558,0.05857219257451429,0.023849525068322903,0.02783243197558552,-0.10116351349707957
169,-0.013489861755290567,0.0,0.0037152868251959957,-0.009174821747760974,0.02446519525890271,-0.28502030990653926,-0.10522350678618218,-0.08451192096959707,-0.3345777408879407,-0.02283211706969743,-0.029946042823313028,-0.015515445915548744,0.11543324175141785,0.0,0.0,0.0,0.0,-0.12181234028237875,-0.09985561211949316,0.051625329126904575,0.024288110667132976,0.005331579805795962,-0.40832772941726997,0.061068660321995656,0.08143717564494647,0.1684958323029729,0.04121531104220891,-0.049242324970931936,-0.1394362456573396,-0.4683018171957054,0.08582193049176348,0.06748833488983402,-0.03008739480269583,-0.06446132304358365,-0.2321290250090638,-0.09525158408016689,-0.7345093599099698,-0.24998460469611292,-0.02316452190806677,0.10023659464962627,0.0,0.0,-0.3240617090166063,-0.49825219705162077,-0.005834727906523088,-0.005318208439330264,-0.15991477494854753,0.12740349040606533,-0.08896516961343595,-0.37868015615102657,0.12743838447743636,-0.010537714086463099,0.04367688244375334,-0.03781402478721599,0.0524391073482833,0.15602458354615922,0.09775937179985765,-0.7950863313025249,0.051169675449643626,0.1686143507603205,0.04844002136249262,0.016702931945343155,-0.07275149146489651
170,-0.013489861755290567,0.0,0.003534895234738682,-0.00932907072289509,0.0247742260430752,-0.06455672631877893,-0.09479380005212851,-0.0782612249344823,-0.3750326797524199,0.02994962386520608,0.5242041792869652,-0.02430705041559262,0.14510874031632157,0.0,0.0,0.0,0.0,-0.12294758570270689,-0.09906890774534924,0.03156631878163707,0.035241750313596276,-0.05220082855218558,-0.3423176487373906,-0.0881188241777718,0.2475505958694378,0.11989438250920045,0.022256846624231413,-0.04865959069052377,-0.09164569186239205,-0.47726821702816996,-0.06914293306055769,0.046654578023575956,-0.030348080408612157,-0.04675331408874013,-0.17748717722812954,-0.013240616358325826,-0.7270696444230826,-0.2789477186349162,-0.02316452190806677,0.10520508542988093,0.0,0.0,-0.3476863183533278,-0.4916865754919705,-0.007221446660103402,-0.005075509646826916,-0.22197714373194688,0.09149507438073443,-0.047590584388403884,-0.2565441938301646,0.3593910463947379,0.01130719923382861,0.04305492268791887,-0.057237714209108594,-0.04825156135792348,0.07736069737701716,0.09896642402517332,-0.7950291350975576,0.06611932814508797,0.16295213163425673,0.041915958316192416,-0.050788603198502695,-0.10667198789993816
171,0.06270911290518573,0.0,0.004579431934979709,0.07087847921835663,0.09999014786463774,-0.2277125284542339,0.16907002776766897,-0.11893485349998573,-0.541642430842549,-0.08746612248729876,0.46860090635483675,-0.01410078822864134,0.02978690449862709,0.0,0.0,0.0,0.0,0.17507110527707748,-0.02060933613017467,0.02877898719061494,0.16869124301011068,0.015865897712660865,-0.2601572673919465,0.14973696276296736,-0.05266385402868105,-0.07078992136133043,0.01904347488110744,-0.04458316822841226,-0.13527063871993417,-0.5065789589514578,-0.054683321189709616,-0.08962491457276797,0.05013342487640231,0.09220448196568927,-0.2440153291670288,0.11562762358097937,-0.7172646632308307,0.9246382562559958,0.018854556266538446,0.1761569168200412,0.0,0.0,-0.07497743768259345,-0.32987858371525386,-0.004552420893727206,-0.025353429925151345,0.4881602656110048,0.044169136836454834,0.1767631956962291,-0.4925010034484439,1.2397979578995566,0.011948803043211045,-0.05114406205776896,-0.012191582082316849,0.05552813781326781,0.08575208057481325,0.029472044276464163,0.027313446048879367,0.05626056405554594,0.26567206651782244,0.05362881685775594,-0.05453413739339314,-0.10386622683995612
172,-0.01243054971273102,0.0,0.003213688037950523,-0.013563552928851402,0.01901852898277453,-0.24824696383399752,-0.03524412444880958,-0.1461733988614337,-0.3718996290908866,0.03171384386146729,-0.052626536540285644,-0.022120712267991414,0.13546866674483396,0.0,0.0,0.0,0.0,0.5488562019136457,0.03223721343703378,0.02469638627675786,0.09490166460277609,0.056624662360792936,-0.39210445589934784,0.05056615656589447,-0.0333237727273771,-0.1394946979456273,0.02882444918453653,-0.05376452759527302,-0.10010947998235337,-0.4352333829456726,-0.058664628873933235,0.023166677414830954,-0.030722615410233765,-0.03325465887826697,-0.20488367933449503,0.002728819654718684,-0.7592778469682417,-0.26362260998909504,-0.019159440195841808,0.10336015826705972,0.0,0.0,-0.25933421166017234,-0.4882337983104312,-0.007221446660103402,-0.008203126313108553,-0.2303264220451774,0.07245525701619805,-0.015535594915808444,-0.3183384994242656,0.16442004559029536,-0.023412454961930448,0.20728788095621128,-0.08693749066705342,-0.03565510542312184,0.1094957960391817,0.05398999805849679,-0.6615250945523081,0.028936547767692063,0.14704051606238644,0.04886758552042592,-0.051656209972996144,-0.10574311083715825
173,-0.012422479507458372,0.0,0.0037152868251959957,0.06567185536621274,0.00805548129765863,-0.1976768729780206,-0.15485384228041102,-0.0005326989053814708,-0.44816183535150567,-0.04955352753429266,0.5559500611692177,-0.01510343859500055,0.04533216667672048,0.0,0.0,0.0,0.0,-0.09849731795160059,-0.07945339215877173,0.033514449944047134,0.08619103544142262,-0.040121453124702215,-0.33142822476564604,0.12521624516271934,0.02738694550913163,0.07092240497184787,0.025935239071546472,-0.051066532639022125,-0.11077104185115264,-0.39562323489267665,0.07205192204675027,-0.048169375283978584,-0.03263574449357181,0.0006160974872661132,-0.24098742797943412,-0.08521358777142697,-0.7514973952471179,-0.23070427957997922,-0.007017435537500218,0.11010327399456045,0.0,0.0,-0.327513726363011,-0.435762561118276,-0.007221446660103402,-0.008099020140768371,0.5641358974966936,0.08699279368941877,0.010313511404111445,-0.3258490499521002,0.7128493956897884,0.008559800220118026,0.09933032919475357,-0.0484991196540409,-0.05230283891306158,0.1237479949477275,0.00025818441073936267,-0.8437208997790319,0.021436550041877785,0.2010231455063606,0.05708004177436237,-0.04259950204855293,-0.0995163550535039
174,-0.010291944962176613,0.0,0.004120542960179605,0.06900338301118035,0.008048199665374975,-0.20746700593979459,-0.17089276493060337,0.1314667166322849,-0.39218080926862653,-0.06271972362511288,0.45506967649881014,-0.021675112349793822,0.0998959091872438,0.0,0.0,0.0,0.0,-0.11226780394259843,-0.07721276314926741,0.047687704789237395,0.11610245627908367,-0.06972417876321522,-0.3452757596337241,0.011031702096069703,0.011456203242296435,0.006783309203074428,0.023655840246193778,-0.05392655040241208,-0.15111215233452374,-0.36864518858197903,-0.07575690948189585,-0.0022311641782711868,-0.030711308354983743,-0.02440250987167926,-0.252423550269335,0.02800515986851936,-0.7533062850004286,0.8723229373549641,-0.07058168475961775,0.09850610962559968,0.0,0.0,-0.3765237373510029,-0.37122371443947827,-0.004982982461278424,-0.00911185867474965,0.5358723210301881,0.07268916040852803,0.1148886520816077,-0.39698877145924444,1.066733590606255,0.023310252812969622,0.10665559579793829,-0.05040705372209459,0.045207469751591914,0.10754843158887825,0.009069244273638085,-0.84608890199656,0.08201566788809701,0.20184806172508532,-0.2123357525825275,-0.037862128678465785,-0.10493278482197134
175,-0.013489861755290567,0.0,0.0037152868251959957,-0.006906676361900706,0.012868204247272755,-0.27125276144965577,-0.17581199267393494,-0.17473331762984495,-0.363609795192192,-0.04712537958943478,0.42862551602439425,-0.015377212090220206,0.08156205305983465,0.0,0.0,0.0,0.0,-0.11659932774667363,-0.08207993433001368,0.026113256941544555,0.04110321293848728,0.06348198884213026,-0.3510102521849196,-0.023650650470158983,-0.0038893994305444495,-0.17421903079382184,0.026266614494382733,-0.0490475624132306,-0.11249660037057799,-0.42130384819214045,0.06533982045656192,0.011064345283477574,-0.03217929708060121,-0.044915408285815195,-0.2268148369490501,-0.08294355771854503,-0.7580964639940324,-0.26545986999665133,-0.009809672682528608,0.10405832760365803,0.0,0.0,-0.3105329264511474,-0.5017184344247136,-0.007221446660103402,-0.0037269612919485426,-0.26486229578864856,0.08637094969055352,0.030307209150840637,-0.3097292867334742,0.3721788951558908,0.011282346919396738,0.054091343015577234,-0.022336255498111388,-0.038470767662627074,0.12814409093924595,0.05259639712046701,-0.8431575240741257,0.01950990482142045,0.1883664192093627,-0.11764269829527434,-0.013159830297807276,-0.0931271584978901
176,-0.017274450213620084,0.0,0.0037152868251959957,-0.007282461202182932,0.024375789478301747,0.14309590946126424,-0.05943577749903231,-0.06507286530048954,-0.32642872120791694,-0.0421748558927986,-0.055666874645025934,-0.014138030216126878,0.11199548021768489,0.0,0.0,0.0,0.0,-0.10796883120423857,-0.03265183742060359,0.02526076441869583,0.06864483503464286,-0.18778225246676206,-0.41047628598263725,0.055101521871040914,0.04009822057849828,0.09666395007378284,0.0314599597235222,-0.053709387428264685,-0.16817898524648534,-0.5709096457969102,0.07107469146494638,0.05272119890251159,-0.023248960442450423,-0.04333161663213858,-0.19885859081600787,-0.09755531572327071,-0.7417178516848525,-0.2762477899143136,-0.009793329589381457,0.09937327190205278,0.0,0.0,-0.31873664615567243,-0.5006300867492962,-0.007221446660103402,-0.0052892773608314275,-0.2455026983172649,0.10649819170873372,-0.014985995529792821,-0.2004249246626081,0.17074857923864975,-0.013364394960266875,0.05004021865430885,-0.08407742740036392,-0.05362297689648693,0.1367141412222786,0.09933951212832254,-0.793845938418463,0.04601618520092353,0.20053419514300383,0.013306049575329073,0.017856433267149505,-0.08577634596926097
177,-0.013489861755290567,0.0,0.0037152868251959957,-0.006906676361900706,0.0247742260430752,0.06413219338389961,-0.11131150850978731,-0.08663839805257768,-0.3329730618014523,0.005595466155768015,0.4899789444854388,-0.015356975857768367,0.11636782018552295,0.0,0.0,0.0,0.0,-0.12795478466066715,-0.08262271267559858,0.03397485555596691,0.08554141290124259,-0.04843996348957796,-0.3745983216815301,-0.05440471737233466,0.26970712612033954,0.11589746782898105,0.02596635003286067,-0.05495140909990442,-0.14084814041913302,-0.5856654529427224,0.08153215063761735,0.013386576311688759,-0.017690653745505887,-0.06467997014364289,-0.20920346111978483,-0.03970529215408355,-0.7211327842258252,-0.2380605834132612,-0.015159931460659963,0.09862722168409631,0.0,0.0,-0.31280855818040565,-0.49845401983752446,-0.007221446660103402,-0.005075509646826916,-0.2449368286060288,0.16878169908362306,-0.04365104290053611,-0.256257201087363,0.3581934037917921,0.002819349903347927,0.05542844294038599,-0.07945305839820013,-0.045792119508167924,0.10873742369066439,0.10383156101930995,-0.764993396110386,0.06627299346745232,0.15130249732263362,0.035820637845208746,0.017994480897244026,-0.08403182251110318
178,-0.013489861755290567,0.0,0.0036227574229468562,-0.010576905613632144,0.02446519525890271,0.017034600485226172,-0.11400244768891642,-0.0774575161442404,-0.29180997922960145,0.002982434006267829,-0.042930284265893286,-0.020776937497362605,0.013211400965336602,0.0,0.0,0.0,0.0,-0.13020701837772228,0.06948999781585351,0.04268928028531629,0.0742713583812464,0.050390512314347886,-0.4201943061877038,0.030786517390744363,0.20791896787589467,0.0850812400599466,0.02478184538033987,-0.06130343076732389,-0.16507625390687744,-0.3323598422881113,-0.057575029216016156,0.042909697859130416,-0.02983070069529673,-0.07970988202402139,-0.19439888091218666,-0.16946347225256542,-0.7377388347830158,-0.2385524579549322,-0.009809672682528608,0.08921929114305206,0.0,0.0,-0.33575792755315986,-0.5046628266990025,-0.005268598221920881,-0.005948632903351362,-0.22101191003239962,0.10281031144158105,-0.03939130963760057,-0.15757456508137907,0.13899637495428918,0.003607357196620164,0.08073293398836279,-0.053080489621611285,0.0730420625939479,0.07944736211891366,0.10718539369615196,-0.794971533608683,0.06078080182170128,0.1784888943963191,-0.16337492310042293,-0.01900232151645443,-0.1012734198690244
179,-0.013489861755290567,0.0,0.003534895234738682,-0.006906676361900706,0.012868204247272755,-0.2737442990399895,-0.12269136558405859,-0.10241629329406964,-0.3459290453193909,-0.06346163055387653,0.4346608754036137,-0.02212171120115286,0.09115154098827737,0.0,0.0,0.0,0.0,-0.10761264333289175,-0.07583206324251777,0.025484166045313998,0.06742638202132598,-0.050598023276972146,-0.3410482710250396,-0.025710805766632983,-0.0037334672900642667,-0.1751550947876271,0.02903321900094159,-0.058096399257257854,-0.10851461897302153,-0.45733025375758807,-0.07105416901422718,0.013800952030053847,-0.030344595387547822,-0.04278274866110528,-0.22885423617546002,-0.03732913262259983,-0.7601632687465641,-0.26116708014200535,-0.009809672682528608,0.10737512759790636,0.0,0.0,-0.346541089961368,-0.5011736127017911,-0.007221446660103402,-0.004829585331414148,-0.2676281534706308,0.08670481792019355,-0.009500306426789687,-0.3846976042861253,0.356550226379608,-0.004581975169124953,0.05555591348996785,-0.07065463549829464,-0.034311400236552395,0.1568531506419573,0.049779528494898515,-0.8227221836043761,0.024301460423086816,0.1936582787889444,0.05145810817650046,-0.028857399161228637,-0.10770136089407747
180,-0.013489861755290567,0.0,0.0037152868251959957,-0.0075914901000099615,0.012382470924134355,-0.24076507479808004,-0.1448202341515315,-0.13972929792715638,-0.31476730630688554,0.02197878713784346,0.5005668394204528,-0.016421260705254407,0.11536942181823934,0.0,0.0,0.0,0.0,-0.12339793054792302,0.06769189472216504,0.04891998163809184,0.08051044005419161,-0.049358496127729704,-0.3312350747462759,-0.058366098860582236,-0.06297356995961409,0.13972685444931557,0.03641084210278172,-0.0663328059504622,-0.14720315054184974,-0.3756815832229502,0.07028715005519574,0.07634206697329067,-0.0318064976748197,-0.05252275490658583,-0.20497689080248038,-0.09629130217724317,-0.7296683621730652,-0.26036776377709797,-0.009809672682528608,0.11906235689362296,0.0,0.0,-0.33125444093256545,-0.5012739985407494,-0.006369701214858737,-0.00519951720862603,-0.2536629547448464,0.11556746387269091,-0.01304234241080696,-0.32119116258051916,0.3569679205420672,-0.004738977699689107,0.08944664706501629,-0.04377335696554697,0.020557296967948453,0.09139161374845596,0.07840718558069232,-0.753832004516622,0.1083735996688825,0.15911737824580294,-0.19910578899917278,0.017473206339289192,-0.07379393079641766
181,-0.013489861755290567,0.0,0.003534895234738682,-0.0075914901000099615,0.012475837380004172,-0.28134181067876124,-0.10265825304389789,-0.1283741484261452,-0.38150174076949367,0.04009635515508912,0.520230044745615,-0.025033560520130206,0.13379879628577315,0.0,0.0,0.0,0.0,-0.10234040594170025,-0.09796105132707826,0.0321162752603922,0.032005792928776325,-0.048860312776185015,-0.37030635824230346,-0.05477234272499631,0.07175754158420403,0.0614219962962342,0.027256601634003966,-0.052237243239684615,-0.10620205208127076,-0.4555487102419204,-0.0694476312950445,-0.09860935308713709,-0.03010027143523393,-0.05076599667084527,-0.20603146681762036,-0.04116893631888131,-0.7412757866052998,-0.2632396023442819,-0.02316452190806677,0.10262831828527916,0.0,0.0,-0.3435817562635733,-0.4985244065762886,-0.007221446660103402,-0.005474737565692015,-0.2607266499617863,0.14415487334893662,-0.07611033347817549,-0.4007700707452385,0.357682793029003,-0.002128219422851045,0.042182262035127996,-0.04213020942255465,-0.04528690300059179,0.07736069737701716,0.04512821783966231,-0.7769504466927531,0.04039616134898736,0.15978314203662153,0.035901307299098295,-0.054055614420977983,-0.0989215687507669
182,-0.013489861755290567,0.0,0.0016176237158779829,-0.010043126832373147,0.00954130585132897,-0.24389687652639497,-0.15626073344456123,-0.15312430858845405,-0.24531838737709685,-0.03363001909960946,-0.308065057536077,-0.025162631076928423,0.09991006628429819,0.0,0.0,0.0,0.0,-0.11431737502391356,-0.0897225058589892,0.035409249302735736,0.03802560514056953,-0.04788813424233021,-0.39812321108215304,0.06199838529434328,-0.057145057371835166,-0.21706069623516053,0.06376010420745035,-0.0467968826085605,-0.1563168709951139,-0.2070676635655587,-0.06041432138882926,-0.025526325596889134,-0.03259426826705328,-0.08697354124359108,-0.20196823511816986,0.4193169909241835,-0.7577649388137252,-0.23089151837066726,-0.023107062258049895,0.1041385992915151,0.0,0.0,-0.3507178988609168,-0.49791126334482977,-0.004742297207477901,-0.005694215801498356,-0.15527498401908,0.14485401669134984,-0.05349083501919592,-0.26790272941243104,0.1020813594737251,0.0024805298771031097,0.04243038668001992,-0.009713855412528142,0.02425671261001867,0.18178158744760672,0.05123584317116085,-0.7034890630978875,0.0509173644696819,0.13163118280122346,-0.16300471159280172,-0.022816438724984536,-0.08880642497806727
183,-0.013489861755290567,0.0,0.0037588172881172595,-0.010355412569135558,0.02446519525890271,0.023201726200476037,-0.08169054018854166,-0.07870058881009742,-0.17921413261808714,-0.023399159507557513,-0.02292149861008661,-0.007678447456548451,0.14343427736329462,0.0,0.0,0.0,0.0,-0.1449282338693868,-0.08223952430626175,0.04973641108880663,0.07693169224827417,0.10273100852365402,-0.33897897333213606,-0.007985733417762179,0.23871544681854692,0.1378145624270067,0.05783332664695717,-0.05826287543651192,-0.07638845030355486,-0.4828139972130723,0.08252607028029058,0.07376427242864084,-0.03211712344217851,-0.15292861665441934,-0.19745351116897103,0.4000648827420103,-0.740290963635061,-0.2675520026863245,-0.023107062258049895,0.11236179008656379,0.0,0.0,-0.26157618900875873,-0.4835089042095487,-0.006369701214858737,-0.006557628355244564,-0.08934311427892948,0.17273656439533175,-0.10773644268166314,-0.0665854514572341,0.13381718242358326,-0.0010528137150387442,0.04474548797206621,-0.07420908866584422,0.040824232649213664,0.1878454613010071,0.11205314859506586,-0.6413296914620527,0.046059932639596735,0.13305430679880814,-0.1413670602720818,-0.18977663547319193,-0.0811652397963069
184,-0.013489861755290567,0.0,0.005670224908627204,-0.017223499218506386,0.013030899037097438,0.11355692727466399,-0.0805516004442715,-0.07149986311772134,-0.2058363185635777,-0.10903295959128298,-0.3911850759652869,0.0036281997131428077,-0.2607737808781371,0.0,0.0,0.0,0.0,-0.10491238936018708,-0.060942043812316146,0.04445790183752535,0.026798915546647983,-0.11940890555965847,-0.41509883685079196,-0.013429726715336498,0.07224653935583147,0.027188467935906933,-0.06872081674114486,-0.03438596450678687,-0.03737561579906541,-0.28936680246383395,0.05574613770791852,0.06114926419407092,-0.01649283167051967,-0.09745971877662467,-0.15791204722290997,0.18077074132390286,-0.7289214093857652,-0.29567197804150175,0.000274133705345129,0.10574087778735522,0.0,0.0,-0.20529224995868267,-0.5143676617668196,-0.003032063561717537,-0.003035599116413858,-0.4005892379913854,0.22081907801301756,-0.06690382378425394,0.039845565902351526,0.02929092089280051,-0.010753846043057638,0.04891354594919957,-0.003226392379972002,0.0715582278805053,-0.18312417338464712,-0.10895993852202458,-0.5823154124172695,0.20015736180477306,0.09822329004301981,-0.009901605045889082,-0.07100776903762245,-0.059145685413363534
185,-0.0075785790065693096,0.0,0.003213688037950523,0.06642884049328578,0.02848746390329725,-0.19544009549230362,-0.06358545219762092,-0.04567778852772139,-0.42823565352322845,-0.06432137171399942,0.41803126362818704,-0.019820474282037374,0.07951482921495093,0.0,0.0,0.0,0.0,0.585838101480291,0.17944407361457393,0.048692314970725875,0.12207565261495694,-0.022133700040480948,-0.3495473155116395,0.008611829352397281,0.2874947875653522,0.1331676758554772,0.020095109761753795,-0.05093001755992634,-0.1383106991940457,-0.38434902804329246,0.014276988378648745,0.04231796534765018,-0.03122602310887137,-0.03623279544785422,-0.23606963792010677,0.07869305137184603,-0.7268964406779174,-0.2275323526173338,-0.006476446836108674,0.10438129388376731,0.0,0.0,-0.2740967113349943,-0.4373166635694308,-0.006369701214858737,-0.005081433766278008,0.6239271076533434,0.08116315568355834,-0.03465172561004253,-0.3548974677505282,0.6073433219377049,0.0052075973575130335,0.25477115097992564,-0.051178218294184105,0.014358618732770799,0.13449672677333524,0.06556130285694702,-0.7063105406528675,0.0519377327525569,0.16443304345663484,-0.26328529625260483,0.01925650885220858,-0.07306225095529728
186,-0.010291944962176613,0.0,0.0022032714413189056,0.07055125685503988,0.010142728795520174,-0.20869923195930026,-0.043732002891732125,-0.025990692999794892,-0.39698468347507176,-0.08002759117375027,0.4695094861292555,-0.022744755807595617,0.1435485692232345,0.0,0.0,0.0,0.0,-0.11226780394259843,0.0630604489553271,0.04641770696924489,0.13471271674606486,-0.006580961892333575,-0.33900539979855954,-0.011242615861977247,-0.09709642827721368,0.12927762150609273,0.021534455208094754,-0.0496377771901028,-0.13056703573623296,-0.40484235197919805,-0.07250263113158391,0.08405126649064058,-0.030711308354983743,-0.048011524222578116,-0.2422329354676144,0.02723356472532266,-0.7395337027419643,0.8726255083140344,-0.01700778453484378,0.09561682811498622,0.0,0.0,-0.3754571248390188,-0.35811156139945194,-0.004982982461278424,-0.00911185867474965,0.5230126455204388,0.06423543116524616,-0.007540574787813834,-0.3499015135589432,1.0332520446719293,-0.010667942241592109,0.13775212488126617,-0.07249221163453073,0.04137354448277613,0.08961271159360737,0.03868839566459006,-0.7435618679579182,0.055289878790131204,0.2272132900025345,-0.19869529410311368,-0.03339168863107365,-0.10095419640285756
187,-0.0036210678881351778,0.0,0.004027948976684192,0.07202804805342887,0.09999014786463774,-0.20868423637249825,0.15918924694023343,-0.13443911501609646,-0.528643071068921,-0.08668322333448343,0.47105683540234533,-0.013151501410500421,0.0302282666861339,0.0,0.0,0.0,0.0,0.10138103688686308,0.06014231601903836,0.020802248919917256,0.15432454581202446,-0.026000691553493945,-0.2911835099500382,0.08678886021851352,-0.21897191850529454,-0.05528437475693805,0.009038678469181487,-0.0431719124097464,-0.14903280878963576,-0.4689617262413259,-0.060642571845778884,-0.009428981292546284,0.051950929564131124,0.07888367324158561,-0.2650669819153997,0.10715528328791626,-0.7234287360696424,0.8497282909941797,0.11966562451911304,0.24304886108984952,0.0,0.0,0.0379117927595251,-0.3288125633676829,-0.008321373209878847,-0.020666160495228302,0.33965576698563954,0.0479072606161941,0.11946695306515255,-0.4628305169858371,1.1761114613257422,-0.012876210417476787,-0.05421404247743933,3.176494978753339e-05,-0.03412964812928592,0.056119700089637764,0.035037573581254665,0.06410798486747626,0.0512590480978524,0.28699242162764443,-0.2417723617722351,-0.03621528180916247,-0.10070049896104323
188,-0.005141166447391673,0.0,0.0021106774578234927,0.07103152642853246,0.09999014786463774,-0.20061063417861488,0.17293507094071975,-0.12685196890952918,-0.5143273402262202,-0.09726448929900158,0.4602330682525536,-0.013238759670847082,0.030775868908371418,0.0,0.0,0.0,0.0,0.09877829418655136,0.11830156350912331,0.04718276450054897,0.1524420987302119,0.025683804674820326,-0.33021120335870907,0.1312021634043127,-0.25589017731687286,-0.06140163553893471,0.00928967409553184,-0.04279698995474396,-0.14551133849978265,-0.4958598721025571,-0.06081540217777772,0.02458129665448226,0.045406677535691595,-0.04392617973289917,-0.2641649276475533,0.08457642801624218,-0.6702663987640035,0.8449193342796808,0.007281605224188676,0.23508655257970557,0.0,0.0,-0.3176009466207688,-0.3376104250709869,-0.008321373209878847,-0.02059951079033016,0.524441577294582,0.05873056981470594,0.16004333677369006,-0.4803844267814171,1.1290702941818782,-0.01219682837695281,-0.05447071715176565,0.0015519222330200777,0.03352884619931675,0.05639094677774141,0.029472044276464163,0.12614096361972002,0.051157159804934106,0.2666147515211734,-0.2026058980673498,-0.060472697859202056,-0.09567529794395448
189,0.06681999410712806,0.0,0.00608332455150142,0.06990811169601474,0.09717514227691257,0.04734517350765137,-0.07836971998148172,-0.17190435499654094,-0.5198263057799503,-0.08481777818949615,0.4512159256856996,-0.013974481763960201,0.02790536704155252,0.0,0.0,0.0,0.0,0.07445064261171316,0.06004404681683395,0.02271442058178107,0.17805905226516783,-0.27740303194171245,-0.27701393424589266,0.09854785919882536,-0.007228835645005981,-0.06545191969413693,0.010216232874533767,-0.049072423989013285,-0.10533806242389189,-0.6204068590639618,0.07069927429743118,-0.026990659805602356,0.05191118198184447,0.14773721281056099,-0.2171089260795798,0.09194266221087898,-0.5818942040290059,0.9247081179400425,0.1129908431146984,0.1591199672446244,0.0,0.0,0.04475211997265899,-0.3227213103398883,-0.008575329092911203,-0.019277155568158788,0.3232994666853494,0.06490852666737106,0.15759482754849535,-0.3146078484786074,1.290825052913014,-0.0013641037199482973,-0.05794021802484804,-0.03920226228845439,-0.024948896559699785,0.0697442868186933,0.027991005014648396,0.004533978705378542,0.04955547726925361,0.2939283509142196,0.032409469933725656,-0.009211824563920367,-0.08991391409928708
190,-0.017274450213620084,0.0,0.0037152868251959957,-0.006016235817776314,0.0246302000704434,0.27306429338965044,0.07055221565107041,-0.09534228547071219,-0.18046348807765272,-0.011649536021771666,-0.028169390192500476,0.004940938935529903,0.13061310850627475,0.0,0.0,0.0,0.0,-0.14520992588318435,-0.018285061280615956,0.026867611910895827,0.06080312546175015,-0.1484017338360266,-0.3790068810497522,0.027491717220428234,0.09924280867321551,0.14233952595780486,0.06079187077786702,-0.0476302771165218,-0.11639821679542867,-0.5812245423897621,0.08478037324887776,0.05806212908001936,-0.02496995354656269,-0.1548562243863992,-0.18436661230621232,0.4008379891661102,-0.7494965440022507,-0.26755930172504955,-0.02309071916490274,0.1063317031031192,0.0,0.0,-0.26224768054831843,-0.464615172891939,-0.007221446660103402,-0.00608542624406178,-0.06117178114698711,0.14821332226762132,-0.1331164643421573,-0.1014829294250974,0.1459932901867484,-0.008667945201896711,0.0483834137786061,-0.057065669577401994,-0.040665724804302514,0.1888426653741446,0.10906689324261644,-0.5910180820770368,0.04594773773460811,0.1550934341714071,-0.01143448548802404,-0.1490984020959227,-0.08744459280554777
191,-0.017274450213620084,0.0,0.0037152868251959957,-0.008531715910446616,0.012129813442312346,0.09558270024072447,-0.10615613236217349,-0.13137792271019363,-0.31360372040957607,-0.025609574834504534,0.42272960277230237,-0.01701190566137889,0.1026254950915741,0.0,0.0,0.0,0.0,-0.11930968450754409,0.11982193923631314,0.050022334210419135,0.08143326372660503,-0.20647276880103277,-0.3223418335042282,-0.05360600275657497,-0.0358194783087642,0.13158286579509357,0.038408453186622664,-0.054184756683780026,-0.11441540781786055,-0.3538293651284397,0.14493720578573951,0.05437855310615606,-0.022077011619309833,-0.04663369483361775,-0.18756951474573547,-0.04641040529320178,-0.722449809582657,-0.26308656460203794,-0.015086067268815465,0.09919706433984837,0.0,0.0,-0.3162397859109767,-0.500978740044092,-0.005834727906523088,-0.004186653321365822,-0.12576925732952393,0.14762661488816897,-0.07194097835305296,-0.1705961093218821,0.38188783477637217,-0.005193310837092448,0.09881442743706312,-0.07938348631329531,0.04352081550538578,0.13628399528622942,0.08516694965548101,-0.704745359921939,0.06685544800476546,0.17080926852142853,0.12645017671286832,0.0012571385998047448,-0.07672267117371037
192,-0.017274450213620084,0.0,0.0037152868251959957,-0.005929839404544243,0.010758213087305032,0.061331627185437984,-0.08428282366543283,-0.1374798359222124,-0.21393337467402013,-0.026308531358306537,0.4727070805919256,-0.028576239201576224,0.0696857995438259,0.0,0.0,0.0,0.0,-0.1116070032979434,0.1412916461668306,0.0247035387268835,0.07320733659176146,0.0677968049923774,-0.3304453702684317,0.04153976856707216,-0.2418143891243592,-0.2130559327090293,0.0654805791451464,-0.05283827137392277,-0.020723677308933538,-0.28956880503384874,0.13826660993896162,-0.003212708663624167,-0.016224293190853646,-0.053004988680208295,-0.1524312938536759,0.6290377955444396,-0.7678264872378809,-0.23402753851303895,-0.02307824954411018,0.11109185225683416,0.0,0.0,-0.30144959573843044,-0.4860503476309592,-0.007221446660103402,-0.004309469139710174,-0.13590616704653388,0.11120276448610768,-0.0037669943741017757,-0.04480351429738726,0.24550327211740766,0.01056196620013741,0.09999351877440264,-0.049147398574297646,0.0009644241720449004,0.16013574640753625,0.042115394713917065,-0.6748684639670376,0.03255704664138802,0.14818643736568388,-0.012603852134566683,-0.054023922807184065,-0.07202677435824029
193,-0.017274450213620084,0.0,0.0037152868251959957,-0.007282461202182932,0.024375789478301747,0.1215757506057693,-0.10734220195271832,-0.10250473518562868,-0.30324506140121976,-0.05218538023918947,-0.029067166203490355,-0.01713255236621241,0.11007323508558292,0.0,0.0,0.0,0.0,-0.11739194174929937,0.0011949354713368197,0.050547207657737146,0.06768734181804617,-0.21342254902129804,-0.381221601904422,0.0602551042103245,0.2065203721165553,0.09703021010229743,0.027860509927980254,-0.054288036403066606,-0.13121384744380343,-0.3852818406422578,0.15368385288128028,0.06778197292823647,-0.02009631371776643,-0.05720933115339109,-0.19983020026987025,-0.12729045267329683,-0.7234599774770809,-0.2513339199135607,-0.023148178814919616,0.08629865240689294,0.0,0.0,-0.31478478394300224,-0.4980668999624362,-0.005834727906523088,-0.0044177934372443,-0.18006266334605422,0.19209135396385932,-0.08795570129271651,-0.18035886710824744,0.14013479497809914,-0.003043974788981457,0.09616716150379233,-0.08138251772207267,0.05124517391686741,0.13424677688599157,0.10321522826503958,-0.6672937641056698,0.05017351631120206,0.17664778418997562,0.12375893401470296,-0.014153042292669189,-0.07496472972982776
194,-0.013489861755290567,0.0,0.0037152868251959957,-0.006428135780815554,0.0247742260430752,0.11860973516066853,-0.14581529122841821,-0.08545611282990544,-0.33555800034142486,-0.052017693413370945,0.45812892131113053,-0.009555271984498698,0.10171813000940834,0.0,0.0,0.0,0.0,-0.13267938736779353,0.017015525801688827,0.049189171277635876,0.06947377428437732,-0.02702034095733147,-0.31749821312857074,-0.026336654217946367,0.24050511355381698,0.13517675204904728,0.039893697989408415,-0.0551701776516632,-0.16354033677233143,-0.4499885548747946,0.0780338915385336,0.05742291650191204,-0.01844237520189466,-0.04729351122758949,-0.21621339320135166,-0.209059259660183,-0.7196571374238627,-0.25936470389318567,-0.009752151583831265,0.08896290768775693,0.0,0.0,-0.3144944047026301,-0.4996943454785979,-0.004982982461278424,-0.005874487089117973,-0.1945465692385629,0.12893854817762165,-0.00021664565969739297,-0.19193631468592603,0.3604774286426774,0.00216537083108947,0.0914969849160969,-0.06416616067572727,0.044651903355249906,0.08899408457170732,0.10234040534282944,-0.7857670857088619,0.043382906976970066,0.1977223270838451,-0.15396068308412797,0.003518749328249646,-0.08475142792724841
195,-0.012422479507458372,0.0,0.0014966309232985109,-0.006753629151724882,0.009636353264682141,-0.19365736828247146,-0.12976336501068353,-0.15921477999547845,-0.42407015610225346,-0.04354532422262545,0.4688603978748264,-0.0202647471611232,0.08442988271316457,0.0,0.0,0.0,0.0,-0.12961765280115042,0.11022876327139577,0.03143652129260699,0.08124308708320635,-0.00905242228210629,-0.3602108856175784,0.005725367177423794,-0.017614091616692824,0.14735924514987608,0.034950783672282514,-0.053086334481842114,-0.1263707542824392,-0.22858684217357692,-0.07101731196371402,0.03390364966021916,-0.03283269079316611,-0.030860087024674836,-0.22790155058724348,-0.12586059510358052,-0.7347504874015641,-0.24640760524087585,-0.007017435537500218,0.11680421143039835,0.0,0.0,-0.33532539563352415,-0.43694523408998653,-0.006369701214858737,-0.00841638379014592,0.5086133264453552,0.11649807488024433,0.009371927279512336,-0.3604549668916801,0.6158234087066337,0.008907751550329438,0.1366633354188083,-0.04001571441602755,-0.053330477843079496,0.0988280600979841,0.0794602309739423,-0.8247038923849397,0.01524083827900337,0.18393962462971353,-0.19952008521199394,-0.042299034595929826,-0.11157667273144735
196,-0.013489861755290567,0.0,0.0017980153063352955,-0.006127910355696132,0.011165563688158289,-0.23968551861547993,-0.14353326360044572,-0.1635895219347078,-0.2457118553552701,0.033888330202760844,-0.3600439162322069,-0.025820823134200283,0.1025887388643303,0.0,0.0,0.0,0.0,-0.13692550085325295,-0.053277780032368736,0.028006711225571832,0.08040253470709952,-0.0413067398243193,-0.4054377412821817,0.0622598315086629,-0.04558855034519153,0.09984726573127276,0.06169277941921945,-0.05734755095990222,-0.1317090827518884,-0.20026114786430313,0.03585499408407174,0.019612939979796563,-0.03308872385336668,-0.0956816097537847,-0.2086180057344495,0.4709421681573766,-0.7448959913161914,-0.2632901458650783,-0.023107062258049895,0.11725529361414389,0.0,0.0,-0.34783534234229646,-0.4968697706378974,-0.006129015961058215,-0.0058633089031648565,-0.16554176944369267,0.16338150217558217,-0.11019908080245107,-0.24595562751656078,0.12122539003417065,0.008135204985297738,0.049966533628233646,-0.0195727074271881,-0.04372631024216732,0.19208546380514896,0.08179561189813297,-0.6818206490640383,0.07130408044889057,0.1349656807919797,-0.13445620595022603,-0.14947116092020962,-0.08374714676836621
197,0.06270911290518573,0.0,0.001211825888105272,0.07103152642853246,0.09742779975873458,-0.19693665529233056,0.1155236608258682,-0.05875002684069715,-0.5074823762428489,-0.08041840633152846,0.44011238217259724,-0.013027348864472276,0.028165470201692414,0.0,0.0,0.0,0.0,0.17804487019180618,0.06846362177499898,0.014737839045711928,0.15082166993701676,0.01743263598328753,-0.32159285991820125,0.11099275149075306,-0.26268881586069737,-0.06596542209550361,0.010847360988092879,-0.04111002686170661,-0.11729186257268352,-0.4097397270722903,-0.06088132173055555,-0.0446372568672201,0.04515398541575427,0.09216875511846216,-0.26576878567852597,0.06846772110629946,-0.7284372944223743,0.8452151053859839,0.008400326277408138,0.2653298810297652,0.0,0.0,-0.11222139374136376,-0.33826629521857443,-0.008321373209878847,-0.020627827995022094,0.45611368096743893,0.0546795334216931,0.17257337827538302,-0.45510334254053797,1.1772383663655595,0.0011387602539358345,-0.05447071715176565,0.010100080082413471,-0.011758301880984203,0.05635369417536093,0.02789019581237577,0.0577352285798151,0.04006923480278396,0.2628459907000854,-0.2658394369693382,-0.021641023265028436,-0.10573776466354869
198,-0.010291944962176613,0.0,0.0022032714413189056,0.06915643022135617,0.008048199665374975,-0.2148154734801342,-0.15671815530048816,-0.11192929711935574,-0.4160896510949507,-0.06815109991897235,0.4664628565671185,-0.027013803538532218,0.12346753755272122,0.0,0.0,0.0,0.0,-0.12143088558775786,0.04886571319376652,0.047810162597797065,0.1582168035354245,0.000915066823039566,-0.33394791971709453,0.004742507195742638,0.14523641739969517,0.09657453661016785,0.023373559828093166,-0.052714517959676965,-0.08902357042607258,-0.4448219828265427,-0.0713539826171346,0.017113121178044716,-0.03049777942595907,-0.018333248656321594,-0.25899453134171546,-0.10660859175234196,-0.7498488497849245,0.872365386381186,-0.07069169845177749,0.10863123857463435,0.0,0.0,-0.3740631349395194,-0.36601480773874595,-0.007221446660103402,0.01984302583940415,0.5223847795954374,0.059784273703858554,0.05043392334107551,-0.38133310324162134,1.0654540478089607,0.0071603818207996075,0.12953798430189334,-0.06327514123932854,0.01865723968793663,0.11509356969250395,0.009170053475910715,-0.8358133534776943,0.015499081634524495,0.2700737197872635,0.04265786222262685,-0.060951135059007545,-0.11430040533297291
199,-0.013489861755290567,0.0,0.0037152868251959957,-0.009174821747760974,0.02446519525890271,-0.021549117055436114,-0.13753485247730843,-0.09732516345685208,-0.3585555512634733,-0.04347734381703222,-0.04463273034676314,-0.02066584538661301,0.11274764217139331,0.0,0.0,0.0,0.0,-0.12961381672760314,-0.10462712576935958,0.0275402226808533,0.07856194395395194,0.05423184797968946,-0.40224193123289537,0.0608703527505054,0.29104035143511503,0.0846200370822095,0.01625331335141107,-0.05616883246077957,-0.09813530443716947,-0.438584292962596,0.07767972844123135,0.0362159141649258,-0.030965881628583436,-0.071932325500735,-0.22350903399864722,-0.08308880243064258,-0.737146856439116,-0.2497999759259818,-0.02316452190806677,0.10801527825975593,0.0,0.0,-0.3130560783367673,-0.49835369663383106,-0.006369701214858737,-0.0057505156592166165,-0.19004292707261206,0.18106870377240966,-0.07501034171592252,-0.20171455240561553,0.11372075077462256,0.0025972761011955935,0.055980082501521415,-0.05703265981110632,-0.05656101726264949,0.13052903409466077,0.09730526688230548,-0.7074515245532971,0.024271176832272975,0.16717166248420445,-0.17885328086019756,-0.019320048925018193,-0.09532619192004219
450,-0.0032788662662971376,0.0,0.004260461180971808,0.0662346220049331,0.09945847385568674,0.039769871747573286,0.15638860640628072,0.511897389002777,0.5885328640266496,0.09239992784515803,0.3500535130290313,-0.10581682478373229,0.001786364906469792,0.0,0.0,0.0,0.0,0.19267033921398607,0.10965179373009004,0.05591181466565822,0.11765331661132226,0.01580708539163056,-0.2931777373977447,0.0755061392435652,0.16600542080833017,0.10505445660444401,-0.0032332678958690696,-0.001913849900804816,0.5883924800743493,-0.27424906873864807,-0.020979430518865208,0.04184220787608059,0.013115694864697327,0.22902429829403081,-0.20173558720909,-0.05187162373597783,-0.5483377373204938,0.6120922583158562,0.16355228877993255,0.0960112719628894,0.0,0.0,0.07175123552754523,-0.2886364906531026,-0.0055391613235628336,0.007746725408270827,0.3410294475447376,0.19909197686567184,0.09299843361851516,-0.5690742270864049,1.1613521499264494,0.05178472298077163,-0.013296757924212015,0.03669743587331162,0.012610035111798349,0.05403539401732389,0.014400935243750863,-0.8086984405054236,0.0279783255956644,0.20030863332764234,-0.030712205544395278,-0.12525081262549018,-0.08904652247318808
451,-0.0032788662662971376,0.0,0.007261114596041583,0.0662346220049331,0.09945847385568674,-0.14867493438747037,0.1527015609466802,0.498318573554169,0.5731813906509975,0.10390860885410837,0.3365474834382227,0.08978774207051346,0.049059615095058066,0.0,0.0,0.0,0.0,0.1937954228426117,0.10981305769093147,0.053397983275585065,0.11765331661132226,0.018934123398785432,-0.29469306804416523,0.09433338957755873,0.14937663872808765,0.13114762231201307,0.01409774756643791,-0.013342733827128639,0.6037603859278856,-0.20080604052436832,-0.024671529211218585,0.041217618769929965,0.019740827006009536,0.08230325520876845,-0.18711370790827808,-0.08888634849641057,-0.5459772643094232,0.6079082555823285,0.172418029030972,0.10322412027625678,0.0,0.0,0.06933189824925669,-0.2947234391383818,-0.003687762480329135,0.007594998167172799,0.45346798641335323,0.1918168662166925,0.12907439587552794,-0.5125823570652924,1.182355488966323,0.046731665413523096,-0.015505430668520455,0.038934220730652155,0.004461451692043947,0.04903694550529858,0.015396911306570763,-0.7121470820886865,0.019372599920849557,0.29879152653889596,-0.026631564867850073,-0.16252344374548836,-0.08835746435630219
452,-0.0032788662662971376,0.0,0.004260461180971808,0.0662346220049331,0.09945847385568674,0.04040105750547813,0.15214593648257313,0.5734834680774429,0.5820064998412067,0.11191043315841102,0.35472874196401116,0.1179006241931503,0.0009778476655491284,0.0,0.0,0.0,0.0,0.19354372683291504,0.10981305769093147,0.05735227946218301,0.12221470897582959,0.035670953113902726,-0.28590758282498074,0.0755061392435652,0.08668329371447327,0.11938398436497819,0.009103375631380256,-0.015044146410563989,0.6101792252195374,-0.24734884546571756,-0.02083922538434488,0.024528930841740088,0.019006193582470843,0.23748818210980038,-0.18325024837314435,-0.046791147399499335,-0.5452482642895412,0.6172506923330866,0.16355228877993255,0.09700295516320438,0.0,0.0,0.07797860023200559,-0.2879104560656772,-0.003687762480329135,0.004972872007062573,0.39237162615732196,0.19909197686567184,0.1274340378466916,-0.5735606783131827,1.1736423401810414,0.05730443872877443,-0.013584820461123996,0.04177441159821896,0.027408774052732447,0.05735864427546167,0.015705880244683824,-0.7869147157892918,0.019880270338812248,0.21330350727272782,0.052045952456751955,-0.10515270613724115,-0.08509782077772322
453,-0.0032788662662971376,0.0,0.007261114596041583,0.0662346220049331,0.09945847385568674,-0.011539565955913659,0.1471349411994743,0.6485957334010082,0.5515230554216832,0.1209267149767692,0.34573067078375375,0.11783035444196549,0.04848816515246387,0.0,0.0,0.0,0.0,0.19354372683291504,0.1100378393544181,0.05489075053018478,0.12457799973077455,0.03714352157824609,-0.26868202645241135,0.08046688366091356,0.08955038297980843,0.11862528492797221,0.010481741272718677,-0.009952189419925357,0.6117784332424266,-0.2716857403613465,-0.028776624897659638,0.042497162776932364,0.019006193582470843,0.24633879575315998,-0.18208829402290622,-0.06975949632810326,-0.5441365122540246,0.6174950703615497,0.16355228877993255,0.0889731080142337,0.0,0.0,0.07253036705843302,-0.2891184760691578,-0.003687762480329135,0.0051555924084872055,0.3953099305248041,0.19963732696500153,0.21177460262931339,-0.5357735764243692,1.1737168372229638,0.06280577988190743,-0.013584820461123996,0.04177441159821896,0.011757974387814693,0.0732909023210296,0.015705880244683824,-0.8226364404640116,0.019880270338812248,0.2135325608383168,0.04968490376411522,-0.09073005973755761,-0.08570705039778344
454,-0.0032788662662971376,0.0,0.007261114596041583,0.0662346220049331,0.09945847385568674,-0.14603652473841028,0.15207502566340747,0.5423591147817951,0.5756665149147483,0.10567196489807267,0.3310453180195368,0.09100771673264821,0.049333820937286534,0.0,0.0,0.0,0.0,0.1933536554803546,0.10981305769093147,0.053397983275585065,0.11765331661132226,0.03709258233181027,-0.29089121558995684,0.09433338957755873,0.1481788762663464,0.1319990971546674,0.01409774756643791,-0.0209724812557075,0.6127729666826462,-0.21157568355757392,-0.02513030637294332,0.0421111631141035,0.019740827006009536,0.22208851218713124,-0.18032432565857595,-0.06727821783162617,-0.5580858577569223,0.613311067628022,0.172418029030972,0.0960112719628894,0.0,0.0,0.06964236705271369,-0.2892056330071097,-0.003687762480329135,0.007594998167172799,0.4735817501909176,0.19251300496007978,0.09871265360220842,-0.5510774784584668,1.1838862259665868,0.05376861835463902,-0.01401878505315595,0.04177441159821896,0.009147233975117014,0.053617739862179783,0.015396911306570763,-0.7904294471630717,0.019372599920849557,0.2162709150396092,0.05855964684170029,-0.10450547702250104,-0.08637940667991446
455,-0.017274450213620084,0.0,0.0034171171546404974,-0.02511660669018471,0.00901833104538514,-0.08195041265206864,-0.15259191007570172,-0.1509693840419107,-0.15619882667984603,-0.10965042311630531,-0.27412180171864226,-0.01440831000007595,-0.13947022689716948,0.0,0.0,0.0,0.0,-0.10109806613660978,-0.10956352787887495,0.01617353415382239,0.02849254870268438,-0.04932892913773937,-0.439983369563118,-0.017155673533434574,-0.08684584785629045,-0.21915258384518166,0.030944762377578323,-0.01299762051228481,-0.18453076638957322,-0.15896599759825109,-0.043608078999610146,0.010727643805328655,-0.032918773115852895,-0.09413279460559242,-0.16103210413735317,0.25970190479142635,-0.7775719688910399,-0.24072544736764884,-0.022655957707153215,0.15516067110880655,0.0,0.0,-0.3506247521479128,-0.5040680946392736,-0.005269849595725762,-0.0070644208261077795,-0.021029314490378516,0.021506476241574972,-0.1073380517792903,-0.0585219515042064,0.1423398431993756,0.02557546938878885,0.03239945709702841,0.03273388171729828,-0.02028228286472382,0.1899011808617717,0.059821120311096446,-0.6956199155658935,-0.004313409092107651,0.10575283145788325,0.01713413212406669,-0.1847787582906006,-0.0853923188044045
456,-0.017274450213620084,0.0,0.0011793122199195804,-0.02425632280308014,0.01332056119320819,-0.06710347214706368,0.1792710535126605,-0.03582051002276135,0.050349229211551064,0.0013897151639172397,0.36739244508287877,-0.04203307552306234,0.0806920430103752,0.0,0.0,0.0,0.0,-0.12448587852216171,-0.07834017638448011,0.021115984908608144,0.051739049616921995,0.12262200560358835,-0.36996974287096834,-0.020836006778033753,-0.006054254031999893,-0.13929578806903814,0.06568479406683402,-0.03923105480878114,-0.06572969244611382,-0.3709394197832991,0.03842043616857241,0.03042504994149389,-0.02168036273437235,-0.09976090204347003,-0.18791440116193275,0.3348299763990005,-0.7645713209787509,-0.2500144008727659,-0.023224914556665498,0.13521808529939214,0.0,0.0,-0.26837086998813864,-0.48246532302751133,-0.006368064860923073,-0.004458611821676285,0.029773978059899724,0.030811913265306093,-0.21202203657091945,-0.04956496987043003,0.15431536957884243,0.020094205824421847,0.02252878214327996,-0.03736308006252383,0.02303550310499418,0.18664516661746103,0.05735720066253706,-0.6948166644339201,0.002837202988090517,0.11102752360271159,0.20950147060390814,-0.24936878623155848,-0.07902950380216142
457,-0.010300015167449262,0.0,0.0031922886483965983,-0.019991997955170593,0.010490172248659675,-0.08263410205406045,-0.09609128875075196,-0.15430398080704288,-0.2549488445605612,-0.05634360963148851,-0.33193973904046925,-0.03918698624151845,-0.07056800217568009,0.0,0.0,0.0,0.0,0.5479112910370058,0.15281413032436214,0.015211994012638893,0.1422924423295244,-0.032613790004250603,-0.4167391836995791,-0.014957661098592883,-0.0508309289247952,-0.3311417618891182,0.03428231367589442,-0.014543138262456845,-0.04174121597099108,-0.1790078711891754,-0.04548854747308625,-0.0375730986938843,-0.03228975061362496,-0.05111888029683951,-0.1488830267436725,0.35607352880701393,-0.7780239950394686,0.7541875940288236,-0.08622020692927072,0.15359445385525833,0.0,0.0,-0.3234766021957108,-0.4623836479633674,-0.005519569697519078,-0.009502867654577139,-0.018028548150859074,0.05609013706308814,-0.1139354561350342,-0.07252604614569999,0.33865133082539073,0.015574241379734188,0.1667878575111337,-0.0035494103394440022,0.01177461589942497,0.14563273457328943,0.06499851125564392,-0.6258465100669621,-0.0010734534070190322,0.07367371480518921,0.02222045151275616,-0.12549631336489733,-0.08377879406972223
458,-0.013489861755290567,0.0,0.003168653709636189,-0.025311340782090002,0.00954130585132897,-0.01935143824910787,-0.10392455958138813,-0.10823454334081636,-0.1162373864279299,-0.09422031712017102,-0.31290600845594646,-0.019866442216809135,-0.13450356923629292,0.0,0.0,0.0,0.0,-0.104055994544751,-0.08583359890189585,0.018423917162158986,0.08794411807966732,-0.014200592152558018,-0.38509128912142887,-0.016768916471970846,-0.039567997510906894,-0.19227660457532583,0.02705331662320436,0.021999881762439017,-0.15700638404318581,-0.1649092798308904,-0.04043331610120158,0.016819399596334102,-0.026546029770574808,-0.06870363281699277,-0.1584415910553237,0.15438564550087566,-0.7744437646926349,-0.2347009380939161,-0.023107062258049895,0.16111797846139142,0.0,0.0,-0.22971240395427706,-0.49500980574769554,-0.005635731017265423,-0.00600974235105896,0.014436551451638194,0.08108123306492036,-0.1011380022966723,-0.01731217748643187,0.10372816451093347,0.029389950885377037,0.03602732262672734,0.03406787643975119,-0.01230436474909223,0.18738445120699498,0.04673486812798774,-0.7104361661345375,0.00028403488707899355,0.13348349553582392,-0.09715520740153549,-0.12412491615553446,-0.07949213704138489
459,-0.013489861755290567,0.0,0.003168653709636189,-0.027853405658004267,0.009926207497188713,0.3372535863214323,-0.059952390864203814,0.12545384655484457,-0.023764969762960754,-0.10093151148408745,-0.10985755507328679,-0.025543460379581637,-0.1328232730821132,0.0,0.0,0.0,0.0,-0.10038552300984761,-0.07583929842677657,0.01739623457191497,0.015447726768757632,-0.002655049722437036,-0.47611047334117057,-0.04767872414327792,-0.0019128522210781528,-0.19804947855824065,0.0283874964039021,0.0021259822202847286,-0.04557429754159128,-0.23463993891196813,-0.044116785986116326,0.023094270009935206,-0.02086237204623241,-0.060168733263641715,-0.1519329082529175,0.0976911929842568,-0.7788893665364905,-0.23773831486798644,-0.023241257649812653,0.1320841143158665,0.0,0.0,-0.27244100374998653,-0.48180931215651357,-0.00597647940867614,-0.006281388726427637,0.075130703448863,0.02115218092995339,-0.11546403856298494,-0.09503612264059683,0.159115898833036,0.026735650818236402,0.030138022585575092,0.026884832962197548,0.027389860493752402,0.21037416783204427,0.06292196824856001,-0.6495384930932354,-0.0014547667406983142,0.11261756804061268,-0.16465489331568972,-0.1216462175369779,-0.09270323510968301
460,-0.0032788662662971376,0.0,0.007261114596041583,0.0662346220049331,0.09662583704368209,-0.15124650449511623,0.10155076966318959,0.6224114938146293,0.5601013693159009,0.10125149727345682,0.3138220665439206,-0.10391242688692523,0.04848816515246387,0.0,0.0,0.0,0.0,0.19402755335398275,0.052579922037526615,0.0533255882609877,0.12523486127255873,0.01809888247707251,-0.2830699711724284,0.0992941339949071,0.08979915190354353,0.12227549779313061,0.0030138329812758654,-0.011620183447221662,0.6024784034169214,-0.22617968337053068,-0.03186678115404414,0.042061875052552745,0.024812605446771715,0.06943906016560651,-0.20257785785143492,-0.0905053544251781,-0.5634191768505027,0.6130666895995589,0.172418029030972,0.11130046382950033,0.0,0.0,0.06810930310430412,-0.29417118864332353,-0.0055391613235628336,0.005307319649585233,0.4230968215435996,0.06669459017108327,0.208695397587257,-0.4868498908232188,1.2033763078767143,0.05191648010095071,-0.015505430668520455,0.03953911775548253,0.0021688926284390724,0.05314146863037726,0.014319668015748969,-0.8068205935073055,0.027571433993390036,0.30542229103383217,0.045410695395220496,-0.16144462593737935,-0.09038272999160873
461,-0.0032788662662971376,0.0,0.007261114596041583,0.0662346220049331,0.09945847385568674,-0.12613158262713828,0.14914797393683046,0.5993420773412066,0.559714713269913,0.02065255610419298,0.33132680866890796,-0.0891312816202491,0.050122707823350036,0.0,0.0,0.0,0.0,0.19313842557438377,0.05024776521963604,0.05467004197539364,0.11912389186980755,0.011217064986171196,-0.2821157194737219,0.09738404292556742,0.09678331862242408,0.11496150654939376,0.002429321886705108,-0.00818534317197958,0.5833360071796537,-0.16311060171690583,-0.023064277230859468,0.021337816371287743,0.014738638044655396,0.2337462490715427,-0.1991928735897129,-0.061216987478526906,-0.5646228566804434,0.5972218773978846,0.172418029030972,0.09193472083316005,0.0,0.0,0.09385941354612341,-0.29107600652020715,-0.005285205440530475,0.006787192590863025,0.4142718233496544,0.07165107179898739,0.20924716317934947,-0.5495103453801342,1.2354574677721988,0.05576292906410076,-0.017200259473456096,0.035159068253973656,0.004465268255607943,0.05677899982814426,0.015396911306570763,-0.8967535529823413,0.027759026155653982,0.21356626176887414,-0.16831932918187886,-0.1048889435902119,-0.097579206216613
462,-0.0037565813191985683,0.0,0.007261114596041583,0.05429512641666452,0.09832849729856447,-0.1284332697160147,0.158764529378803,0.6222536283682254,0.5629440255094336,0.10227305061212638,0.334538211212231,-0.1058870945349171,0.035756897016017204,0.0,0.0,0.0,0.0,0.18885185745189986,0.08092333727324982,0.05402741273793382,0.1200166073662672,0.033957221064194035,-0.2759521810251753,0.0992941339949071,0.16183670123816815,0.10782704417621035,0.0028683519250124866,-0.008018061065380513,0.6053260009882678,-0.2413457742201979,-0.02492733103513089,0.039357699164943145,0.014092108108691222,0.2511968539560895,-0.20041627320257258,-0.06865984422105846,-0.5562042743564403,0.6121385254197751,0.16307457372703116,0.0879814248139187,0.0,0.0,0.06788122196381825,-0.28881174884194505,-0.0055391613235628336,0.007929445809695458,0.40804571396452805,0.20135314310168953,0.20494924330359912,-0.5390545616236657,1.1595577185514352,0.05940445097225539,-0.012556834861731318,0.03894704335443129,0.008537914034010888,0.07113716546098509,0.015396911306570763,-0.8418596449701863,0.02728306301543776,0.20053383358162674,0.12294783286006399,-0.11533719367608532,-0.0886514721868935
463,-0.0032788662662971376,0.0,0.006870899523572007,0.06646790478740677,0.09689612574978358,-0.1281984479570538,-0.06003141335744832,0.5690541677134614,0.5401137524011782,0.03314612755542974,0.3210860553217978,-0.1071536796289859,0.05235079401396057,0.0,0.0,0.0,0.0,0.1878935049952589,0.04257038532224776,0.0533255882609877,0.12805381444018354,-0.03366431273613114,-0.3387564495926548,0.09299975386699359,0.07784763979515928,0.11741634050480072,0.0022951908511993475,0.013984091046141572,0.5770775062391458,-0.13765522224665774,-0.0015197573191764284,0.018955938827398176,0.020219776623923245,0.19867474043028108,-0.19919074486583993,-0.05929015869749902,-0.6296261786237852,0.5973712712730819,0.172418029030972,0.10331954887860739,0.0,0.0,0.06499172580919878,-0.32383585980812224,-0.005285205440530475,0.00394312588267277,0.4192522831722126,0.05621463903838894,0.1190233060181799,-0.4780304816489454,1.2353872591690847,0.03540831219068461,-0.024034017434104903,0.016827791635070453,0.004067607377250656,0.04442960106242467,-0.008779909744466146,-0.8719746903894585,0.02059645976714646,0.2172457910391576,-0.22376714138196943,-0.1111325096957705,-0.09755210067050125
464,-0.0032788662662971376,0.0,0.007261114596041583,0.0662346220049331,0.09945847385568674,-0.16752180585863913,0.15106477460650075,0.5722154016343349,0.5352923175949303,0.033924146904849864,0.33425693025727476,-0.10968189364210308,0.04981827711533964,0.0,0.0,0.0,0.0,0.19313842557438377,0.05024776521963604,0.05363687754394477,0.11936474345185717,0.03574088345374932,-0.2846758674339219,0.0992941339949071,0.17024837986578212,0.12004007351149355,0.0031394696805270104,-0.007208961571370647,0.5934739865269574,-0.2136260870208514,-0.03354248721289095,0.016022949984251966,0.013010737116659652,0.2507308209715121,-0.19609737448975514,-0.09464691619148645,-0.5739791628221649,0.6001310943372637,0.172418029030972,0.11718447875397157,0.0,0.0,0.06852120322609138,-0.32156910447620224,-0.0055391613235628336,0.007929445809695458,0.4380214643654228,0.07165107179898739,0.21140822580839755,-0.5445581234909299,1.2390626909774318,0.0592273208993276,-0.014367606349093677,0.03894555233982719,0.007830648027858966,0.06961135546920726,0.015396911306570763,-0.8958269463032724,0.02104644975975863,0.22483709356650677,0.05094979647308213,-0.10464129535379478,-0.09761233792894343
465,-0.013489861755290567,0.0,0.0008359930113924633,-0.025915526280557835,0.014944819030037512,-0.0485437401872777,0.20695212497835028,-0.08152322274291623,0.01558356409060842,-0.009841822402515587,0.3601949692742134,-0.03223764832207055,0.17929765017574445,0.0,0.0,0.0,0.0,-0.11737870069492795,-0.08085478284714481,0.02778642929884821,0.03923114470129686,0.11135724900670353,-0.3568814497946104,-0.020252786917793145,-0.08364979879563698,0.19832976018905674,0.06276080552412208,0.010067023630933888,-0.15340115585352482,-0.24340789424094111,-0.01820437462865445,0.019042658366601146,-0.03297270306166827,-0.13741129591956364,-0.16333600854739747,0.36153789774450296,-0.7362547593926153,-0.2358348704473326,-0.022365568476271216,0.12244472733106777,0.0,0.0,-0.27627950317519345,-0.4833631530672072,-0.005268598221920881,-0.005913063437260959,-0.016328290783873618,0.038799799614520465,-0.15423009636015717,-0.030879150847685784,0.15676409137842426,0.019012801700516967,0.03463346907271971,-0.020903394915297125,0.022991622773633355,0.19356362395212848,0.07408540661628353,-0.7114853123882674,0.0038118959586602493,0.1470940483717442,-0.11687959948700567,-0.20916168704210147,-0.06273037798580708
466,-0.011359327210008808,0.0,0.0029015176022686258,-0.017687647478336108,0.009018331045385138,-0.22219153064283273,-0.1017309368181955,0.16240052684639658,-0.09866641444096522,-0.05258088575717477,-0.30141896967295617,-0.04648475258716904,-0.11977753429448018,0.0,0.0,0.0,0.0,-0.10531311436083846,0.04261049661599683,0.014451931893027861,0.09593076918394186,-0.03789413881217156,-0.41604428379889236,0.08193051627643039,-0.24973363958907163,-0.22946521384217378,0.06082744811870723,-0.04139738764866653,-0.05612463295269744,-0.14361842999470112,-0.048774981519381026,0.009524256340234792,-0.03143060912216416,-0.05536728482643412,-0.16712490735074034,0.37042932159109876,-0.7861157117221842,0.7912935160721906,-0.08623655002241788,0.14406247142873646,0.0,0.0,-0.3999895109886991,-0.45430982709122886,-0.005519569697519078,-0.005958631862888529,-0.07792240096063612,0.061625085830634724,-0.06709312113493583,-0.1396247609675789,0.22543928630307092,0.019837768396611763,0.08100221676382419,-0.02242435998442671,0.028746843803606717,0.16859986662785462,0.045885070322407365,-0.6766863865455385,-0.0056462697286052445,0.055961430878489,0.024666990733452774,-0.18025259616181047,-0.09711925480870234
467,-0.011359327210008808,0.0,0.0017054859040861571,-0.012724394958034582,0.010014533955946849,-0.04870447231547086,-0.11338946773812832,-0.061263732870570534,-0.13565858605259232,-0.00755622272236193,-0.007061221236249313,-0.035290091726988014,0.09307725786075842,0.0,0.0,0.0,0.0,-0.10906956799344883,0.13467880375505054,0.018087705822275712,0.1146088503117014,-0.003884854070040941,-0.3531340610391524,0.07576331049704746,0.0001829894005039153,-0.34872589152320926,0.021402419524308786,-0.0148802544089034,-0.09464862305907508,-0.1515850418009023,-0.059218908532529216,-0.01227121287468496,-0.031410535142110195,-0.052433833838365966,-0.2080337495828155,0.04327919223070642,-0.7626444751400381,0.7529648945054784,-0.08634650226589716,0.12657150843785483,0.0,0.0,-0.38922447290719897,-0.44479644372788996,-0.005516319415678409,-0.005216447160269493,-0.04226538833585037,0.06300623484308926,-0.11426826682533389,-0.17488805296048623,0.4575055743501504,0.00628455300745709,0.09089271855789213,-0.01615290514608404,0.044968429898771235,0.11649503221523944,0.05720373356498885,-0.766215333168312,0.006671923257345098,0.1619466759422276,-0.14626373155917283,-0.08268019915686804,-0.1191092317215597
468,-0.017274450213620084,0.0,0.0012780573039727601,-0.024554432162814065,0.012382470924134355,-0.26963896137612653,-0.11331065569503498,0.01826580527279288,0.050861153879648915,0.01549804423443021,0.35310593435578014,-0.052450269010614115,0.17880115185578507,0.0,0.0,0.0,0.0,-0.12634344177014994,-0.13981516565651333,0.027320294038986517,0.03628575653281523,-0.08576543075752716,-0.3894940353918894,-0.029656649949086095,-0.10885456908141043,0.1921354305434933,0.06455646252931882,-0.04445148227866414,-0.04601346300705643,-0.32499292669732155,0.04545362829571037,0.0563929223339099,-0.03284019903052093,-0.10166234356679486,-0.19384136232490373,0.19220874349013808,-0.7388108967098546,-0.2542696040866516,-0.02234922538312406,0.1175825256168376,0.0,0.0,-0.2848521498034545,-0.48290831060637784,-0.006368064860923073,-0.004989702775555227,0.017934331821154538,0.02115770518108687,-0.1520505686888338,-0.1929509821977114,0.150112644128866,0.022813755132556943,0.025606465564705392,-0.01891122530027324,0.00930047737516035,0.18613885033605734,0.06647206834458988,-0.6502758741182175,-0.0030731921356998127,0.10380293554420134,0.03157565509301401,-0.22202736682897614,-0.07003053171712013
469,-0.017274450213620084,0.0,0.0029015176022686258,-0.028874373243799406,0.009414389027659951,-0.07152535001772686,-0.1261912057776812,-0.05841374206484204,-0.0037371051531221973,-0.116932694403307,-0.02532672455976715,-0.01555848928324615,-0.12842069337648357,0.0,0.0,0.0,0.0,-0.10104816407321304,-0.06765753499216336,0.013850498626378327,0.029544024860268994,0.010262282303641403,-0.4272652742822254,-0.021063481531378405,-0.022112029943371202,-0.2147346292748738,0.012880554959066847,0.03498350312887639,-0.04922988560687934,-0.2163152546754239,-0.0585991145041877,0.014926101742445073,-0.03087187492369569,-0.007864573713791567,-0.18293040522483364,-0.0850321117820309,-0.7724036971737344,-0.21849191154842543,-0.009051835807602777,0.14342528278000116,0.0,0.0,-0.3116169545470078,-0.5100828935084035,-0.006368064860923073,-0.0060565927111923615,-0.05337327217458239,0.08236498856131536,-0.1096126453054426,-0.16981191428641862,0.19618666709227034,0.021920143287448426,0.030357601200155484,0.02405898717550838,0.047617684232934374,0.15257771489631694,0.061222642377646276,-0.8047476903584443,-0.0003102432078584929,0.14342368596202032,0.03678050360664751,-0.06308703171150108,-0.11618364026542517
470,-0.009531974446609165,0.0,0.003689108868158302,-0.025057245700994237,0.010898959710208383,-0.02800366029845058,-0.10779543295849617,-0.11613422506739872,-0.12939750390981145,-0.11126850015029155,-0.32152520758535297,0.0022579422137996388,-0.1406382805745271,0.0,0.0,0.0,0.0,-0.09098344982048727,-0.08098541010835078,0.017792132285261202,0.08940382369384808,-0.005288448469006587,-0.43501668545097866,-0.0308961824309314,-0.046656171012411554,-0.2103501560328601,0.005803856422921747,0.03592267992851169,-0.1565338476141037,-0.1432451996749504,-0.03866394287146407,0.02297242113250763,-0.026563643339172893,-0.10102082163160486,-0.16648593137928383,0.1351014545496522,-0.7763217155145927,-0.22228579998965464,-0.010415478737833547,0.1827477176687432,0.0,0.0,-0.25300900897789236,-0.49458623998936346,-0.00347171790634172,0.003758108455673121,-0.34898794599870714,0.10263323642758429,-0.11010300163463828,-0.03463558727484574,0.11694526912097554,0.014457207717868143,0.024325142051475533,0.028371467453802104,-0.010531030896828544,0.18807769283822406,0.04264547412209452,-0.6414161703233496,-0.010130103553045906,0.08377798973336499,0.010114067357540413,-0.10023790590615815,-0.08198709817954437
471,-0.009531974446609165,0.0,0.006191278148646569,-0.02434007236250162,0.009561462523335982,-0.04692131576179031,-0.12418808749498794,-0.12558840222683176,0.018172996101642296,-0.02488824244186216,0.343115181928359,-0.005032608004518115,0.039306672623388245,0.0,0.0,0.0,0.0,-0.06968174057836782,-0.0529226808262054,0.020071463569632405,0.06427006780686821,-0.012946565982540771,-0.40107719214603027,0.05866683659771362,-0.04349604416146616,-0.23459508745384214,0.004424376578395119,-0.028005030728148507,-0.20331577065125048,-0.14066323842195463,-0.07865054803523319,0.014727942266034914,-0.031182607427263774,-0.0900228797033084,-0.20599046703552099,0.06571708458342314,-0.7566435685140318,-0.19402448572057182,-0.00906817890074993,0.13023467918527748,0.0,0.0,-0.32820382991158065,-0.499945232947895,-0.005268598221920881,-0.0045893503907545674,-0.22869355685031678,0.019086238945285355,-0.22995330748725995,-0.21004387576207953,0.15504925199411726,0.015205151220776602,0.041865897662256166,0.0168625986827891,-0.012619378248549789,0.12271116377517521,0.06028229279010921,-0.8714518442919287,0.0054829126571448025,0.19342835606275047,-0.14248341225165123,-0.07480570641013354,-0.1081825150822611
472,-0.009531974446609165,0.0,0.034332388984564095,-0.02669300126713864,0.009561462523335982,-0.05253506734758668,-0.12934136498869234,-0.12686524318581863,0.0062897962102529195,-0.08835542737448743,0.34489774664631345,-0.011942425587862031,-0.030576626206750147,0.0,0.0,0.0,0.0,-0.06968174057836782,-0.05270150476777902,0.014323710485534928,0.06413209318275895,-0.009839737040025963,-0.39024639930266963,0.012149086135775767,-0.02413666320595116,-0.24186323885475947,0.008350094504536925,-0.05122566372818058,-0.14868309586049414,-0.14978892648606593,-0.07941056642119462,0.014534398707658581,-0.031182607427263774,-0.04728626015347038,-0.18088293674889355,0.2106038075333762,-0.7504754140501083,-0.1985300430578723,-0.00906817890074993,0.12220483203630685,0.0,0.0,-0.3272319590893937,-0.4995313345489173,-0.005268598221920881,-0.0045893503907545674,-0.17394708074242765,0.02260088379897432,-0.22897542624039197,-0.21377310824159415,0.15504925199411726,0.01351784763356938,0.041865897662256166,-0.006072680402174818,-0.01319045245480921,0.12319821617268653,0.05930089817953505,-0.8787829173427791,0.0030490329037579735,0.1974050479801304,-0.14095326403845654,-0.07600335877569905,-0.10541155104708352
473,-0.013489861755290567,0.0,0.0011898863517142847,-0.022302846241753573,0.010449182303132545,-0.26120787378956933,-0.17984102150095224,-0.1698070969398777,-0.1478067514432501,-0.025111665245572134,-0.02715901131246242,-0.01777403112014439,0.09727791712907419,0.0,0.0,0.0,0.0,-0.11524153350537057,-0.09459646704743294,0.02354797219166409,0.04114549303551824,-0.04573286068328892,-0.44833120842180985,-0.008765917098864496,-0.09446631001467307,-0.2799254662439864,0.037863028625204916,0.032049547860401324,-0.29864058835814117,-0.1195060563081427,-0.04871196939532905,0.018434028891049174,-0.0328304739917325,-0.12626319632047422,-0.20799670978097337,0.3232341061972915,-0.7625680042336426,-0.24662703599694544,-0.023107062258049895,0.19479711244827344,0.0,0.0,-0.33472904245994445,-0.4888716813835889,-0.0055019616544964185,-0.00561822106080456,-0.028726322842104475,0.014120083018893996,-0.12417487521105428,-0.16364363017153616,0.12136095798336995,0.007983044533033714,0.03608366145289735,0.023916703990117937,-0.011114402377657007,0.20080982253757262,0.0649472586998911,-0.73328172564789,-0.0006046581449636681,0.10753495531849694,0.02289660553748674,-0.1869378085546261,-0.08880765304034748
474,-0.009531974446609165,0.0,0.005514780263958509,-0.026438532635108085,0.009926207497188711,0.051081601962042734,-0.17227880710965382,-0.14214864997906365,-0.24798143924940913,-0.05685763260829279,-0.02819035225027114,-0.022582841044857124,-0.12139350105056622,0.0,0.0,0.0,0.0,-0.09428760453373905,-0.09110346511206871,0.014921294413485095,0.03136265726117321,-0.04429614243737905,-0.3694048389404805,-0.008045170564819964,-0.3574088264917241,-0.17902188224302829,0.020249632165194847,0.016607287678511086,-0.1796712147425351,-0.19756579405873823,0.07255395413649504,0.031791573271824525,-0.018632512033268694,-0.08007275177036856,-0.14966963525333976,-0.08700049873705853,-0.7774463073758675,-0.22362975544728503,-0.014725170002910438,0.14469371925489882,0.0,0.0,-0.278884232048108,-0.5143876726423762,-0.0055019616544964185,-0.005288815598612617,-0.08291984886318433,0.034109104050001206,-0.0747943506699094,-0.10402868351504571,0.17099573300787246,0.015012943037820003,0.03695828642724947,0.026520411636733132,0.024521772973337703,0.15031735061331497,0.05376892207723249,-0.7470188243460167,-0.0034968292560325393,0.14846036971071416,0.030576859082866926,-0.015451759634970735,-0.08132015572669259
475,-0.013489861755290567,0.0,0.0034171171546404974,-0.025200556157443734,0.009018331045385138,-0.24126797499877578,-0.16405464016485502,0.14390204975121754,-0.14734547416156066,-0.11765499159826277,-0.2708417196424798,-0.026661717749441316,-0.12584318422776145,0.0,0.0,0.0,0.0,-0.09886478624470395,-0.1021202571336083,0.014889102228271514,0.016035633510693804,-0.03555391360274794,-0.44562420676483544,-0.04549095576278912,-0.35458833523458055,-0.20565668564337372,0.030166312720131216,-0.003975001985522665,-0.17016270381373289,-0.1307712981366157,-0.04143117225504133,0.04974584416371438,-0.03280488437889216,-0.06041747553391604,-0.1676745673618005,0.2559778382423529,-0.7779664333846851,-0.24083473090114527,-0.02267230080030037,0.15030824647662117,0.0,0.0,-0.293613514165835,-0.5060161552577701,-0.005269849595725762,-0.007198989349730049,0.012738184977562699,0.022458802749766242,-0.08411074157475643,-0.1321738207417649,0.1429791147822613,0.025280297907675192,0.031920046594766716,0.043639451663017054,0.024558586987546288,0.2128683129163369,0.05371000290383275,-0.6912845292998688,-0.008681398472711408,0.0800962376625162,0.026961631316858456,-0.18427873967971048,-0.08477586963891377
476,-0.013489861755290567,0.0,0.0014062093346324744,-0.022870034964960338,0.010449182303132545,-0.2667041194431063,-0.14348397127906626,-0.13325950856192545,0.02953545464835615,0.06048315612361323,-0.0028209195120059575,-0.022622041159421475,0.10532601835509979,0.0,0.0,0.0,0.0,-0.11471380087292675,-0.12323398617725469,0.021625120672959453,0.04955114726009721,-0.05287995123983318,-0.4106700086698188,-0.016479096138637798,-0.10579557657715374,-0.16639822683785024,0.06477131377083065,0.019631982622573638,-0.28506446146259634,-0.21014011852703593,0.04673297129842601,0.005641573454211505,-0.03277260565151924,-0.09167356469299469,-0.2177859931365062,0.15787433550799687,-0.7791113841272053,-0.24022405746277908,-0.022365568476271216,0.19445732371877503,0.0,0.0,-0.280516993858785,-0.4914404375146103,-0.0055019616544964185,-0.0047617673163198124,-0.02363126521189582,0.02758154533950397,0.0693105139413365,-0.26192428976545024,0.10133257163896194,0.02982893756682901,0.03760399423560057,0.028033550162695403,-0.001817278704793738,0.20156052052298917,0.05593342523791285,-0.6564650186761615,-0.0026149079159016584,0.08625873777406343,0.007222400379375949,-0.1923533920846974,-0.06784133550976502
477,-0.013489861755290567,0.0,0.0029015176022686258,-0.02920850963832848,0.009926207497188711,-0.06390316820259213,-0.16435386872260202,-0.05241038034082494,-0.004285197318668313,-0.12064433508534521,-0.01898293923775471,-0.013804259747573551,-0.12981922958277242,0.0,0.0,0.0,0.0,-0.09984215930099184,-0.10670592862171667,0.013925576631662787,0.023637337324423354,-0.005497291424083552,-0.3978420330623497,-0.018517683293875986,-0.32976015317298574,-0.21125669622236773,0.012859597955113836,-0.01180253689247241,-0.16845147065521177,-0.11271060169950572,-0.05310715532486133,0.02788113074319029,-0.03082261553979311,-0.02966530216113085,-0.15749727985201076,-0.027427221222360833,-0.774129422661286,-0.238515279192895,-0.022423028126288092,0.14495929769381213,0.0,0.0,-0.27474795829306137,-0.5032677052970691,-0.0055019616544964185,-0.006053298390612893,-0.06734911224742404,0.03220899204725676,-0.11243479286653135,-0.18392717193197608,0.1144662251954893,0.007333575858517893,0.03149050406222281,0.03842302554330456,0.022407912725405515,0.1382833380169518,0.055599227780732285,-0.7675388625808988,-0.0035351136574387444,0.11066510543292707,0.03210299485690345,-0.055259535595461214,-0.09554101523646495
478,-0.013489861755290567,0.0,0.005422281587861734,-0.025269653900360532,0.011128322205352858,0.34701868685767456,-0.08190054728641229,-0.12429437989042773,-0.19408988275566896,-0.11216539743963844,-0.35636074273171864,-0.015536076477732365,-0.1301686870163381,0.0,0.0,0.0,0.0,-0.08933222381074421,-0.07298169916961829,0.019179441968380038,0.08550347119850513,-0.08125730405428885,-0.41681832630004195,-0.013569597087412134,-0.015547808488556651,-0.25293460008915924,0.028753566459431168,0.030176682983564115,-0.15550928247726234,-0.16576793883413962,-0.03424783944046396,0.0249366669564336,-0.020717788280575845,-0.0830153259528861,-0.1509349811784477,0.1454124382167708,-0.7736930158628662,-0.2272149909680564,-0.023107062258049895,0.15958221467428513,0.0,0.0,-0.30468991642506493,-0.4899265184378843,-0.005730009588723493,-0.005929559046754514,0.057659676777113825,0.03593068369547862,-0.10065574753211678,-0.03946170334460851,0.12020718971817944,0.03033235852334978,0.03235964539477064,0.034909960139150834,-0.015978883049762152,0.20230558449413438,0.06984987852470546,-0.6534143535758266,0.0004128610282423469,0.13665987982035904,0.018752881178549258,-0.09755045577045349,-0.07845251634720407
479,-0.013489861755290567,0.0,0.0029015176022686258,-0.026051354024580142,0.010073280992864744,-0.07332883735451128,-0.17278091401492826,-0.04566955402527715,-0.0007911926220042409,-0.05103109827102683,0.3574552677689863,-0.02912576997228318,-0.13425172271084163,0.0,0.0,0.0,0.0,-0.10117567615243402,-0.09482845213258372,0.01677196972418615,0.03232941974221265,-0.03861075817841934,-0.4202708788969938,-0.021091748875376255,-0.06870823894070001,-0.2543053384713788,0.035516715311546064,-0.006287353131706039,-0.038634283994415056,-0.1851597571382929,-0.07443882821142195,0.020611104668583576,-0.0323340533900276,-0.11827845438939642,-0.1499295198992328,0.35231286416523455,-0.7691308974934272,-0.23266395176064664,-0.022365568476271216,0.1412525573529281,0.0,0.0,-0.33294859878347194,-0.4925054663717089,-0.006368064860923073,-0.006390438262435245,0.00900744197133702,0.011366576592351841,-0.22014191998028898,-0.11293398137666899,0.08812669266490565,0.00846684340721985,0.03531712344035575,0.02869642416430329,0.006647446247551039,0.1832622839674146,0.06841785163790809,-0.7517687003082412,-0.005591089222902714,0.13463711267769163,-0.09000815519044864,-0.22521299817148088,-0.09983155514235426
480,-0.0032788662662971376,0.0,0.006870899523572007,0.0662346220049331,0.09945847385568674,-0.1714967616750982,0.17670495034974865,0.532618141255764,0.534602259492749,-0.005997183257356134,0.3305439068740977,-0.11529817721377626,0.04026284186981358,0.0,0.0,0.0,0.0,0.1886929173303443,0.05793920027771987,0.05599149289656123,0.12229282692792125,0.03464793095097954,-0.32072101926447655,0.0992941339949071,0.16668933265880093,0.1207443023301748,0.0028683519250124866,-0.015249804957255069,0.6070501591764891,-0.24365331769896564,-0.033085909099873835,-0.003988875471083529,0.013010737116659652,0.22977030928631403,-0.20610155180260653,-0.08065685241612836,-0.5699048462831492,0.6001310943372637,0.172418029030972,0.0933677169422348,0.0,0.0,0.06854962913443775,-0.32390918944597813,-0.0055391613235628336,0.009004264577822649,0.4213143335566574,0.07277414518146907,0.20755862696119318,-0.545693895108138,1.1987586905773038,0.03771079244401291,-0.015533721649531545,0.038985451289508956,0.047909833976231726,0.05560082416657654,0.015396911306570763,-0.8876578592074865,0.021277619756689917,0.201626252898358,0.05283062601122172,-0.1627045819762708,-0.09636388373908264
481,-0.0032788662662971376,0.0,0.007261114596041583,0.0662346220049331,0.09945847385568674,-0.17118994753242375,0.15893182568166395,0.5641780660238462,0.5381987859904916,-0.005153287646238094,0.33321280912705264,-0.11442785206700573,0.04027120917821141,0.0,0.0,0.0,0.0,0.19286316547716414,0.11483683115846566,0.05599149289656123,0.12148367079098607,0.029940124641778403,-0.33533872508063917,0.0992941339949071,0.165133840297066,0.12125495168075362,0.0028683519250124866,-0.007384316713770782,0.6009331978570919,-0.24276394957355601,-0.03234825074949661,-0.003988875471083529,0.013010737116659652,0.2243378605458709,-0.20147001676877538,-0.08464091380313768,-0.5601363047369898,0.6012376246654936,0.172418029030972,0.08771870957648537,0.0,0.0,0.06799633904712106,-0.32186981886618354,-0.0055391613235628336,0.007938951919290263,0.42453085839163046,0.1926791748168445,0.19230204324223718,-0.47310329532324696,1.1999944718463835,0.051926721015229785,-0.014634899368121661,0.03580046629970243,0.023117586726960637,0.05560082416657654,0.010986864078637767,-0.8382287220439981,0.020801656616473693,0.20110265184088683,0.05044334086276694,-0.11622199791727734,-0.09735419242120419
482,-0.0037565813191985683,0.0,0.006914144680386541,0.05429512641666452,0.09945847385568674,-0.1714739159207776,0.1716267257951413,0.5294851657477354,0.5338953408337865,0.032326477589518954,0.4016698231552663,-0.11245227174646072,0.08021584223688365,0.0,0.0,0.0,0.0,0.2730508820330358,0.09054484770566017,0.05099881621481391,0.12027921374718314,0.03953823285819945,-0.283459091675569,0.1101813658444401,0.17672639591067274,-0.008460728115211572,0.01798959533819305,-0.015237150046188875,0.7447438031284478,-0.2399387606122193,-0.03223489640703546,0.01601637359060816,0.023005120557462025,0.3333929162457723,-0.1914639501995031,-0.015523995221581106,-0.5379309425622033,0.6188942151661445,0.1573979384320569,0.12182696440663937,0.0,0.0,0.06369601535544886,-0.30629909661759414,-0.0055391613235628336,0.008816549555146647,0.4844196076619555,0.1633062298109824,0.2112536607946898,-0.5337279231813987,1.2377569029384183,0.07148836019708596,-0.014989791970976421,0.03448609011576562,0.03421399739894365,0.12061767717912739,0.01685543627520142,-0.8299701158444083,0.05490741473398664,0.1388604773687217,0.1416243800751439,0.022138762780924824,-0.09784992774845379
483,-0.0032788662662971376,0.0,0.006870899523572007,0.0662346220049331,0.09945847385568674,-0.19118677989661098,0.16340299613118903,0.48086150349767515,0.2975790747445271,-0.01102187918680649,0.31885004536035116,-0.12586128451146134,0.026488043515202345,0.0,0.0,0.0,0.0,0.19173535903203012,0.05839162253430689,0.056098406475943004,0.12458922999942086,0.037671853993066176,-0.28933470102486797,0.1101813658444401,0.16787832805312577,-0.01796556303197196,0.005220294957411207,-0.007255428103900956,0.5699397677267392,-0.30855201700494067,-0.049203898579093866,0.0019064921687437096,0.03155403527428158,0.22327183638940123,-0.20175879826330653,-0.09777050246296594,-0.5758505018469516,0.5907768692215504,0.1578756534849583,0.11840716998370734,0.0,0.0,0.047106015956801896,-0.31625200016308164,-0.0055391613235628336,0.008435849404768318,0.5088664679894436,0.05715867963317663,0.19566856675877317,-0.4765225437870209,1.2378345539866746,0.03313936363364276,-0.015579782197590332,0.0371072193045605,0.0522969005100012,0.10515650750147879,0.012445389047268423,-0.8884130217424498,0.021277619756689917,0.22562328417795394,0.049954832250839666,-0.11543682345526464,-0.10973491068634379
484,-0.0032788662662971376,0.0,0.007261114596041583,0.0662346220049331,0.09945847385568674,-0.1680495971552195,0.17421793954586137,0.5285696099010407,0.5353794215783423,-0.008982960577772628,0.3439572627927725,-0.11385871636606427,0.09225585413979401,0.0,0.0,0.0,0.0,0.2812348623757444,0.1579445505819325,0.05737120041640233,0.13762808020108955,0.03789066933784462,-0.3446696128493792,0.09197601631425655,0.10107646866763252,-0.00028440108671482054,0.02007042061507724,-0.013928127655183352,0.7782161952017579,-0.23093025423196603,-0.0330026222606259,0.013343258540563811,0.04672236556406757,0.29389251203573047,-0.19413246622085345,0.042535740350744575,-0.5329356983208438,0.6478175597291054,0.1578756534849583,0.12092555449813341,0.0,0.0,0.09191270797804997,-0.2974555443882225,-0.0055391613235628336,0.009478335705920745,0.4951071168734947,0.1880743149916206,0.19286637299408124,-0.41834858674304165,1.3247981230442392,0.05850063073214053,-0.016047859319184794,0.024718056834907465,0.1080806224983247,0.11059633290184624,0.011972879173248414,-0.8227484674799315,0.13911509843429604,0.18229890822914235,-0.02876732250309536,0.019204672832181302,-0.09697243443603851
485,-0.013489861755290567,0.0,0.0014062093346324744,-0.023626281341177096,0.010758213087305034,-0.26925247017693993,-0.11430111449323901,-0.13424179627764662,0.02700288317266259,0.006160895466827666,0.33557548765908485,-0.03959128267587362,0.11794105103528243,0.0,0.0,0.0,0.0,-0.11739314565577927,-0.11401165685050528,0.020669896049059885,0.033470633290110643,-0.08084746588453631,-0.3704146016843927,-0.024992177076961268,-0.043985113882578,-0.14320825660450137,0.06499747689431348,-0.022941991265067567,-0.22987634822210573,-0.2339153685656926,0.028850407074029114,0.018586410277809547,-0.03281959266297986,-0.12263047473963316,-0.208232557842017,0.16985073398229722,-0.7680806465787239,-0.26321336303837894,-0.022365568476271216,0.1848383818640683,0.0,0.0,-0.2902352916678048,-0.48393461160713264,-0.0055019616544964185,-0.005830089097487306,-0.02354802661408177,0.017917044369881684,-0.1924304006945488,-0.19353347158120615,0.14748187718346145,0.021370839962420538,0.03754582293754955,-0.005867371447634123,0.014369374086631234,0.1867708716890847,0.05626794482104877,-0.6948191389088105,0.0035879576123188425,0.11025984660123694,0.02182077099356884,-0.24482353645442667,-0.07222311254737274
486,-0.0039279459020310535,0.0,0.00046169286608444427,-0.01123589085576277,0.007310097621421,-0.20998168141389875,-0.17827850514264273,-0.061486877707200474,-0.13291072134797166,-0.01097046770240937,0.4625564405347812,-0.04389743005900373,0.08727269869607666,0.0,0.0,0.0,0.0,0.1962329191945663,0.2046564858896107,0.01838617263761531,0.15377045724897193,-0.050366711090140306,-0.3146429037186139,0.05946164030362157,0.013039746195743622,-0.29256593904740447,0.03171297023526682,-0.012143029400220069,-0.11996478603756897,-0.2188346456474126,-0.07031749629379745,-0.04651943079522962,-0.024756955770984537,0.01841873966896813,-0.21888655167149493,0.3187430133512864,-0.8112307833042104,0.8886633607852995,0.14599300828086098,0.1284847033985533,0.0,0.0,-0.0005898955713403195,-0.3532811799381817,-0.006368064860923073,-0.027269283639288357,0.31282564116190786,0.025793910257707667,-0.03521544867075124,-0.3279801704402863,0.39428180792753903,0.006363627348811676,-0.03678005160037399,0.009731448285952468,-0.03475799424059032,0.09419977712446675,0.05534556200156917,-0.7125381522523782,0.0009231595484593164,0.11550722835553402,0.07515394643976694,-0.1501143655278471,-0.10136424025627952
487,-0.005448044461287549,0.0,0.0009650578454703855,-0.0169596387728156,0.007744054589207461,-0.03572377487709113,-0.14630576802731057,-0.05608705690242554,0.00251910433667135,-0.05670781415736207,-0.28093099049856846,-0.03656576527491522,0.10959879076600759,0.0,0.0,0.0,0.0,0.5319330046932249,0.2557053645704641,0.018881083678956176,0.160730942474178,-0.011255968933548594,-0.39123595558982377,-0.0018853857620781697,-0.027450352370412236,-0.36411191078261085,0.017732784433878674,-0.009386383462407779,-0.12543813356909475,-0.1627450472801203,-0.0493867996817891,-0.02699616008633356,-0.03131904241951485,-0.044379314277105904,-0.19207907336518582,0.18410992030608064,-0.7583470351455757,0.8374889364011341,0.023046432464267012,0.1236947096546403,0.0,0.0,-0.3282234977608952,-0.3855029809170308,-0.005275634161877885,-0.01268659582219453,0.7689086657075025,0.02924658183808623,-0.08991828180199254,-0.29758174635576107,0.8889362156339428,0.01215814457647499,0.1902460767864428,-0.004482507585233326,0.02799976112364781,0.12606051556847475,0.06397683425973397,-0.6618435564124887,0.0024997481155936358,0.12770136578752697,-0.1655636169024167,-0.027262553878102478,-0.1158850935278025
488,-0.011359327210008808,0.0,0.0017054859040861571,-0.012679995374698865,0.00901833104538514,0.015429802410931271,-0.109156471882716,-0.06802346277031504,-0.1356900284156432,0.07307586835387037,-0.2553790087483378,-0.04357516282482357,0.09799508996304279,0.0,0.0,0.0,0.0,-0.10211428806713095,0.08359091580653012,0.019443321084966242,0.11602242633665374,0.004998130161057417,-0.3588927740711723,-0.012173302373155778,-0.031619557653923464,-0.2934237349732085,0.023143981031170692,-0.049021878584177184,-0.09091041212217861,-0.25946029958459377,-0.05469046075580493,-0.01777193566812433,-0.030678645016688662,-0.06562152052650197,-0.19561378994160708,0.005942693539463344,-0.7612172649606863,0.7039708048074401,-0.07299165304035901,0.1383721799589372,0.0,0.0,-0.394274520971817,-0.46864699342728783,-0.005275634161877885,-0.005847426602615626,-0.011959589733519583,0.06407213554892745,-0.10277659247774903,-0.15382607597649012,0.5948716982873758,0.018177771528781413,0.08961111152495094,-0.0321822361062584,0.034323475355962786,0.1218036548316284,0.061787588294734096,-0.7736787669097825,0.006301204361593063,0.17132822566042658,-0.1509304758207726,-0.06339312912871413,-0.11899445164844606
489,-0.011359327210008808,0.0,0.003490766921553641,-0.01242241583444531,0.00954130585132897,-0.03594508099292823,-0.13020473156047593,-0.054124785494562885,0.017167237427170492,0.00011119158661573709,-0.33290886587943974,-0.04040021106960701,0.09713477135863115,0.0,0.0,0.0,0.0,-0.11620520826969671,0.07568623821373589,0.017736959175761326,0.11251883345623856,0.03743771862880775,-0.34772540835322596,0.07958571766339288,-0.043505789333173735,-0.3149056862726433,0.04617195716263309,-0.021421906622975023,-0.1113545558564409,-0.1909655548007651,0.0426617452321107,-0.01262966157414443,-0.0312874107534415,-0.062000858817018605,-0.19144628056725058,0.3069907868023567,-0.7629858699981331,0.7696178731855868,-0.08591734807759617,0.13211765745882947,0.0,0.0,-0.3848559878343911,-0.4498364628213307,-0.005519569697519078,-0.00545564571272517,-0.04040164775569011,0.04491576999652764,-0.08843126502617064,-0.18215797847401105,0.26993099070705345,0.02337579959248924,0.09478439475097276,-0.00681771222469265,0.04538849898715693,0.14250336830396962,0.0577609823851764,-0.7000739077005423,5.804166594687958e-05,0.14793540715669024,0.04516654814652332,-0.08020005858949282,-0.08991750275742474
490,-0.0032788662662971376,0.0,0.007261114596041583,0.0662346220049331,0.09945847385568674,0.006774884803114904,0.15487979088177117,0.5435757953722692,0.5876022407213769,0.08719917502893178,0.33964140498992024,-0.09507847840686849,0.04963825164529693,0.0,0.0,0.0,0.0,0.193311596321544,0.10981305769093147,0.05878640551568274,0.11895347615815359,0.01533101313049265,-0.2931848248632477,0.07359604817422549,0.15245391656858134,0.10787595268687769,-0.004223027781460112,-0.0178690831690672,0.5854395105005185,-0.19438180591921822,-0.020897809088017354,0.020119932962175225,0.013741221748549777,0.22579925614830623,-0.19746134505166704,-0.057275463861323185,-0.549701746056981,0.6132648005241031,0.16355228877993255,0.09996456798213076,0.0,0.0,0.06888767427364785,-0.2910631935310788,-0.005285205440530475,0.006604472189438391,0.35210882483579914,0.2008950341789093,0.09659308320440421,-0.540981582297918,1.1995833571397068,0.051552426953108556,-0.01538948798609374,0.043848879756042757,0.028403989621725342,0.040953195368472584,0.015396911306570763,-0.802665657077601,0.028454288735880618,0.21357011508047868,-0.16515816413522177,-0.11905508156767859,-0.08785898112101617
491,-0.0037565813191985683,0.0,0.007261114596041583,0.0662346220049331,0.09945847385568674,-0.016339975433486434,0.12629913643946175,0.5022115228768113,0.5958609442237189,0.08845333243294173,0.36314419370736994,-0.10368144843499208,0.09322125958802141,0.0,0.0,0.0,0.0,0.2729025462566685,0.11895276632104232,0.059305717910607646,0.11612150886246664,-0.06308884566047719,-0.2468702267763675,0.0755061392435652,0.18241789732075667,0.11052731386103794,0.011887975517311494,-0.023621400027352833,0.7503778467561691,-0.22348365159434763,-0.10055875827827152,0.016949453636305803,0.014377536405124874,0.319162759281421,-0.18877714739183718,0.017200362047876037,-0.5814484810945596,0.640322343084002,0.16307457372703116,0.12537797460409023,0.0,0.0,0.09242328469932398,-0.26429404504917225,-0.0055391613235628336,0.009224039368793062,0.3558175063903731,0.19920776586101033,0.0882836660268489,-0.4626419366094863,1.2856554667049553,0.06434103220408617,-0.012217921058119648,0.03579651792866659,0.029558468250753492,0.05288502055104835,0.01105715035205811,-0.7860190182863966,0.06231525371010864,0.14341050044853315,0.04754007659348645,0.011601099486995933,-0.08806178864448949
492,-0.0032788662662971376,0.0,0.007261114596041583,0.0662346220049331,0.09945847385568674,-0.14546164835256534,0.15572320002711754,0.5467317154522654,0.5881823253812101,0.093554017030429,0.34028831126849357,-0.09994375154272021,0.048670420759692364,0.0,0.0,0.0,0.0,0.1937954228426117,0.10981305769093147,0.05402741273793382,0.11765331661132226,0.0333388793612677,-0.29308011721476984,0.09433338957755873,0.15454474626164824,0.11995921455179501,0.0014899862836740669,-0.012459012939133284,0.5990644342981563,-0.23421086211901418,-0.025270511507463646,0.0421111631141035,0.019331466867503866,0.22701898946951105,-0.20079645621824985,-0.06672928352381033,-0.5517598559318071,0.613311067628022,0.172418029030972,0.0960112719628894,0.0,0.0,0.06788122196381825,-0.2892922601615249,-0.0055391613235628336,0.007746725408270827,0.42213800880910907,0.19251300496007978,0.09430156385914554,-0.5519479718907291,1.162524692134697,0.05376861835463902,-0.015734505752098026,0.03953911775548253,0.009400890048643825,0.054846836400105306,0.015396911306570763,-0.8113614344019309,0.02728306301543776,0.20032884341107396,0.04381015464807644,-0.1303291756938697,-0.08904652247318808
493,-0.0032788662662971376,0.0,0.007261114596041583,0.0662346220049331,0.09832849729856447,-0.08701997010713676,0.15092671258401208,0.5260460911599828,0.5770807223034303,0.09404403564600344,0.4071806264764371,0.08048545549835093,0.04945930764575589,0.0,0.0,0.0,0.0,0.19243836751669235,0.10965179373009004,0.057239073374467354,0.11655107477949987,0.015130326562615965,-0.2996216075187565,0.09222849006371558,0.13184354773478335,0.12599195356628617,0.009461713659450735,-0.018662817289358896,0.564179883954459,-0.17752962528913524,-0.012062977620440857,0.02047174142916511,0.021297661630741118,0.0959772309348064,-0.19583094774621218,-0.05322324545199486,-0.5439595457390316,0.6092293084803959,0.16355228877993255,0.10524788790489172,0.0,0.0,0.07406961595071672,-0.2960071570576771,-0.003433806597296777,0.006170725015145008,0.41379233247084696,0.1589314702084703,0.16157105265250324,-0.505489688163003,1.1673057555782769,0.04661029526763326,-0.014872350365604189,0.04761090756827971,0.01971823328884262,0.035848074347478553,0.015396911306570763,-0.7098452417015523,0.01967578532245468,0.2823309270027314,-0.20514892637033622,-0.16633273199630347,-0.08711000979472279
494,-0.0037565813191985683,0.0,0.007261114596041583,0.0662346220049331,0.09918818514958525,-0.14156386318779185,0.14894756035049114,0.6480687382983575,0.5519060828010488,0.12298553854830711,0.32151154637455986,0.12471604075881478,0.04848816515246387,0.0,0.0,0.0,0.0,0.19357864252077778,0.0848347965729932,0.054777690795426166,0.12545783777811026,0.03856363779373449,-0.26909943059210684,0.0992941339949071,0.10429604769236732,0.12445116107636696,0.01688104484361825,-0.010996566841929272,0.6202039862680122,-0.22914119484723908,-0.03197242681572029,0.04391769905282011,0.0201536731297289,0.228511555473738,-0.1814435880132218,-0.06681718843974575,-0.5542954528371659,0.613311067628022,0.1719403139780706,0.09210447234792092,0.0,0.0,0.07038927872336288,-0.28922909710256706,-0.003687762480329135,0.0051555924084872055,0.4655996934209713,0.20265645819405376,0.19236816314077157,-0.5363269841763223,1.1735682547838766,0.060922343024108046,-0.014655668886005656,0.04154241448227271,0.007571662046354698,0.07348116218898568,0.014319668015748969,-0.8162306567521456,0.01918500775858561,0.21300927403022285,0.09237839254022684,-0.09150301383333036,-0.08545037621100886
495,-0.006437616371886253,0.0,0.0005546990232350724,-0.01942956315308994,0.014364862652949421,-0.19647879068045507,-0.08538399149378861,0.26215519042091323,0.11394094192548788,-0.03311312587342318,0.38199178004127365,-0.04429809196002712,0.14284314672828963,0.0,0.0,0.0,0.0,0.62588217868544,0.17966148122793194,0.01910638483684861,0.15824057345086717,0.01873143896002803,-0.24493121267825044,0.07986579271163749,0.058299555401896304,0.21733765367419103,0.07887806766518585,-0.0021716106715365608,-0.07491226497313988,-0.24070064670849198,0.004692918648342838,-0.07717413986110504,0.03155672943668613,-0.00375198900186203,-0.19295406368605295,0.0905546212869884,-0.7398979250076636,0.9328437138206247,0.010861155787599441,0.12603910909343846,0.0,0.0,-0.2547397236111057,-0.3631249580090783,-0.006368064860923073,-0.007778619720245928,0.375648986460661,0.02313879101391114,-0.10648021753577994,-0.3290801253637745,0.31383963619347466,0.05178568456967831,0.1577309648006611,-0.006916831393882734,0.014343248496907974,0.11282866598224157,0.04388257227742054,-0.6224798022018044,-0.00677044093700413,0.06362771242127868,0.08477536109662605,-0.19245246715671613,-0.0726995292558344
496,-0.005448044461287549,0.0,0.00046174443252561996,-0.019786302755561102,0.014364862652949421,-0.21515123138473163,-0.10080324747726649,0.2287368626348853,0.05433275626363254,0.04850064054303933,0.459469268115673,-0.037881794737572395,0.10244496051900175,0.0,0.0,0.0,0.0,0.6261309792039257,0.2055289907536575,0.02738505328843444,0.16426726186825677,-0.1139899545147554,-0.22644376266958097,0.06744442327221549,0.03233272043814669,0.1307251060949648,0.07892310600515384,0.005423615601623201,-0.09857340132216162,-0.2622890237093982,0.03746743337788443,-0.024871837553052827,0.04976999340401005,-0.0026530900034337046,-0.20652467705691577,0.051706707866545285,-0.760058152203528,0.906317695372505,0.010754358081746174,0.11910314538217126,0.0,0.0,-0.2508759269454581,-0.36130492060408037,-0.006368064860923073,-0.007474196990529832,0.43311694759141545,0.005479447245373798,-0.12182714791834601,-0.28077308382782495,0.43021673968473406,0.037113765790872846,0.15799143372069135,-0.0014913285959990575,0.007578813162751426,0.1234001167942776,0.04388257227742054,-0.6085156031336237,-0.006428110845308908,0.028657185631774294,0.07132419192390534,-0.191330071757685,-0.06957289974566408
497,-0.006437616371886253,0.0,0.00046174443252561996,-0.01954104495694962,0.014364862652949421,-0.2110622225840278,-0.004281555538729612,0.24114400964821558,0.0717143994785179,-0.027368607709338157,0.4635617433874145,-0.0385232491928246,0.10790559786766574,0.0,0.0,0.0,0.0,0.6261635411463807,0.1605540265014581,0.019565545032405325,0.17335548818792812,-0.112344274518987,-0.21679283112919465,0.06627430662725248,0.08308939878996642,0.1551354591007107,0.07906138954878134,-0.0011324513546002496,-0.08973471133867177,-0.32351234408197216,0.04771401745326476,-0.07779929497512171,0.032132446411509426,-0.025275515300879726,-0.20121787612194622,0.0785450420024275,-0.7576325999854292,0.9275839244203546,0.010761194790911133,0.11586380356923465,0.0,0.0,-0.24740247641056787,-0.35437366154044625,-0.006368064860923073,-0.007474196990529832,0.3857447986981746,0.02361227492505869,-0.10345535455220617,-0.2779991834038822,0.35635324898124876,0.049322887248456064,0.1591862782492126,-0.026701472953279928,0.018620958819936164,0.12020926951106521,0.045579660374175095,-0.6240780671433003,-0.0059422424118843785,0.031098422736307835,0.07692685955301333,-0.20028907369386761,-0.0726995292558344
498,-0.013489861755290567,0.0,0.003505010069001035,-0.02508960540494343,0.00901833104538514,-0.0016104269448056294,-0.10759658405681931,-0.04958563103824003,-0.12248884094214031,-0.10067815499355377,-0.31393308904944195,-0.02411787708263393,-0.1313243272974976,0.0,0.0,0.0,0.0,-0.10058797161301554,-0.09590166399136045,0.015382394074554676,0.02335291143363612,-0.03259763096349386,-0.4192145563463372,-0.018489472948166018,-0.0947878836273046,-0.20083758661359927,-0.04048734362342039,-0.005950052230141046,-0.060588574115793395,-0.1804307964369145,-0.03929955727893081,0.01619369248145413,-0.02656802483883073,-0.05689505757594506,-0.15993593306281303,0.08249093031757464,-0.7746471799591355,-0.24583457825923608,-0.023107062258049895,0.132086206907358,0.0,0.0,-0.3094377444338837,-0.4948152916539749,-0.005735794154875616,-0.006620674025814472,0.025929975900137042,0.08238287345135022,-0.11307369157626938,-0.05191638646160816,0.10613385686613638,0.01909670804858513,0.030816721152468585,0.034105277716171424,0.007952205650573361,0.18955448333710975,0.044719453610815016,-0.6921543647990281,-0.004586869937399986,0.1328092950468086,-0.12182765639629392,-0.13599517806135367,-0.10222555353888108
499,-0.005448044461287549,0.0,0.0005604895165787997,-0.01942956315308994,0.014364862652949421,-0.19647655064208858,-0.0870031498930959,0.268939461974402,0.08296931955956914,-0.026487019854388835,0.4583093333954842,-0.05151754222428048,0.09483050431709786,0.0,0.0,0.0,0.0,0.6268694240583578,0.26614896759976603,0.018672631220525947,0.15879645969692016,0.020067163390438684,-0.24367451386849345,0.06744442327221549,0.03808428834606024,0.042373987225508586,0.06017127298281426,-5.960750536002401e-05,-0.09598730950119967,-0.2996665282534246,0.039630077555985486,-0.06529563221277844,0.049792835864023825,-0.01703692056509119,-0.2225646431091143,0.004043823768441952,-0.7636642975734472,0.9037253469839025,0.022958879639690802,0.1167347270031229,0.0,0.0,-0.2503588388452147,-0.3613147629667649,-0.006368064860923073,-0.007978844177373346,0.46245984800821344,0.01617122092237628,-0.11713646732656673,-0.3179293224073831,0.38342760234369294,0.05276468930203263,0.156912596854599,0.0023500162775632154,0.01671155800104968,0.12020926951106521,0.04388257227742054,-0.6657538811330272,-0.008043572309732147,0.04024839685424446,0.07898788567660057,-0.2201240991669533,-0.07632544968883835
700,-0.011155111636765422,0.0,-0.004120857250962272,-0.04745106028966534,-0.0011966954517049367,-0.2158157439457582,-0.10779015270164773,-0.18694822222598462,0.0494421381446396,-0.040355865130242474,0.17173242030273972,0.008382821297629921,0.18851853188020798,0.0,0.0,0.0,0.0,-0.10130072419111338,-0.06296844608994676,-0.020461063137785895,0.04530764847343946,0.027521483293664484,-0.37090165377639395,-0.04295170084902254,0.10660288373018986,0.5577229914181657,0.016231638568634882,-0.026030155393993042,1.3377713675968783,-0.004035014883568315,0.033485618726093985,-0.0015501472722460397,-0.01812108390260404,-0.023760259494459958,-0.22530373869252068,0.42956046192127206,-0.668188916757375,-0.13453988674094874,0.08013504781193731,-0.08187023760685062,0.0,0.0,-0.2132796102787924,-0.4485702776427671,-0.011751923916080006,-0.1008368830732938,-0.25431585359956,0.16708597754281465,0.12531900982755134,-0.23155573432236604,-0.15117857390073727,0.01844617088935037,0.03925361295096385,-0.09493925124822006,-0.2070232460443613,-0.023666963056665984,0.017831369231799028,0.2900107537175869,0.1602683303660546,-0.14645145345795818,0.1924103784671381,0.03361449748624473,-0.10280415626490678
701,-0.008380943469444962,0.0,0.006378512096746029,-0.029944475576150754,0.011164258603098389,-0.21121093026432386,0.19695084761446974,-0.1721743860089278,-0.14674772974432204,-0.13032658262697114,0.03448344421301848,-0.08514858625127426,0.064847447248379,0.0,0.0,0.0,0.0,-0.06839197002410119,-0.03265150123978016,0.0012815262293086338,-0.020741143878482422,0.03056697790033935,-0.3017494971177716,0.06734601963495143,0.16659584628944238,0.13313090632562932,0.010028125543127932,-0.04681104982409107,-0.07445252662562818,0.09554866497524687,-0.14455352868193405,0.05613988623773038,-0.027239715781552855,-0.13561022283643662,-0.3045518780461628,-0.09594406118572098,-0.7281528832023554,-0.10255527904752611,-0.002844374254762496,-0.0347510382887309,0.0,0.0,-0.27561768213559007,-0.47795382912676265,-0.012533445028465475,-0.013401210857020573,-0.2155843401789904,0.09478529565392935,0.1050397300643574,-0.20029748090023297,-0.21767789498124773,-0.028906612390592622,0.0535945060974795,0.016490135356121823,0.16555084801206021,0.09899576089823489,0.09698645986620948,0.18231390220751953,0.022153932887477287,-0.25584332694654555,-0.17257410171840795,-0.14088088057832546,-0.15208453101668984
702,-0.00737052317843591,0.0,0.002417676468399404,-0.023410948940196734,0.010239141293446125,-0.006185209945571021,0.20916336705778046,-0.17386090684333588,0.06506406772997719,-0.08839610720541641,0.2690855099384577,0.03202089890228929,0.06052013571731301,0.0,0.0,0.0,0.0,-0.07137088214898342,-0.02760872500960332,-0.032501760130760206,-0.06992617027797636,0.03619935726286227,-0.34047381095885204,0.06867601603937262,0.061370145161959294,0.06145940219588771,0.025768622265720423,-0.04205572859907406,0.7382123128622935,0.13216850206385955,-0.10011281655425094,0.05250787442461928,-0.03921249901689939,-0.16897319583771356,-0.2602536263798673,-0.22466183682149696,-0.7384993820195859,-0.02590652733279901,-0.0020233699793726495,-0.06572798417483855,0.0,0.0,-0.25722871818673326,-0.47075398095213544,-0.012501668365093886,0.008948833320840104,-0.21080759751140277,-0.07040619568990995,0.12127587350142147,-0.25731686383987734,-0.3854445050967999,-0.03897302338350747,0.04567660580518807,-0.046189229996374793,0.09310364971191484,0.10472780189893828,-9.317881048976148e-05,0.23183092055848356,-0.03524018439969688,-0.24998384827123613,0.06107172379514199,-0.16820018674431295,-0.1371308373254492
703,-0.008380943469444962,0.0,-0.002583715328532879,-0.03293884253271612,0.010813098862204237,0.016307719214082837,0.24981435869822213,-0.16569067737835103,0.05945711797657013,-0.11138478241171346,0.42590511593832886,0.01461834002901266,0.1260476225313477,0.0,0.0,0.0,0.0,-0.07039960482992655,-0.05850484707683253,0.0020604471137571625,-0.05643921995917563,0.06283054570667887,-0.38395729881970114,0.06560426553053578,0.0978563988697863,0.13343780189300986,0.02588234018055901,-0.04164836237183097,0.005522612198935561,0.18938103547234716,-0.09574038939537194,0.05907554282899222,-0.02556885842603237,0.006196503265626402,-0.2812573862087465,-0.21473159934043756,-0.7273475109190958,-0.08874550664739717,-0.0020233699793726495,-0.05386942895969139,0.0,0.0,-0.2426578778573999,-0.4807829496582403,-0.012501668365093886,0.01249175305771849,-0.18165823438818998,0.07996508787477521,0.10880912321574046,-0.1295993116987258,-0.3957172905841528,-0.028937081641687814,0.058720951604755024,0.07201918455355025,-0.09924168417399905,0.11293968208643554,0.09912903516375811,0.18559908828659788,0.0007794597498762025,-0.24430742147406445,0.10398455950727231,-0.0552485332402319,-0.13629747758752817
704,-0.005183026676331009,0.0,0.006378512096746029,-0.01745413507773494,0.007613900128545546,-0.2513986807608298,-0.14390991790479604,-0.16716285972818987,-0.2266428259774708,-0.07829811469474932,0.34307374477593033,-0.14806522959411356,0.0712327688389837,0.0,0.0,0.0,0.0,-0.0742751453365827,-0.055675432303703705,-0.0027353265431676235,0.011994102975135413,0.02400251141922917,-0.3459756401056477,0.11882628825804975,0.33602457731654983,0.1297025611173636,0.028386888230344,-0.04829783469167406,0.027873521786660947,0.16383847894869305,-0.08474758689481417,0.04347707593921012,-0.037414081379465475,-0.17266194779965943,-0.2854230595799599,-0.23419920957151658,-0.767271341324533,0.4218864689646102,-0.00762750178907095,-0.04711822607113881,0.0,0.0,-0.29873074742006095,-0.4366940684705417,-0.014381149945267622,-0.0028807358352322464,0.2039767007748989,-0.040605058957592,0.1275993930924202,-0.21121939496594458,-0.46428824187083056,-0.021784623192236015,0.09721513999417873,-0.03162749397905252,0.2002132893351228,0.09850659892200611,0.0477211514263199,0.21020412733912666,0.022400252525031028,-0.30760363337501834,0.058464322681084445,-0.1572961747248218,-0.13600335098261124
705,-0.00914091398501241,0.0,-8.896104751673168e-05,-0.02153232208898364,0.010110864475490377,-0.2702051735771044,0.0903493993415995,-0.21968110770880492,0.10598128764925045,-0.1280572271151396,0.6952943081670778,0.04726166434893304,0.1396780459570624,0.0,0.0,0.0,0.0,-0.10923273345550623,-0.02712969321001281,-0.06773627114577618,0.011011028824124608,0.026347654658603187,-0.24972509668933376,0.08904789443466235,0.07754775150505429,-0.060349334807901354,0.0620014324885859,-0.051895501377495636,0.21980017088068265,0.1000073386773254,-0.06141356369294046,-0.018415086710441383,-0.04264866245841391,-0.048772224584657825,-0.25152175557917705,0.5974230203986934,-0.7213672474970223,0.7332000147051437,-0.009262687659877037,-0.04788336543980605,0.0,0.0,-0.3124321990411642,-0.39029392816156916,-0.0259960998485369,-0.01660256822272591,0.33779355895046675,-0.04819729746813121,0.17423860191257812,-0.2567652350286076,-0.25638958573238113,0.02880850737749281,0.07610540018025429,0.10295315631052186,-0.3240206339812619,0.10338322771479155,0.05704648262350052,0.22895148568604168,-0.0877525992032022,-0.22469080988940507,-0.3044357177210376,0.2336733105325973,-0.12305732200354438
706,-0.005183026676331009,0.0,0.006378512096746029,-0.017820853232250883,0.007613900128545546,-0.2119317405421926,-0.12727668340038908,-0.18790106314467472,-0.2736226006586331,-0.12520169995682917,0.30453179692069376,-0.09688580732457028,0.07130369359165,0.0,0.0,0.0,0.0,-0.06760978179390124,-0.05429362969566024,-0.004375254566243223,0.004694622883719498,-0.05517704086644988,-0.3540427987406214,0.11746673923739608,0.15844376349562825,0.11564520767037348,0.006223844071878825,-0.06344471596382993,0.005692516316714884,0.12905920844716,0.03901607121010703,0.047867000442354375,-0.028673849531372995,-0.17804454341201842,-0.28640391671330606,-0.19579218629971892,-0.7246870294749082,0.37775636851501593,-0.00762750178907095,-0.028652644408556145,0.0,0.0,-0.32044646259076565,-0.43727344482540104,0.0006044722019847002,-0.016029149439936417,0.20963796410872323,0.03666807544749103,0.06180550815526932,-0.29107183100377,-0.4591367949616997,0.00399336779047623,0.09455936223451189,-0.016471182881438354,0.263153106335829,0.0931455847492899,0.040677841663595754,0.1878987493587459,0.02090990200045051,-0.29937352500019615,-0.24598468308142363,-0.14479599614607863,-0.14481461443858376
707,-0.008380943469444962,0.0,0.002182203811665789,-0.032055371497865574,0.010897743109718059,-0.040540976645565725,0.2190305748524903,-0.13833553978746088,0.07382074674267597,-0.02279832832739762,0.5086439671236279,-0.07864373640111749,0.13282214250009555,0.0,0.0,0.0,0.0,-0.10126530397483895,-0.05949344223947607,0.11396440645724268,-0.04211376553260689,-0.028825348831905736,-0.3413282639067985,-0.009323108324461397,0.10714962813838563,0.19184045774422237,0.0752085087207365,0.006954749502137342,-0.10259153750899451,0.16933941219613605,0.11440788861955598,0.06978846926097602,-0.02920104635681765,-0.171822857880635,-0.24193352711983176,0.3328857091267776,-0.6945488010959523,-0.15898433480835536,-0.01532075955489394,-0.03205026703701699,0.0,0.0,-0.2985082040083625,-0.49471027138173046,-0.012533445028465475,-0.013411240444246107,-0.13312543493572143,0.019314716885992785,-0.08469678403978798,-0.16127954676347742,-0.3439456349297098,0.00335084698070302,0.03695946293888584,0.044392463017691106,-0.14377324621913437,0.13453561836418562,0.09741434469775631,0.18163887222737327,0.04268530221430654,-0.18465249909357323,-0.10804586010003672,-0.23934664118290228,-0.1102136980053681
708,-0.008303133132211473,0.0,-0.0023521428509448526,-0.027701325396525048,0.007281151953185323,0.2971830278178015,-0.21072598139452015,-0.1284097174354475,-0.22554904501617917,0.06368912100018527,0.6702985629162713,-0.09428045103312191,0.10624982229503005,0.0,0.0,0.0,0.0,-0.12086398415971364,-0.05082319324280848,0.02129583928099838,0.014015567966533906,0.018590645328398638,-0.3458915539924683,0.0011467768240924008,-0.12238708970359087,0.06949886498587717,0.05833968796875803,-0.02845278306836985,-0.04953077344585239,0.07935674852398274,0.10900018437433191,0.036544520645465144,-0.0410384138178196,-0.14392736350208105,-0.1895299721625911,0.40160137608083524,-0.7094476182440107,-0.21203844508761346,-0.014591917190830903,-0.024068601064188847,0.0,0.0,-0.04958146942368139,-0.44304730521901636,-0.02785063188261733,0.00028234848115794766,0.5287256210561639,-0.043596122772797015,-0.04572836471097606,-0.06586255541615049,-0.10039289976113709,0.008037321048225006,0.07099795876164969,-0.0246859556990002,-0.18410345326732286,0.1405458592333051,0.040880031171096405,0.027559214787004346,0.04589860290292331,-0.1560191577623898,0.007124197289517623,0.30809184088575625,-0.10004582117629869
709,-0.008380943469444962,0.0,-0.0026272387402003668,-0.0301530239518757,-0.0008744203674869039,-0.2605950700271167,-0.19510327334061867,-0.1260419766541303,-0.11006709035883068,0.02592919188989101,-0.07209612453559293,-0.12928907484696917,0.0968444535499501,0.0,0.0,0.0,0.0,-0.11229730877992633,-0.06221974393442845,0.029743895365050746,0.015460671077877504,-0.0030519651963422543,-0.42715342918811144,-0.03258169879925771,-0.110659757516228,-0.06105953941190739,-0.1139695149838819,0.12792455312892745,-0.04785083042124636,0.0972412245637738,-0.0433109928775105,0.016112684654687674,-0.05517880009395223,-0.14293935133845156,-0.29465989405524806,0.16617251941056788,-0.7019463354260744,-0.19694045465270232,0.0012771474192843034,-0.033194579787672956,0.0,0.0,-0.20229887375267974,-0.4970369620584031,-0.02757871853373689,0.028791886463565463,-0.39918925063851557,0.12790893578253215,0.03585644963779539,-0.18939350783618947,-0.14256685599284147,-0.028693513040729025,0.03508926810694063,-0.023415586334605727,-0.17389984894085425,-0.1659284259056705,0.04253454980585596,0.15810054479276078,0.17775654251849685,-0.10846923516265003,0.061689150048883735,-0.1165208533803301,-0.1282749208675722
710,-0.004937196424310571,0.0,0.002417676468399404,-0.02018151400494267,0.009861950433343399,-0.03401481798414821,0.13556585647073283,-0.1482441494578047,0.12329078104288725,-0.09222896828525956,0.3219773513126266,0.04058978047765276,0.04746264435695555,0.0,0.0,0.0,0.0,-0.07269988664606716,0.06157797043682347,-0.03165916989624097,0.005119697344836092,0.07498331244984183,-0.41025808115137924,0.11862927440375998,-0.12943860479982114,-0.05706908277243881,0.0023061485979536103,-0.04345183136851772,0.5792960455427684,0.16651576263875506,-0.09869429239014418,0.02744085895951634,-0.038466521603939166,-0.16801739614964978,-0.2803509280158578,-0.2915885830471759,-0.7420268348768357,0.23216747706366997,-0.0016366938784569576,-0.049331293462480774,0.0,0.0,-0.25877455024208923,-0.45015285378836933,-0.012501668365093886,0.006337366077954352,0.23034334943989934,-0.0394463305019038,0.1729345407504612,-0.42428229295410047,-0.548108953813383,0.0001253810952800539,0.10484078874564522,-0.04501866636148027,0.05949938850538277,0.07431994189531564,-0.0070021458336044715,0.1959498390124811,-0.03289064946220921,-0.28768301823862497,0.037712785826370776,-0.2036108875661248,-0.15587846351254353
711,-0.008895083732991972,0.0,0.002417676468399404,-0.020263456833914166,0.009861950433343399,0.0170218742024657,0.12416853512604042,-0.1698631469768588,0.11565772885672675,-0.07895671552067414,0.32669798650368476,0.08996944647362796,0.07075938408240323,0.0,0.0,0.0,0.0,-0.07265005888059421,0.05971685942331478,-0.07117950703726336,0.002399993150386511,0.07584006162054974,-0.4117399005897348,0.12700730181766212,-0.16617137143971597,-0.051568671728357496,0.012667262697917167,-0.04378387458220065,0.6471792377120417,0.16466482744060001,-0.0993745067209633,-0.07307468117239746,-0.03844367914392539,-0.17963757155103066,-0.26813219544006667,-0.29577276234253197,-0.7390993297924384,0.24488063034760063,0.0041622291398931265,-0.04974795462674353,0.0,0.0,-0.24641580853286896,-0.4372225386923463,-0.012501668365093886,0.017563561674258245,0.2076966065219686,-0.039969276891810346,0.2129807556654184,-0.29076887244121835,-0.5528242427845662,0.005846493009565355,0.10528128704863894,0.018693494455467988,0.05327042813118487,0.0843439999540949,-0.0070021458336044715,0.1998937846764527,-0.056864098488448644,-0.28764081850156964,0.08876607935247373,-0.16793904476996527,-0.1528961630824098
712,-0.008303133132211473,0.0,0.003996263334622322,-0.027609734895025172,0.007291688643450455,0.01241330141545342,-0.24531207007851158,-0.15444646915362242,-0.14886090415000522,-0.06445657202208913,0.3838249948410833,-0.1231035154429492,0.08332672412374646,0.0,0.0,0.0,0.0,-0.08943859476187137,-0.06985327260358574,0.005918774132184602,0.03383580018974985,0.04484674272815851,-0.4420048036603738,0.11627483859438155,-0.03852117486746401,0.06823458128727927,0.025843222567709274,-0.03378334919858416,-0.04884860376682527,0.060916645136183056,0.05613031698264988,0.019222224890678354,-0.049476752604965334,0.0019216251292640913,-0.2691346530904889,-0.13542209526165117,-0.7672195239496756,-0.1468280489269114,-0.0012494761374048364,-0.03182808676201039,0.0,0.0,-0.2884994586818569,-0.47557270835612153,-0.014381149945267622,0.006502170440358669,0.35920024619605373,-0.011581471155220409,0.13827256604641658,-0.2243306976243509,-0.30577331078654835,0.013160743841399241,0.08227719137920626,-0.011424275360599631,-0.01127082968209749,0.10089444076668273,0.04235685367928206,0.20347350541355178,0.013044111754685275,-0.23626060819189978,0.04562995461996255,-0.07250043669524675,-0.13076069068418292
713,-0.006172598586929713,0.0,0.004688841327581927,-0.02060175300906641,0.009046271677326438,-0.03755179960272807,0.10178463269642113,-0.20430828188029554,0.10974974084932654,-0.10528133273407118,0.5385418688075364,0.051091095536862474,0.05050984175832478,0.0,0.0,0.0,0.0,-0.07172860932701028,0.082714954461964,-0.06471565278618424,0.009302949027650801,0.03994863033747152,-0.3605890730898143,0.11757836710043928,-0.22103598209735847,-0.053626952914442305,0.007080708672233219,-0.08594782692139219,0.2503285534113832,0.15497676331148608,0.029788347680089634,0.05793216847969656,-0.02734038957852262,-0.16881675196413637,-0.2793015387718224,-0.2931544587607488,-0.7170787873829865,0.35114907576237187,-0.0008273329617065335,-0.03032881128266847,0.0,0.0,-0.2512688174496767,-0.4537699748909018,-0.012501668365093886,0.015928972039127662,0.21978566802714,-0.05828836410414677,0.16484836079061915,-0.4413027404154539,-0.5520179512099302,-6.0998297342892944e-05,0.10308928377748965,0.03238416993621318,0.13836801143283492,0.07813556641026029,0.048336842611728846,0.19929016456496002,-0.04228642751799625,-0.2886642325191231,0.06692989518874035,-0.14606755970893426,-0.14512215906106485
714,-0.005183026676331009,0.0,0.0013771202998137456,-0.01746381015224114,0.007613900128545546,-0.24677277786622,-0.13345762876044018,-0.16360033853695372,-0.23487172193154118,-0.10999465016339911,0.41618408042302896,-0.06904118079068566,0.08783373560586015,0.0,0.0,0.0,0.0,-0.08606345552286891,0.19561361970507818,0.10958819907036757,0.08004056618354279,0.03061312282189897,-0.402444979790748,0.11340458952801317,0.29538194060774553,0.07635921839872825,0.018362441047073453,-0.0684673287628281,-0.034244740946081785,0.144639026254531,-0.07530484943898486,0.04178944362237078,-0.03786912211124667,0.008688147257394276,-0.3137488760843093,-0.15658133967943563,-0.7624419703652473,0.4289313090747065,-0.006099258130670453,-0.04876378056663819,0.0,0.0,-0.3062572911221742,-0.44784449093386325,-0.012533445028465475,-0.01663430703637693,0.3178086759278917,0.022760432663280497,0.12098170806359906,-0.295755506454455,-0.4347027713362853,0.01950403099735383,0.146705519851129,-0.017391242296449456,0.030334859434025835,0.08844194419173647,0.03926663313672092,0.1658621833698465,0.013468705271465839,-0.2752988030483065,-0.27368859386393146,-0.0186215671449558,-0.13186621370162518
715,-0.006303140930603715,0.0,0.002182203811665789,-0.02050631372117314,0.008048199665374975,-0.08097880085777623,-0.1235455038271081,-0.20593727398155656,-0.10539330216450138,-0.1001997204508949,0.5329539318529872,0.06500357073957191,0.15342495140869933,0.0,0.0,0.0,0.0,-0.10340045315165836,-0.08135547616948138,-0.03671100780868639,-0.017407968975545893,-0.019284760188370192,-0.3095950091466336,0.08911159242289889,0.11670775209832744,0.08823915100672025,0.0659977098428402,-0.04382072516476291,0.9152852628336531,0.09687172640362562,-0.06499509043076282,-0.01328326591531111,-0.04201042813207511,-0.06665873525618046,-0.22597507284409826,0.40048928164407743,-0.7046499747757131,-0.10795646684323595,-0.014598753899995862,-0.06756573975654626,0.0,0.0,-0.3037205155365966,-0.41354193808380607,-0.0259960998485369,-0.010625900146097262,0.2844607155247347,0.05649696545939444,0.1331090815870278,-0.2008938846792875,-0.18562598035600453,0.024422996603152235,0.07081446873476355,-0.08133690029641938,-0.12676362038866465,0.11109590421175618,0.02541058771907968,0.25674730350465147,-0.08899768297199381,-0.18847430895629994,-0.19479347164932437,0.24588573629865942,-0.132104239194714
716,-0.008380943469444962,0.0,0.004688841327581927,-0.027967447068008976,0.013496323462659028,0.08549857282749106,0.20289552520167456,-0.1552920173779597,-0.08596340197393627,-0.054524357621504,0.366062463895658,-0.12825557348578023,0.01976757904174125,0.0,0.0,0.0,0.0,-0.06714229386419986,-0.024014921519716514,-0.001396331893261671,-0.02775931177218238,0.02162656125344878,-0.37080779763469196,0.029077667855863697,0.1290615658060401,-0.08975198267872045,0.021808842573221063,-0.05548898993701564,-0.04939006639170651,0.15206865765191488,-0.0896555295968885,0.06743345272119153,-0.022877483748547665,-0.12784737048466774,-0.27378744675409045,-0.182813965704923,-0.7410540066892304,-0.11255397749317157,-0.002844374254762496,-0.043891625560332194,0.0,0.0,-0.25703790523334036,-0.5037723688565516,-0.014381149945267622,0.0002411894017334623,-0.16985761674835737,0.09453709489044082,0.09292537821357515,-0.13036368255438252,-0.32695731373418624,0.008770953704315678,0.01713953596566721,0.022766680757601666,0.12698100998499245,0.09663124395193089,0.08262205326299188,0.20848792250757855,0.034287200872840644,-0.2442096868940359,0.04250248294673525,-0.16753888347184948,-0.13271819388667636
717,-0.008303133132211473,0.0,0.002771569808721226,-0.020894627663395657,0.007516525656423965,-0.237103262090686,0.18651234317552526,-0.2152857939569942,-0.10697437455567811,-0.13276043255690126,0.43555877939809395,0.058402788581573536,0.0865225047016834,0.0,0.0,0.0,0.0,-0.06725305714170014,-0.0336818548303625,-0.06681690529788895,-0.02142106726837895,0.04535304351497823,-0.43361956639016475,0.12845651596589838,0.1287566191566649,-0.06809033417888218,0.019686880484657564,-0.05121358949462381,0.28659594810200206,0.09347068273901518,-0.09972352331249076,0.035295756534792236,-0.04131246052183495,-0.15187159711197637,-0.28806844107005214,-0.13551814065929835,-0.7457269411532945,-0.07330945765180118,-0.0012494761374048364,-0.04972365750902387,0.0,0.0,-0.2757798484027997,-0.4639497597569365,-0.012501668365093886,0.01168132994293029,0.26618366453052056,0.05783100538906367,0.1935984639790323,-0.2762706379973434,-0.38695843007616904,0.013469214439267593,0.08309383589298806,0.0523289178481416,0.08826017656698608,0.07659452822682605,0.07136622722148313,0.19043300050754955,-0.11547103821096505,-0.26496570026990146,0.08246083209184892,-0.14968201493974873,-0.1501735132973886
718,-0.006250408924163203,0.0,0.002771569808721226,-0.01782152232522494,0.012922365893900915,-0.24445468716558208,0.2288630935061152,-0.19072764169532544,-0.07212553841250498,0.04401485042312133,0.5666345804647696,-0.13420560221944536,0.08029486433390347,0.0,0.0,0.0,0.0,-0.06755318610444905,-0.023099355296050932,0.10570584579556494,0.024521799857191832,-0.055387071415087356,-0.33245173917761817,0.06049618495572079,0.012892143742141123,0.11313843156314865,0.012436817989702422,-0.07810644274712876,-0.013302374021860148,0.1926902811852929,0.07120378749933605,0.0699332269496547,-0.023154396926578676,-0.16193785403075658,-0.2853173890963312,-0.20257611354987315,-0.6987571785812466,0.36387511240696585,-0.005483372193243361,-0.04305786308978899,0.0,0.0,-0.28079085341575966,-0.4478714055633673,-0.0012432327148174465,0.00033848209295238047,-0.19398356128677824,-0.02377386190410589,0.015956453577374068,-0.1989633329518453,-0.39951150523149154,0.00405037146864983,0.037854076334929425,0.003451901610404909,0.1598737007427321,0.06059118221486532,0.04192075969582254,0.23865703463981913,0.016152495584671855,-0.2648251523637812,0.03128733034635733,-0.1397393417974886,-0.1496792067635445
719,-0.005183026676331009,0.0,0.002771569808721226,-0.017506860837128838,0.010176248234448702,-0.08013691070424384,0.15604108275398457,-0.18210075211761195,-0.033449030763558846,-0.09796390584934273,0.567308613550482,-0.08996922727544905,0.012009961174912138,0.0,0.0,0.0,0.0,-0.07444111071060168,-0.0340162857681951,0.10019803797420401,0.05190112477751138,0.030315258024457,-0.3487224396106368,0.11643142527716376,0.08526793299100216,-0.04980918406148029,0.010646675635346872,-0.0841805985089854,-0.04699493028647416,0.11578398740495843,-0.027558161336050185,0.04535299891997127,-0.026089652404738015,-0.136215720054612,-0.30879420545486197,-0.22434177907603875,-0.7382535876185657,0.3806811277151402,-0.00762750178907095,-0.04277233194474824,0.0,0.0,-0.29841576395580877,-0.43975415321405004,-0.014381149945267622,-0.002248112737331355,0.23899958010725927,-0.023897953268313895,0.13813620101613566,-0.28590653773493885,-0.47763250590810236,0.00017191669298858718,0.09922807085983554,-0.012247015073268275,0.15353960339643963,0.07677437717803462,0.042553379543807265,0.1685369545159949,0.01456539798709497,-0.307152794672805,0.011389277393173134,-0.15787717691448022,-0.1467551738684629
720,-0.00737052317843591,0.0,0.002771569808721226,-0.039807665321389615,0.012922365893900915,-0.22166488498424342,0.17664999359207623,-0.18485880451930642,-0.013192951348399411,0.05791980638020177,0.3721508102027465,0.04499823088200733,0.07559098356881831,0.0,0.0,0.0,0.0,-0.05275392850180641,-0.022170277003363905,-0.059931126249356696,-0.05146919858522955,0.04607579569104853,-0.32115493341294193,0.06666488969561986,0.1266740222766087,0.11701915999563571,0.029296627947747792,-0.08702803393450219,0.5441466855992548,0.15449094088201154,0.06946157215441032,0.06195233765206426,-0.027063849325450973,-0.16834263797635363,-0.27971574464076965,-0.1430488054619962,-0.7115834297590111,-0.052664459778398995,-0.002844374254762496,-0.04984271278654042,0.0,0.0,-0.2632759165295315,-0.4756618348798569,-0.012199755943492522,-0.009910331017370448,-0.2163039791441505,-0.027956201933570252,0.050817792129007736,-0.32231996745031616,-0.3417698673155479,-0.03168266109748357,0.03269380274096007,0.03357053513179443,0.09525877524195867,0.0977815834762245,-0.0005400940953754606,0.1549384262869921,-0.012362249342869912,-0.2044679370925392,-0.22144296162290208,-0.15523013954425585,-0.13902906936936799
721,-0.00737052317843591,0.0,-0.004864701514671432,-0.03261459543884472,0.011578884864855437,-0.24452131288432835,-0.16738546048319003,-0.15340956736617795,-0.09581139358522212,-0.026700970655720867,0.18770103720156456,0.0388037275041917,0.1159776762801789,0.0,0.0,0.0,0.0,-0.11288296929183521,-0.07564854759953481,-0.0669996801818509,-0.00978793827473068,0.011042533058512976,-0.3650646645540261,-0.040439978872316214,-0.13081460420389776,-0.05455487045618231,0.0626550779311785,-0.03279564679350558,1.131822481361401,0.062186244889369545,-0.05791226434166101,0.0017049183512558679,-0.05525871510030912,-0.04377505940565115,-0.25618724389855857,0.49438582543071286,-0.7601766070856931,-0.20859086856789635,-0.00491226887849198,-0.06775383231369489,0.0,0.0,-0.24956040020586406,-0.467109956509626,-0.01203455432563646,0.03792073383946384,-0.3469152218995655,0.07061858943640562,0.11351214466736788,-0.19789357269190336,-0.2022997507798084,-0.05561370420004408,0.03293628653979418,0.007241736250669134,-0.21335718072205404,0.14860766034073433,-0.02309452757377242,0.2163043323161212,0.16156310344008726,-0.17879822817145183,0.08903772624228465,-0.004053689531106239,-0.09459471194272846
722,-0.008380943469444962,0.0,0.006378512096746029,-0.020978577130654683,0.010360017787997758,-0.0007613857126029951,0.16223834352488237,-0.16555866283868487,-0.19001735977279385,-0.07022237044725539,0.36223168391472477,-0.1191667414574623,0.06488231637915788,0.0,0.0,0.0,0.0,-0.06846874996291921,-0.03347525355975616,0.0009693855069601448,-0.03287514320936568,0.034499815652818566,-0.37914895016441746,0.06261033558593852,0.08655917978794272,0.12950646234256263,0.01704216780098378,-0.05480577269473644,0.011516973088656549,0.151986515720347,-0.09024443553502808,0.06958136063192233,-0.02465551865491787,-0.1320357728069562,-0.27088149327134214,-0.1739232789726883,-0.7205118599103033,-0.06846788721301918,-0.002844374254762496,-0.03256917134162307,0.0,0.0,-0.26797603521591873,-0.4786473569871523,-0.014381149945267622,0.0014311942982978556,-0.23338131116427027,-0.040147879584815055,0.1060299091467888,-0.15587913325714087,-0.2828169449584807,-0.023096454845056725,0.045746162306268955,0.03838491855831538,0.19153441737460525,0.10913700615643075,0.0491413226967417,0.18148479913945123,0.022079468147821836,-0.2633747429512051,0.05499025575127456,-0.11834215080855029,-0.14755026076708727
723,-0.008380943469444962,0.0,0.007080383612693906,-0.03293001061606987,0.010248809457516496,-0.04504638879060053,-0.2167656274296341,-0.15691008205418067,-0.3742167371180181,-0.07135201523522616,0.35727592327346314,-0.012851666457328385,0.040111556743264803,0.0,0.0,0.0,0.0,-0.07677676338957581,-0.055686869370446056,0.01520652615470514,0.008915850209277133,0.022042372909235042,-0.43064259949585665,0.07328577885100387,-0.18229374123104095,0.06342518923876153,0.022964852288362925,-0.04212601994242746,-0.07225112641649002,0.09834974653545527,0.11165314339388337,0.029896881168214096,-0.04717566271461279,-0.18063003098010966,-0.24569222861334658,-0.23472213622782048,-0.7590310698501256,-0.10360194861840527,-0.003613788533848663,-0.033730436103920146,0.0,0.0,-0.3114147423621674,-0.5114570266833458,-0.012501668365093886,0.010960092549268732,-0.24067961310295596,0.06954883531893738,0.08158302026613698,-0.14249455717370504,-0.25776472526173305,-0.04375342938303109,0.022215828529401488,-0.06792524718215312,0.20021640780429975,0.0666190146619046,0.07491762024910717,0.15855283633163098,0.014978365322515255,-0.22097603390485432,0.044363139060749276,-0.12788094287211904,-0.11172585167190506
724,-0.008380943469444962,0.0,0.002182203811665789,-0.02957256047759662,0.01052491727538195,-0.2793079619909626,0.12573152368974533,-0.11400370847522,-0.1339668398046863,-0.06298880454398872,-0.07566106579485,-0.012333240437646508,0.07729781288734107,0.0,0.0,0.0,0.0,-0.10580226537090005,-0.06122096207900135,0.0001936003133260378,-0.0302902980681632,-0.023783750950974458,-0.4359040050265569,0.031085290141515003,0.10536058270850125,-0.1303579024505999,0.06351451837803979,-0.05962156452846657,-0.03020233814740664,0.16241665188324664,-0.05196120402313752,-0.054175153453880485,-0.03765853734038804,-0.12343480121767016,-0.30703728742128056,0.306716374201656,-0.7766253553290531,-0.2177120034860325,-0.016141763830283783,-0.04009854295023844,0.0,0.0,-0.2661973269245281,-0.5059346999637498,-0.026298012270138265,0.012086767175059328,-0.15683609608687216,-0.018766357734213285,0.11917911080064193,-0.1849217045945478,-0.21471957940765227,-0.036429954322891804,0.03254356864464171,0.03354873570208978,-0.06883446096476598,0.15328426713768026,0.048979983763600375,0.1409867388746511,0.046440603329772054,-0.21666706606104338,0.09599005380807557,-0.13915994194791034,-0.12596124128122982
725,-0.005183026676331009,0.0,0.002182203811665789,-0.01780566455910758,0.010110864475490377,-0.0062612877409926005,0.2140143650326923,-0.18650911077361407,-0.055421057606754684,-0.11062895207230625,0.6752387891309568,-0.06379066572680836,0.084998950949873,0.0,0.0,0.0,0.0,-0.10541373940155488,-0.06331437007055347,-0.00014371948749068416,0.010922441056905175,-0.020041658563907716,-0.23830874750128167,0.0775660551059123,0.15850686929281854,-0.08291562726255974,0.064681381514022,-0.046990388899672164,-0.09306119451854772,0.1316371562297873,-0.0513802316564106,-0.08087554292678527,-0.04105343439887961,-0.056554076100013555,-0.2696858094815508,0.6470341659116686,-0.7357262858207013,0.731746855990358,-0.02096994284249702,-0.04367706329166767,0.0,0.0,-0.3229427135607891,-0.41040222490537476,-0.026329788933509856,-0.01648325939090872,0.2853740855047007,-0.036392537139965216,0.15321345880317086,-0.19859790467750593,-0.19508364973172926,0.013403695268717413,0.06559086965079551,-0.020188195578544135,-0.25664910473874075,0.09010809456102027,0.054783804087667136,0.23708123917790136,0.023423319662308855,-0.22734662242673412,-0.1913276250401337,0.21375674158357685,-0.13294005472058645
726,-0.00914091398501241,0.0,0.002182203811665789,-0.017735077057782756,0.00754851636958722,-0.06683578336569505,-0.14875520207559068,-0.21268992872306128,-0.05018698710176833,-0.08762269115873715,0.6873497782277487,-0.12333496867357292,0.0740129871266855,0.0,0.0,0.0,0.0,-0.1261302851325831,-0.07607829629356769,-0.004030883420700405,0.010530095619123875,0.038963061024860635,-0.23510711305057835,0.07887518176024083,0.11698028999855126,-0.08742178649729113,0.06982423083231462,-0.047671042594673065,-0.0893810730371194,0.15247220358647,-0.05357470719412229,0.014217245575326162,-0.03644273200464647,-0.08596665252902908,-0.2718820086302364,0.6206048412413189,-0.7391210887707296,0.7286614216198237,-0.02096994284249702,-0.045236254457163214,0.0,0.0,-0.3056956358479483,-0.4047237610037732,-0.028177493850312003,-0.0014171222261124467,0.33270505911760206,-0.03149827636444942,0.12150935159519535,-0.15147368713746567,-0.18148937759904996,0.02690943629496977,0.06840666872966343,0.1304087137088218,-0.23389837254576806,0.1144859102913449,0.0439142757207427,0.21555482847224997,0.0215438434639372,-0.2429530680117871,0.03464080593315515,0.22594402913939762,-0.12410321845526356
727,-0.012165531927774476,0.0,0.00047731752708865636,-0.04597634714197048,0.009722321339750404,0.11529143894006168,0.1130038916175396,-0.20346230353029277,0.07473907004233629,-0.06596564445813902,0.02834841491122416,0.023271284927910394,0.07594608113562563,0.0,0.0,0.0,0.0,-0.08176421195216112,-0.0420488417351423,0.044066553941793325,-0.03544874079866163,0.01816254900546366,-0.46490459632695724,-0.025140727286341858,0.06496619691895714,0.2117279479628791,0.08378953608903439,-0.042891074142601446,-0.061853210236365364,0.12133655402603549,-0.04457071091728378,-0.09797005636734431,-0.010696370926112525,-0.14743759468888365,-0.26236941677632714,0.368337440068629,-0.7778243966335111,-0.1633457157590783,0.011941077258985449,-0.04895193868293612,0.0,0.0,-0.20829821694798423,-0.47994794970422644,-0.01203455432563646,0.08740564337470993,-0.14571650934646668,0.13086120643127544,0.08822575947440485,-0.28259279678827715,-0.2370508304586156,-0.025872628264634365,0.02004477991950533,-0.07186069174276154,-0.1902162203562909,0.09041152434098619,0.05871811461154525,0.2177928619550814,0.08318365758799989,-0.17921761694953775,0.04898086302755988,-0.14751754526127545,-0.13030649046131174
728,-0.008380943469444962,0.0,-0.0028429261821791294,-0.024291986245888367,0.00856567825015742,-0.21145717823028506,0.18760773005459813,-0.1753180293290802,0.06064667240137679,-0.08529691523896032,-0.012680283039810782,-0.10093415016889491,0.12569265365724402,0.0,0.0,0.0,0.0,-0.07310305728058225,-0.044174720874520415,0.02547559385153971,-0.03802394366783274,0.033814464327202885,-0.3789618552130401,-0.003394279429709735,0.07843173836363786,0.10632937568001655,0.02240893495495328,-0.04559449419800157,-0.10298488486156612,0.18752542401421488,-0.05653877892589204,0.057002221423940645,-0.027181847441339595,-0.010248163087413347,-0.3098807320975386,-0.19183336206111087,-0.7316281178452032,-0.0964354092227753,-0.0020233699793726495,-0.033124254485419426,0.0,0.0,-0.2798675909774972,-0.48345433609945304,0.0006044722019847002,-0.013141338922723777,-0.15175736824169694,-0.025633097724636962,0.01578891098948653,-0.2861818603610913,-0.2578894742114296,0.006513026775201156,0.03551911408290832,0.020547606819285014,-0.00038172483985415666,0.09795963148318573,0.05902410359232367,0.17814722576896036,0.03169462955278583,-0.2427620180553544,-0.22109504390593815,0.001103136587387691,-0.14452845177117893
729,-0.004937196424310571,0.0,0.002417676468399404,-0.020263456833914166,0.008948897205204859,-0.054253450626425274,0.20497522483504896,-0.16065265614426594,0.12210565780340923,-0.11858364786874422,0.26848839739501934,0.02960380354070241,0.046976456286739826,0.0,0.0,0.0,0.0,-0.06759438063952349,-0.03692679233775795,-0.032510884803618405,-0.031207417851772085,0.07271697323564283,-0.34283603250020767,0.11801274304030505,-0.2018784284651955,-0.03531252997929068,0.008263854552367174,-0.043464539020080725,0.5901277085054482,0.15913551321844904,-0.09994205477920456,0.03684185144249197,-0.041165999869026616,-0.20404047574194828,-0.27989332502972103,-0.252291778323344,-0.722111372566479,0.17049335449316202,-0.0023624133292719884,-0.035779024380844876,0.0,0.0,-0.2591500401115421,-0.44703921915789074,-0.012501668365093886,0.005143274745817494,0.20706487763920184,0.06356416217043677,0.22450559343989748,-0.42859503042917846,-0.550085027936905,0.0009716715046788001,0.10533108666051375,-0.05318344227462813,0.1004086937279294,0.07686641752377335,0.03877365895071104,0.23181354280947225,-0.03052946132720513,-0.29474070793885004,0.0687171076229529,-0.19517177221977805,-0.14512215906106485
730,-0.005183026676331009,0.0,0.002771569808721226,-0.02047401567896373,0.010176248234448702,-0.226506660969553,0.15764256802091214,-0.1865831106436057,0.11344545089941395,-0.11275002626749464,0.5066567507336993,0.007914133250066527,0.0706692939789875,0.0,0.0,0.0,0.0,-0.07026037498558554,-0.03701657529009057,-0.035862872189870505,0.03751100855787379,0.027268901873202123,-0.33122791796465856,0.11775742106190873,-0.18920427982147378,0.06399874394822881,0.012355643180559206,-0.08666903300826169,0.14338104605181223,0.15919133251878337,0.031516797750699106,0.060863303883352454,-0.0294695459733764,-0.1332031890930617,-0.2945115494995856,-0.2478468010750912,-0.692021613875428,0.3575602608732087,0.0034365096890780935,-0.03040448150120078,0.0,0.0,-0.2670701727278214,-0.4275060459858781,0.0006362488653562905,0.005094732619320997,0.19339286712097795,-0.07138366618623718,0.10077645018794641,-0.5031750475488361,-0.5574214717902872,-0.0007549949723436569,0.09595064872794294,-0.0429288342612554,0.1410677033691063,0.08507820691085183,0.04786728951974468,0.2382953591360684,-0.03992574187671884,-0.28768332977341005,0.06149049398461441,-0.15768761283382243,-0.16003869160282463
731,-0.004937196424310571,0.0,0.002771569808721226,-0.019824774402471504,0.007299602327440243,-0.03923322192339649,-0.16798527030344754,-0.1507208820931304,0.015669846165808705,0.15872988762805929,0.35412927125922244,0.050132539309201724,0.056736459475342116,0.0,0.0,0.0,0.0,-0.056488447985366036,-0.043781557793119576,0.07267379951896472,-0.040497732723712994,0.045877311837864546,-0.3406360511639114,0.11820421806344117,0.11455421504565096,-0.01626644063759685,0.011389171544943696,-0.04175413857573313,0.586387030058473,0.1684153090170407,-0.1003729646547246,0.023042376616493946,-0.038514222471227655,-0.2227803729550274,-0.29114091380528534,-0.20181366207414234,-0.7539682168151134,0.1884986818509063,-0.00762750178907095,-0.034800830715565396,0.0,0.0,-0.283573199755015,-0.44019420053940633,-0.012199755943492522,-0.009050174134479394,0.2528790619865508,-0.06269374811960089,0.13976467099855994,-0.47343212567151105,-0.4914887542302723,0.005670754478108242,0.10069396186741551,-0.03453170172588146,0.17992254872286417,0.06418327096364955,-0.006762477418406406,0.2803076941902678,-0.03053691203636413,-0.26533028748684107,-0.17984592975709135,-0.2030793568868173,-0.15579216408034535
732,-0.008380943469444962,0.0,-0.002229821988211057,-0.021324831404053474,0.010709588820097204,-0.2461490792934375,-0.09150080619751705,-0.19341725282780173,-0.09970400357689158,-0.12319161582707423,0.11599035425198416,0.00787733223499808,0.12013499960622065,0.0,0.0,0.0,0.0,-0.08377663815353148,-0.08027089273219357,-0.001908982832374387,-0.00348570310482935,0.031178768113797384,-0.43602062430697613,0.035566995174356346,0.18764532840681739,0.10862983756801589,0.0242629461845568,-0.05220945965207399,-0.006638151985880981,0.20822337923267012,-0.027790502586365645,0.03849321451211753,-0.025886127507951613,0.00863090862445096,-0.3072113963926452,-0.17482040738362303,-0.7778171288974732,-0.106786441137822,-0.0035562674351513213,-0.03863291158933009,0.0,0.0,-0.27985679942633435,-0.49154659941777995,-0.012501668365093886,0.014176411052888848,-0.12677776616791558,-0.009651558962376641,0.06866884741403172,-0.24281645217175482,-0.23493680243268233,-0.0209288442201697,0.0404582949932521,0.030095250655945517,-0.11297734104629412,0.12710986865786264,0.04837747202114395,0.1246655124688303,0.013253650973274637,-0.24784689985141542,0.08997166418752148,-0.03697567358476466,-0.1573379415076278
733,-0.008895083732991972,0.0,0.0016984791274733222,-0.020338625844392267,0.008980887918368112,-0.22765069504647756,0.12318941945332004,-0.20439886981456093,0.09337488078845872,-0.10873519814542909,0.5838259814339705,0.07136138221504228,0.14996369362485842,0.0,0.0,0.0,0.0,-0.10793911263845571,0.1514370760096319,-0.06748438217056124,0.04174469727107732,-0.009750549320516076,-0.2419308179961152,0.08746028458292984,-0.21907469753920622,0.040505977925639924,0.05997388667943862,-0.04843590641718574,0.7611459001069114,-0.04884947990070603,-0.050986870239151515,-0.04188312118076726,-0.03719271652209503,-0.02465918543419524,-0.24669817838831448,0.7023579852500391,-0.7020047852363214,0.5074524074726012,0.002298590193596646,-0.05546135450482166,0.0,0.0,-0.29045192232861666,-0.4003522425397168,-0.0259960998485369,-0.00021593970230982087,0.2981408290958556,-0.03761135379245076,0.13757206637666072,-0.22456367691592138,-0.23155772825523693,0.0068885227315958406,0.07749007912546722,-0.0476696445529862,-0.3058352091247567,0.10254537597036434,0.004828747562099708,0.20307946201180174,-0.09093126359699855,-0.20693938194948724,-0.299902619627006,0.25990318609802104,-0.13271225947282517
734,-0.004937196424310571,0.0,0.002417676468399404,-0.02018151400494267,0.009861950433343399,-0.08585332795761048,0.13381301035411702,-0.16398441537435696,0.13129206649272568,-0.10046967469988928,0.3820708716837073,0.0644887472411901,0.06671048821748185,0.0,0.0,0.0,0.0,-0.0725003458183173,0.061108413808507844,0.06935859602728703,0.00807687880858436,0.07499691522071111,-0.36501175930453195,0.12700730181766212,-0.15668188580744769,-0.025213887045012515,0.01994460144532705,-0.04421432405643603,0.6208679491305857,0.1745594802720452,-0.10020659964107696,0.04180571024097531,-0.038466521603939166,-0.19231213252538593,-0.27215618460495283,-0.31099548353350576,-0.7399299777562119,0.24499639553572683,0.003367680902349356,-0.04941090979058561,0.0,0.0,-0.2566387418570242,-0.43753875500846356,-0.012501668365093886,0.007308357538839501,0.20431938704430627,-0.06815171115431957,0.16293962605868528,-0.29496502766778476,-0.5234481342865693,0.004070709982065245,0.08498489814112936,-0.04645375025787925,0.027301294590765253,0.08385169760048135,-0.003185571905586271,0.2158783567124085,-0.0569173025806419,-0.28314911576435453,0.05819080897101645,-0.19598158890719253,-0.14539815597288133
735,-0.005183026676331009,0.0,0.004688841327581927,-0.02027560796750532,0.010750205803206814,0.05085096664138223,0.2647429147079506,-0.16083007732892082,0.026275488545969915,-0.09665765440210432,0.3962025187342087,-0.06561049459888184,0.07152314304488766,0.0,0.0,0.0,0.0,-0.0685046079349156,-0.03425968276403223,-0.004198322507825508,0.01857864707232203,0.013641585614918284,-0.3420571616258488,0.11576808651148218,0.16301474616286873,0.1381526025295979,0.02767205710377531,-0.035697267599936994,-0.03554274623844271,0.17082781307996484,-0.08760447769206921,0.06072503287883256,-0.040370303427023205,-0.17558577223344754,-0.2871077796828422,-0.21520371548807962,-0.7449601326714733,0.39084979705495976,-0.00762750178907095,-0.02756178367921975,0.0,0.0,-0.30590018097534366,-0.45137279604149033,-0.012533445028465475,-0.015750040101152173,0.23391498239109837,0.08010092395329016,0.15228423162161378,-0.4074462691937653,-0.5262987727630826,0.004199315810537373,0.10922332425936154,0.010993245139596458,0.17963987749631352,0.06568078050720358,0.09047387251118977,0.18371870326469908,0.01768300171627317,-0.2869710812207954,-0.21878539736209268,-0.20306376901155987,-0.15124693158658287
736,-0.007313561221612769,0.0,0.0013771202998137456,-0.02122083341013064,0.0071936610138917945,-0.20242232745337266,-0.1927568722347886,-0.17508890974661598,-0.25721894720855315,-0.03628811901497339,0.10977914963875307,-0.08836302659245567,0.08985861392690704,0.0,0.0,0.0,0.0,-0.0816698898247831,-0.06370053374470366,0.006760835807217681,-0.003112452262140367,0.04376876663442273,-0.47171485305988836,0.13305291115034143,-0.21208696199052604,0.06576830645422246,0.03655168408691811,0.195686450760395,-0.0595331404200727,0.10473360245381723,-0.06449369293714691,0.017880969318037274,-0.046989650254151416,0.01036538345404766,-0.25851431951478854,-0.13475309340814903,-0.7666546351551773,-0.07298362359954202,-0.001441198966976784,-0.03575560509339044,0.0,0.0,-0.2955781701870291,-0.4879192454486632,-0.014381149945267622,0.008219450666909758,0.23968479261227899,0.0991885186427031,0.09938076618266803,-0.30073947528024403,-0.23993335752248765,0.014131699449373347,0.06894176738851088,-0.01406066203414741,0.06926249619871946,0.14108584021344842,0.04794805317176283,0.1264552410344636,0.009514257630764893,-0.19112104540709834,0.0785126047861012,0.022241770588689855,-0.12941944175954254
737,-0.005183026676331009,0.0,0.006786628157359865,-0.01731891337594698,0.007299602327440243,-0.21421743511512115,-0.20293983084493272,-0.17556774856941781,-0.053338965302262516,-0.10503997144533345,0.4292904776972811,-0.006902745250239485,0.028823678192607522,0.0,0.0,0.0,0.0,-0.08209022328248367,-0.058237659851625295,0.10716788563116206,0.15330365339324564,0.01644620223377415,-0.388641223548611,0.11506100949889655,0.24765479813171704,0.08139064967769268,0.020316215756932446,-0.028834687442141984,-0.02471960202898758,0.07151452475526685,-0.05392847328878948,0.0260449520926595,-0.02418943325060667,-0.16751658311392584,-0.3308228820804967,-0.08696879490940909,-0.7560185282088968,0.3866249835150138,0.004053297355702961,-0.04613438957211027,0.0,0.0,-0.3043753257817282,-0.461243106939997,-0.012199755943492522,-0.004827938175109326,0.30871895992249143,0.014502933525822524,0.1250047568162674,-0.37304813008070603,-0.5036008333521754,0.015312456377358955,0.1066372715040768,0.008140402671810284,0.18071302828575492,0.09422453810575399,0.03591517032564598,0.2318875970777403,-0.0003679160322812673,-0.26951297715431843,-0.3027899491921782,-0.19750024809691508,-0.15044671986177222
738,-0.008380943469444962,0.0,0.0018330172963729285,-0.04715789225297071,0.009722321339750406,-0.22273896573843027,0.10526450706763066,-0.14792333913847155,0.03685143035329006,-0.03384549530750319,0.015345373789950498,0.04087277511234305,0.11315696417124116,0.0,0.0,0.0,0.0,-0.09807000150272432,-0.043874901784808025,-0.029039349665304474,-0.0016529570928252209,-0.0016247090110477474,-0.4389893831339621,-0.041660759979107155,-0.016389961092322814,-0.14162761158443765,0.03305886771870248,-0.04064696102705642,0.27586971700262947,-0.09435338405276318,-0.06031418315462659,-0.08240499492219792,-0.034028156329967446,-0.20379544489058005,-0.25324884589256436,0.42730148091994463,-0.772121258986075,-0.26810508414963363,-0.002629176034677589,-0.040651905011118386,0.0,0.0,-0.2782286959612741,-0.4956630392977912,-0.011732641904035095,0.07426100997296024,-0.28065216904099777,0.004177626942355404,0.077960288008703,-0.2841459047091217,-0.2526203498875214,-0.04986167294044985,0.014773614459304992,-0.0421923171981588,-0.0900769427644581,0.18544869763042945,0.04023466646040849,0.19064489335046828,0.13756497541852522,-0.15842049570260366,-0.181747422399135,-0.22861959004535462,-0.13000345335201088
739,-0.004937196424310571,0.0,0.008703899676220565,-0.02018151400494267,0.009861950433343399,-0.0687478057478253,0.2054452291112687,-0.17609639965054807,0.06226347924316924,-0.09579447422435106,0.2920235782142149,0.0805075447518336,0.09572037697132273,0.0,0.0,0.0,0.0,-0.07570217370925558,-0.02670653114902132,-0.06535970446629556,0.014018333686179836,0.008678416045401772,-0.3659092000765451,0.1274416777575279,-0.2624383707693316,-0.03672648538763194,0.024238933716424216,-0.036488098805757804,0.8222818705768344,0.03589246197967177,-0.08972063721857186,0.0368222021111438,-0.03445347796307661,-0.20986903360284306,-0.264985194063945,-0.3253286629501982,-0.7322372785156079,0.25127896120840665,-0.0014740622181543413,-0.04995919924961694,0.0,0.0,-0.258125264310715,-0.4384687945359327,-0.012501668365093886,0.02536795791760357,0.25849616869010306,-0.07494758157992995,0.21092246432390457,-0.29768995568424195,-0.5491359501672266,0.005845226480823736,0.09276143033763164,0.07148012194646965,0.025255933669867343,0.07177787670102634,-0.0031041195285694306,0.25295170794833216,-0.10609965235119105,-0.26638158608846957,0.07723078781018222,-0.1643133988025437,-0.1435657021538636
740,-0.009884655643590676,0.0,0.006249647026176407,-0.021327336338621806,0.008948897205204859,0.09460438222899867,0.13754535465635218,-0.1511128734371064,0.14771420470037291,-0.07665536025524888,0.30972156376314425,0.08291759536745143,0.08335991837932458,0.0,0.0,0.0,0.0,-0.07149814545697053,0.03535349662933337,-0.07170910456467602,0.05606551581843202,0.07090075642736188,-0.42789887740081683,0.12594721681146215,-0.23836527163254032,-0.037368283943668104,0.026396467415449702,-0.037693863078257187,0.7114737505359724,0.048211241164022485,-0.08081843545066049,-0.0639142164582794,-0.019900772849598715,-0.17180713546443196,-0.2612298174407122,-0.21183545834378373,-0.7104343887444503,0.2270411490664666,-0.0014672255089893823,-0.05001618493750046,0.0,0.0,-0.2568022009079767,-0.43183575853742084,-0.012501668365093886,0.026825361248139397,0.26581226468962,0.06014175162669631,0.20298009221595192,-0.3372968086384889,-0.5411942222619214,0.00686345182585233,0.07438195821648211,-0.00876022744853456,0.10827287133788459,0.08039323302689393,0.026405414810440196,0.25175203941308527,-0.10845678716526164,-0.2908344635143208,0.14453559968415425,-0.19703675355654462,-0.15388523697354337
741,-0.00914091398501241,0.0,0.002417676468399404,-0.021813892680976707,0.010078873762327122,-0.07395665337488995,0.17006662201574335,-0.1581992464882928,0.12616916802659212,-0.13773164201095195,0.4471610018240081,-0.00217011374602462,0.012579603160211084,0.0,0.0,0.0,0.0,-0.07167878156153733,0.0828591300569161,0.00016059922853592346,-0.006656444485211336,-0.0032174742181203496,-0.43561523200479624,0.11489147480799428,-0.07510126902387736,-0.11780763555862975,0.0030477032754929563,-0.05146839225497174,-0.057782742418346814,0.16104562868575112,-0.09426236068678535,0.028281244601935634,-0.03799726623149479,-0.13331734572770232,-0.2985068231008586,-0.2169137515583933,-0.7403406630188134,0.35772642847496494,-0.0008341696708714925,-0.045014238660433144,0.0,0.0,-0.26947011500133766,-0.4709133707431613,-0.012199755943492522,-0.012493374177380565,0.25148136687707556,0.07949521890881799,0.18857519287933702,-0.35673969504818204,-0.5604017748253448,0.004135131951240977,0.10597099845269653,0.028934754285363747,0.187432510223744,0.06769530766550307,0.07335547507825149,0.16605329173439834,-0.005628054099477818,-0.2973778511353978,-0.2362937861307154,-0.2201572842894155,-0.1573929824486176
742,-0.00914091398501241,0.0,0.0010336220047076103,-0.021211250727992605,0.008980887918368112,-0.2560536820072058,0.1067236696242706,-0.19848105036211836,0.16029455595333866,-0.12880415711082105,0.5987253529717564,-0.08160063906281526,0.017633653168055177,0.0,0.0,0.0,0.0,-0.11127077490529864,0.11257469320881579,-0.008953062306551738,0.03925930762159834,0.01914825344463764,-0.26961019920765983,0.07750805013565532,-0.14503355324916983,-0.1203245231217263,0.018686533062308882,-0.008997864392606638,-0.10827076158325308,0.14614580762336024,0.007736470963748049,-0.04885682126873935,-0.02450061172114331,-0.08216690249550772,-0.29350423249961916,0.5641922661252079,-0.6888315537774311,0.5898049472230134,-0.007637397993479026,-0.04519878997471657,0.0,0.0,-0.2890325258943032,-0.422165753423725,-0.026329788933509856,-0.016989889601535937,0.2408922492373934,-0.07619403565855162,0.1374020205560262,-0.2213795036707551,-0.23005797228915414,0.013164656907779447,0.07662637146119008,-0.01925669477841751,-0.20790261835368587,0.10894888915039229,0.0609433957759197,0.48475265380099364,0.018353732028323744,-0.22251275560990444,-0.23048585038521868,0.09769837334602328,-0.13700993644392054
743,-0.009884655643590676,0.0,0.002158465614753154,-0.019824774402471504,0.009861950433343399,-0.2534388310724731,0.11993810806039407,-0.18402689712975356,0.13997002729851848,-0.10225845533683366,0.3401787893472994,0.0852640532577649,0.07003217839057758,0.0,0.0,0.0,0.0,-0.07245051805284436,0.06424808888682462,0.035114505290782985,0.00416754987426042,0.05680013700955992,-0.4061244076472553,0.12666763788996294,-0.19122562519446668,-0.0645662268343887,0.0026512484062548546,-0.04017368291414088,0.6980118853773676,0.12836565516446433,-0.09174367647407579,-0.06994667044256152,-0.03825766668346401,-0.16369338550682688,-0.29224170841640185,-0.24826138888924051,-0.7319832253466353,0.24640577913582612,0.00384732933163206,-0.054104473178276914,0.0,0.0,-0.24747144734091395,-0.4374827460893416,-0.012501668365093886,0.017924347856676272,0.23333486414081941,-0.030992612647920886,0.22273947544633965,-0.3879529934115663,-0.5239741987687004,0.00625503127644539,0.099655560315658,0.014689290808550283,0.0959710725907122,0.0770203507990397,-0.009059351574475225,0.2122414235036966,-0.055927755400538334,-0.29148043180021094,0.09458470168520568,-0.22844419403906047,-0.16656187228710778
744,-0.008895083732991972,0.0,0.002417676468399404,-0.02031511034353331,0.008731973876221136,-0.07913848718129037,0.12422912940353914,-0.1478012332391948,0.1268975996425702,-0.0803206066470992,0.3756106104815935,0.07860103587143927,0.070097777180966,0.0,0.0,0.0,0.0,-0.06450348908480415,-0.001475535428133473,-0.06369992006966252,0.005170005994951299,0.07715932935190067,-0.42001267875216974,0.12561673058664224,-0.19914302715603927,-0.049815307665745726,0.01787342522477895,-0.044267598220402556,0.6958045848532127,0.11566758412584394,-0.09595773059844624,0.010493219998368657,-0.03987056798533567,-0.17071718918691725,-0.27160103108614897,-0.2541963288814129,-0.7353156859882399,0.2270411490664666,-0.0014740622181543413,-0.05006977979312428,0.0,0.0,-0.2473589395998831,-0.4411198724643689,-0.012501668365093886,0.016150848831464656,0.2217633563996349,-0.05048264565340367,0.19838297451966397,-0.32238919773624464,-0.5430709972239075,0.006247537795886221,0.10528128704863894,0.03823951724328452,0.08942616674044924,0.07624945399598429,-0.0068759736777737265,0.22764736421010426,-0.052865691432207804,-0.2927644084313615,0.0838673023032333,-0.2029288753686955,-0.14749186064350142
745,-0.009884655643590676,0.0,0.006249647026176407,-0.021087061618637548,0.008731973876221136,-0.239511444311069,0.18206234948545452,-0.1938332302590776,0.12783982710713518,-0.09266958661433308,0.2748998492296104,0.048770923870650865,0.06265145598909491,0.0,0.0,0.0,0.0,-0.07542498906695509,-0.027247153596789968,-0.07216214300629911,0.02415418835701376,0.03649839059336114,-0.4267028085822061,0.11801274304030505,-0.27220891401374064,-0.059149354923543396,0.021557930537615184,-0.03781894303645677,0.6668589542820985,0.038116607331700546,-0.09006519964244487,-0.07527596305025935,-0.03424462304260146,-0.18453616717714963,-0.30628224092384254,-0.25174107444605914,-0.7421052389891661,0.232881779311626,-0.0014672255089893823,-0.040520022230280416,0.0,0.0,-0.2589844628056319,-0.44797250989160314,-0.012501668365093886,0.026964270638220437,0.22035736031845554,-0.04784788699738422,0.19945592053164826,-0.5318905165887019,-0.5526285329590654,-0.0005457022857388643,0.06322648358265207,0.00119735633178125,0.15462943962634304,0.07138514412327993,-0.006920693456587624,0.2241692967912524,-0.027984613411600374,-0.26717453246556755,0.09212891034085631,-0.18216888292958192,-0.15511694798414596
746,-0.008380943469444962,0.0,-0.002229821988211057,-0.031425130220763944,0.01124890285061221,-0.21678841911178892,0.18998392301544156,-0.15941145793720585,-0.09562418717383561,-0.10037388354428589,-0.010525856625324044,-0.062080094525732314,0.12325715276299551,0.0,0.0,0.0,0.0,-0.07568826417260895,-0.04012615206656359,0.01900538288786271,-0.01894454953010905,0.03202142261590668,-0.4425903346143789,-0.007255076367989763,0.16453155782340456,0.1322029261581524,0.028090011134506924,-0.04706207923011816,-0.07804128577289682,0.27782328529153233,-0.04037316003696219,0.062146516404808325,-0.027239715781552855,-0.03826484603861653,-0.3216040225468744,-0.1851559854601025,-0.7577275112537067,-0.1337791834671453,-0.002844374254762496,-0.03759115109398741,0.0,0.0,-0.2822896907504937,-0.5056810300810071,-0.012533445028465475,-0.013856902452834066,-0.16055169411466302,-0.030842334238434486,0.05982592971767977,-0.22548440596837724,-0.23513010593639444,-0.03159107629714165,0.03284290879777876,0.015506439989318091,0.01091607751973084,0.09635065018454941,0.05785055093428178,0.17040005511161124,0.03634146211591209,-0.22499281627875567,-0.20208332905134985,-0.0005582390984717465,-0.13453572693317864
747,-0.008380943469444962,0.0,0.003969643986655844,-0.022120866888819316,0.010794317324827187,-0.26836694350877555,-0.1441155011932589,-0.20828150784007496,-0.12645119802265306,-0.10948366698113382,0.6438607645873097,-0.07492831743497283,0.07981482077656245,0.0,0.0,0.0,0.0,-0.12230386566505284,-0.08094293757072993,0.017931593644668592,0.04391691139167896,0.01955425812514226,-0.3545630562661981,0.06314801989218408,0.22411319033690236,-0.09259363786264765,0.08254494276443444,-0.05466727522256983,-0.1787968224858171,-0.08908477884107888,-0.049263382750514687,-0.09022297718636714,-0.037784823453854866,-0.11926920231604676,-0.3027368880912118,0.3213550452598412,-0.7205752547624983,-0.1675415860965929,-0.01691117810936995,-0.05238179830354053,0.0,0.0,-0.32095236000029714,-0.5076495691154173,-0.026329788933509856,-0.0051024373706216476,-0.2937895023585813,0.06556205679106679,0.12855319168978174,-0.15332491117375924,-0.20547463523317808,-0.0004589231614041677,0.03995284767158458,-0.035446952144489396,-0.0780636260408292,0.1043848392909936,0.07774452374789448,0.15304774894269432,0.02644647700113825,-0.1833657555181507,-0.16881798680243915,0.16483518798079058,-0.12905703369561206
748,-0.009884655643590676,0.0,0.006249647026176407,-0.021327336338621806,0.008731973876221136,0.0958078987707958,0.194617987965461,-0.15740357318112336,0.10141397654888823,-0.09586303592812016,0.34466044189044065,0.05080473854613368,0.07619804033906993,0.0,0.0,0.0,0.0,-0.08293601005997467,-0.027698132962861728,0.04037759461359745,0.012240803465086776,0.01929729550239033,-0.3897019698163362,0.11801274304030505,-0.19053918303053638,-0.032449907988260744,0.024171830771632284,-0.03340986566345807,0.7380161647837133,0.03293419483863178,-0.08743341650502516,0.030955784057210344,-0.022205506116338935,-0.19992933321672648,-0.27326245869053256,-0.3258561100867633,-0.7327284965508964,0.25127896120840665,-0.0014672255089893823,-0.0494485505223048,0.0,0.0,-0.2565912242385048,-0.4389140010262248,-0.012501668365093886,0.026537321416198984,0.24847329687439448,-0.06775399963085235,0.2181565930403865,-0.4278497883993045,-0.5177445440347449,0.0071702377104196175,0.0666602070444837,0.06708898980627544,0.09328794118749285,0.06749501317180018,-0.005287497425270914,0.25546005031404634,-0.08217627762535382,-0.26627935648745815,0.07842346982579357,-0.16673408543073884,-0.14302555751027923
749,-0.008380943469444962,0.0,0.002771569808721226,-0.02557375697560507,0.013496323462659028,-0.21066749426667902,0.2545487734576503,-0.16415878140757426,-0.023420731388243177,0.08912522424119976,0.46230820414782137,-0.12278095353666398,0.07061681619574049,0.0,0.0,0.0,0.0,-0.06369960372678128,-0.02233315101422867,-0.0028089074227583243,0.016142270820616065,-0.0658165380287485,-0.36672033045220054,0.06398939453148579,0.14213738732149636,0.11484699280162505,0.009119770171007992,-0.08969126611692903,-0.01821002623934471,0.16054917781507425,0.0974214335035769,0.07139935285941872,-0.02377412330123259,-0.13818598739860152,-0.2813152100081214,-0.11347790368340943,-0.6851410035461958,-0.06113733677340236,-0.002844374254762496,-0.030630949036154057,0.0,0.0,-0.2737483187730037,-0.47866798621569534,0.0006044722019847002,-0.012467902786410917,-0.2590353683053832,0.05854612147665733,-0.003321353699278189,-0.2541848859221017,-0.3564283354342368,-0.0006516363024093697,0.03878123703978817,0.034080447507229064,0.16827165108028258,0.09061999828168055,0.07968567260377084,0.20243790302233622,0.019394728505786996,-0.21876554233719994,-0.15716975901382724,-0.1241230943350719,-0.15241141383494194
850,-0.011328410487117309,0.0,0.0021947353067650124,-0.04670663101896737,0.012056840864856068,-0.10610474200054618,-0.11820234701998714,-0.07640097446326628,0.0430125178066195,-0.04451402621926662,0.12987138080556862,0.01880443080333046,0.1578482902384944,0.0,0.0,0.0,0.0,-0.10765758560102556,-0.07890571955874641,-0.04678835719163428,0.041849286058545584,0.02517539914943178,-0.46440025539965835,-0.02832347607116709,0.010626903244993942,-0.004451209441510811,0.01698849047621721,-0.004423687386265081,1.1884517375047174,-0.2656275531841637,-0.04844797130616703,-0.04043847157507976,-0.03531667957817433,0.1098089223321973,-0.17326884571979995,-0.03985736320926551,-0.6713879014967818,-0.07354332206603621,-0.004665652193670099,-0.03832079003526655,0.0,0.0,-0.321691589986467,-0.4941740185961204,-0.013304551680663494,-0.011530855131877812,-0.037537370380464195,0.0698309842589245,-0.015738449114645434,-0.24699593254086805,-0.2679064118249857,0.04032877150174134,0.013344759794300078,-0.062236912770568247,-0.10152148171568588,0.10404215640067473,0.024077761907455027,0.29474559317099497,-0.0451057944832866,-0.14539179740300148,0.01261912201443584,-0.06472071426514772,-0.1041675645974343
851,-0.011328410487117309,0.0,0.0025379944769171893,-0.03671420818847625,0.011149561005680746,0.11078446966320979,0.18268206250879068,0.15825773896122838,0.03233011969875386,0.04443342289730875,0.02286201463024731,0.03741781893321977,0.1448044219482758,0.0,0.0,0.0,0.0,-0.10252241323215566,-0.07079886164109933,-0.056766691491882015,-0.0004109713620566596,0.11635839065960818,-0.3439195544636732,-0.0655293621426599,-0.11374090583272777,-0.14840527286221947,0.0980068071112116,-0.02373881273850728,1.2112313391168448,-0.28479589326892457,-0.05539904043388088,0.014962774342780458,-0.02353048001054078,-0.08523990411081586,-0.16670495340973995,0.5404846593006714,-0.679785659154759,-0.24409584143413185,-0.017683140283857864,0.009220392374350881,0.0,0.0,-0.307200529064249,-0.4755221754015115,-0.013304551680663494,-0.0015221346882906904,-0.06915902656790152,0.036578717893770124,0.08440359715137286,-0.23591280244550145,-0.08786833289182999,0.03136393136045201,0.02466585595023408,-0.08660408171869989,-0.020023823491132377,0.1663655201461041,0.04204258726420056,0.41076895887088033,-0.03461067992598821,-0.08796254500697141,0.05593405752076843,-0.18935022659270107,-0.09867932744428937
852,-0.012338830778126364,0.0,-0.0075571057560894096,-0.04165749084308132,0.009447921504343227,0.1920566220234313,-0.15678180216636622,-0.050232097934123886,0.0013791912977441933,-0.11542726375818077,0.018513582391603646,0.043222733373858534,0.0385045077787597,0.0,0.0,0.0,0.0,-0.10781824105650846,-0.058006674083667706,0.04277052898588353,0.03345338959052892,0.07710113607798792,-0.4695109723628385,-0.03509241846452826,-0.005852831589883407,-0.030316532913201074,0.05829044697828815,0.002774269069706163,0.3066946728105842,-0.24873813018024696,0.09016625271743017,-0.04815252944858423,-0.023390920010225445,-0.11892677111710587,-0.14986653240552908,0.6026238049046031,-0.6438891479596328,-0.24748651838968017,-0.011486850981066712,-0.04671252623801155,0.0,0.0,-0.03521320540306321,-0.4706131968313995,-0.012125944267724157,-0.0039852954548163545,0.12415573378954826,-0.05795778108148955,0.0033022655787979657,-0.09280236312877689,-0.1693676663111118,0.02767159263740464,0.033058966071351434,-0.06815167079924744,-0.0421855403884063,-0.1415232564252322,0.04818541223247214,0.3352878484714673,-0.035139561043670546,-0.10032383998047811,-0.15480172053067087,-0.21505259352282366,-0.07883436301324823
853,-0.011328410487117309,0.0,-0.005309003577365918,-0.034327180125039464,0.009026407008499318,0.03600575190562318,-0.1484223468819337,-0.04088061116267669,-0.1209038476559097,-0.027602615816402998,-0.3933682160213644,0.004773380614422037,-0.19380879776096793,0.0,0.0,0.0,0.0,-0.10734932471568163,-0.07511338695322749,-0.001487905835368088,0.030420347018257795,-0.028806426309822445,-0.2964271645911899,-0.03018233976026673,0.027110424755211183,-0.22358025434983875,0.05653089010741606,-0.00100124332789991,1.0398043136510096,-0.16007849456768541,0.05585869845320977,0.11413252041531044,-0.02304371190676061,-0.053015759081256074,-0.1456918169387746,-0.1462788490754931,-0.5951566129661687,-0.20067906237360159,-0.017072732271800298,0.010496273555313636,0.0,0.0,-0.030138596405884534,-0.4900452754301441,-0.012129194549564827,0.02032863502350877,0.09877338145147556,0.08357533549029117,0.07705597567511317,-0.15786100404780412,0.042606233926714296,0.024249651110552373,0.017489928519311023,-0.035910194251459034,-0.015928135320975933,-0.15461504891443395,0.01443162553580342,0.35909454821509207,0.021162908291883033,-0.09127733865229035,-0.007923101458136694,-0.17697747180036588,-0.07988268563928151
854,-0.011324259020293997,0.0,-0.007622869634925052,-0.04081520209636817,0.0007482157760773261,-0.019593125944320666,0.24359256707811114,-0.07955862362187312,0.16467088700291457,-0.05694972363568773,0.6189881864029972,0.050568279711962275,0.13703192212199028,0.0,0.0,0.0,0.0,-0.10555610887275699,-0.04877889032958416,-0.06597024001713778,-0.01953905454798823,-0.0298548879390739,-0.37115251260111193,-0.030279704509156676,0.1469909125255355,0.3855958993409597,-0.024942434067188553,-0.024000012584994422,0.29204015619399104,-0.38892305003990557,-0.024851030296994626,-0.05744883978770647,-0.011736760665106812,0.005540028158539284,-0.19872701117019193,0.25765702540890023,-0.5875484593885106,-0.2820102622785368,0.07912798815546596,-0.04608117433345464,0.0,0.0,-0.19768410955404944,-0.4696746830123286,-0.025696305032625884,0.019980213429094902,-0.3806161194028005,0.1438523283457922,0.040490644192683785,-0.2791275437005619,-0.10454417110776663,0.021143903957625273,0.016168933357712214,-0.007553546467932633,-0.01734753435947722,-0.0920894464062392,-0.10572277967299396,0.2725925355079925,0.0007903218795791603,-0.08089239934821127,0.03201745141545575,0.29075745925069585,-0.09805013917838913
855,-0.011037117698921342,0.0,0.03573891221588199,-0.026196392108187756,0.009473407297603428,-0.2751471442914361,0.09204050245576297,-0.06664610607521022,0.20936601534387647,-0.0934805460391791,-0.05151082888220235,0.016194942063758013,-0.10114150624591182,0.0,0.0,0.0,0.0,-0.08945489558431921,-0.02958468171744075,-0.00580185940486286,0.005938231151322164,0.015326952780125224,-0.38737009232880565,-0.03720629854475354,0.025569154555699133,-0.0476590782949166,0.011517233156759135,-0.005131801294878734,0.9388171387554578,-0.4491105971447937,-0.05797218579827091,-0.04163435274726399,-0.03372875708427795,-0.0038787093023631546,-0.1928175676264733,0.035953026578041496,-0.6951677980737512,-0.1561434800553253,-0.00735184533182229,-0.03255010381514583,0.0,0.0,-0.31413614507064896,-0.45733872603269565,-0.013631787939710548,-0.0016476015842269564,-0.3678892575465767,0.04780788883527324,0.03030713399972817,-0.36730056970074626,0.13200699817206987,0.0026784794582435305,0.014206697567997433,-0.13005519861954762,-0.15265638842223422,0.23531794579883494,0.04940042474155832,0.14411950534920495,0.1364014356635656,0.22775850399849187,-0.012426322037252618,0.0196004727448204,-0.057620570703809715
856,-0.009962465980824167,0.0,0.03573891221588199,-0.0245973912081876,0.009690330626587149,-0.25578460227003535,0.22217586962595925,-0.14250502223864964,0.034407683030277574,-0.055259027270118534,-0.04455757544686362,0.00800438304835979,-0.0975355040798145,0.0,0.0,0.0,0.0,-0.08945489558431921,-0.027310260460458417,-0.014988621373401923,0.06557168172286204,0.015180025851189981,-0.33978547170804574,-0.03616097716976556,-0.015295418746063898,-0.0794072345776216,0.024502107375575115,-0.02902608700611701,0.6489871915197569,-0.482328073390513,-0.010541282686080768,-0.02055726512213841,-0.022109038781101698,0.019981157647296435,-0.15676305627281328,0.02297838711543882,-0.6810478242383918,0.6786632621212089,-0.017342194329165853,-0.07020992947033322,0.0,0.0,-0.3433689785040571,-0.4318557491193166,-0.013631787939710548,-0.0010902035218394988,-0.3262016844595443,0.13259886679189573,0.0811102761430755,-0.38268235875277284,0.4651413140335062,0.00767153754115494,0.013252094601510679,-0.12370444579346868,-0.08638256870573215,0.14645767761222947,0.07812726670821997,0.18280419555545296,0.11861975919867673,0.225441196105437,-0.002664856993136679,0.04301402306056421,-0.06222385409175131
857,-0.011328410487117309,0.0,0.03573891221588199,-0.027887651851145348,0.009690330626587149,-0.2987093069776295,0.1286342999493683,-0.04726433191070388,0.05440917027848138,-0.059089303552294255,-0.0028934233588376397,0.01070894802780435,-0.08010917786327561,0.0,0.0,0.0,0.0,-0.08945489558431921,-0.025165323031211696,-0.013339169138097065,0.026099785166408207,0.01270785872948928,-0.39087685653728843,-0.03711305422491979,0.0690905137448724,-0.0771995491465611,0.026677391358085875,-0.01271126379652294,0.9691217418294217,-0.2510410305597077,-0.0837052163633935,-0.0679658206029907,-0.03445343794575403,-0.01649815160932975,-0.18953013772998173,0.033818075788997516,-0.6865556745579255,-0.2271104306887457,-0.007076186598180201,-0.03441848129406175,0.0,0.0,-0.3114411062393831,-0.4705779978626334,-0.013454217238881145,0.007013088581909452,-0.36874567484314685,0.11970989693490516,0.08224876694663281,-0.3849715115414082,0.143467062156804,0.011761136459730199,0.01352673302885845,-0.12343058649077526,-0.11986114542122954,0.14529420231634746,0.07893380207418414,0.32991884086103734,0.13527787038323852,0.2057502899790882,-0.19963799866876789,0.003736293744794174,-0.06252383660169719
858,-0.016123419236455883,0.0,-0.0076872740776571715,-0.04321939612226705,-0.00032525835322887826,-0.2185461995419995,0.08390726635251128,-0.07336750913767727,0.021396688303884973,-0.0886700583284147,-0.11749842609659264,0.025502657922238596,-0.12543019306424188,0.0,0.0,0.0,0.0,-0.12695187636667002,-0.04235501013078139,-0.0006287882082011837,0.015170817542353303,0.06853241258318492,-0.4371946217896384,-0.028005017069314804,0.15730913163115812,-0.11901361006333987,-0.09021597731755955,-0.01792133824249646,0.26271841965638376,-0.37767798618956705,0.05173234699475155,-0.009527631354715946,-0.02025158022664276,-0.07285656467643818,-0.18616448575416594,0.08409063785423573,-0.6631994983847138,-0.32838146760401743,0.00025905522399212254,-0.04617937591475689,0.0,0.0,-0.19322314207433608,-0.5054569668605489,-0.026158706997896332,-0.00622948607694746,-0.43350481596442836,0.0826622022406866,0.04424322634596043,-0.21841845493879442,0.03914569754818561,-0.0036147986181253194,0.02814127402632687,-0.014073620032668665,-0.06836939429616924,-0.1950294962775515,-0.10592886909243424,0.1329115298304495,0.14810799599479826,0.11978146889178494,0.27771949409544816,-0.12171975684260287,-0.09213963979746694
859,-0.016123419236455883,0.0,0.007021504337276927,-0.04122528213310535,0.011148350840999714,0.004410604191659642,-0.05607245941366857,-0.05396078316384031,-0.06112025556934797,-0.09993209043382054,-0.41369560527740107,0.005127924972666363,-0.1745649355958566,0.0,0.0,0.0,0.0,-0.07110878772835014,-0.06827682505496935,0.010748047007877999,0.0322818305769421,-0.01865358585408053,-0.3701345595694405,-0.0414086676066884,0.18677999566295495,-0.12622902570120853,0.02238962203642397,-0.01911233208337621,0.2624784634825451,-0.2327920478919637,-0.03613369704992706,-0.016967571195783092,-0.022472138867792785,0.023527437210826313,-0.17909395290006438,-0.11265592350495049,-0.7238956642087762,-0.2253660503088783,-0.008076996020453819,-0.04141993306674844,0.0,0.0,-0.2601865893404465,-0.5014890485587693,-0.012783292776306555,0.006231561581877896,-0.41419961519474535,0.16722008038927588,0.07492912901855087,-0.22197399361786282,0.10406648563889317,0.04642551223807212,0.007077687073545626,-0.008908434804724617,-0.10918771565426638,0.1203267162476185,0.06670709310246471,0.09648545593474162,0.10523102502534994,0.16883442390162778,0.13731253651904113,0.048764584535253376,-0.05510752053787588
860,-0.016123419236455883,0.0,-0.004056908877298717,-0.03904936417909463,-0.002102410323071036,-0.009446294760152737,-0.12285262850278264,-0.07271078520050799,-0.015151938906810384,-0.09870027944695989,-0.4408669750809099,0.008339304694072729,-0.1016367195786057,0.0,0.0,0.0,0.0,-0.12354668781421803,-0.05315266733571076,0.03959846191263665,0.04787397052629123,-0.012340064997459757,-0.3963140444964196,-0.024557883002124033,-0.1839996052949126,-0.005313679329024379,-0.06531339621359408,0.008623498428786004,-0.07142550868379642,-0.2161124210372197,0.058491299222529144,-0.007301063483671225,-0.019438822598325307,-0.07826575279104413,-0.17080213671439234,0.10802544500589734,-0.7152036452904119,-0.319699906087817,0.00021881387864500934,-0.04737819555888559,0.0,0.0,-0.22101069519954517,-0.5172313363470499,-0.0273686461657548,-0.011848702526808176,-0.3867723175191855,0.17841728666423368,0.013946487352237528,-0.09911888838838534,0.016639385583421373,0.018727456954914307,0.04367319643542324,0.0025381658271058866,-0.04754275449487131,-0.16050602122798185,-0.05266372805129773,-0.07167765661240255,0.2201720361128886,0.04622435461510883,0.101935310608852,-0.14997630028390738,-0.07730929136683784
861,-0.012338830778126364,0.0,-0.005533523481008272,-0.03464965494884542,0.008772776537363193,-0.2835374593504064,-0.13068478360476293,-0.194115013442122,-0.11929070154748897,-0.025801406650235337,-0.4083888120155197,-0.012596043579994587,-0.15774150407694779,0.0,0.0,0.0,0.0,-0.11820449358352833,-0.09695952912137681,0.02790568227934975,0.05031372050814258,0.06568490258261345,-0.40602117960592904,-0.023032542974139522,0.00021307986589937775,-0.157173573509405,0.05458579190882916,-0.036027675944656626,-0.054319555805775084,-0.2217941621618786,0.06294924903601098,-0.017257394540690533,-0.03020183974735204,-0.09480854811927283,-0.18216198764087121,0.22654015980514933,-0.6599831647990468,-0.28643658971319574,-0.01701527262178342,-0.05691332926344009,0.0,0.0,-0.026988276443968874,-0.4956085664107711,-0.012129194549564827,0.028107466053436208,0.09139935329718885,0.09457803921396243,0.026595008316629927,-0.27100949381661565,0.03513021306492339,0.02399006706409238,0.03811880337624848,-0.06986641570788839,-0.06937164633679876,-0.21995504726419682,0.047093973154530046,0.19568804530755995,0.048459600621725295,-0.10136799812480796,0.019928474828182278,-0.2733058345061281,-0.07262184528230231
862,-0.012338830778126364,0.0,-0.007860185971961857,-0.03870876254233312,0.011024600571169704,-0.2921830080158392,0.12161791113139052,-0.115035879277265,0.021036575101461397,-0.019480335257226995,-0.019535564627923222,0.013329168585872724,0.1487097660611635,0.0,0.0,0.0,0.0,-0.10272435279774968,-0.06547743912456715,0.007348681425891242,0.05122773614070632,0.07661506809546172,-0.41771200750852966,-0.03988997094531907,0.13925520278482847,0.05456957380901129,-0.032314697636100946,-0.025277860058204583,-0.009209625813799444,-0.2574268864870008,-0.07111002147681156,-0.03572486482698766,-0.027843163467834074,-0.11385472945995001,-0.158543955642251,0.4920494094569291,-0.5739200516125376,-0.30735656449496135,-0.017068556050022277,-0.0559550929770941,0.0,0.0,0.0006795907859898846,-0.46757712401012125,-0.018657702656357487,0.012932652100746332,0.13936117295343478,0.05337415097760479,-0.060874235570129914,-0.2242042262844176,0.010424908697214267,-0.013546231403532043,0.023982945384846847,-0.24747321872651942,-0.08965591403760387,-0.18846976360760972,0.07440460685831886,0.2788524656690354,0.04444366617045913,0.11648108143494185,0.04380261293978399,-0.2395679775739871,-0.09333555013626013
863,-0.016123419236455883,0.0,-0.005565458673286968,-0.053156745562815216,-0.0017724488355474594,0.13109057038073965,-0.16264918780395698,-0.12397437250402389,-0.0004419376863020986,-0.09429811653095045,-0.5422982700263794,0.011382937010328081,-0.14755814097753386,0.0,0.0,0.0,0.0,-0.10612210253309079,-0.07069245726854899,0.04708723947548518,0.059159301244295893,0.015699644546888533,-0.41948194285232765,-0.02080385127595475,0.0005764819350034887,0.009634435323596851,-0.07062570109082392,0.005651816536959526,-0.05868257928301916,-0.14213866827327715,-0.02423908824816704,-0.014581405902490149,-0.012486335701709324,-0.08059943995351708,-0.204121721749206,-0.006107361232149491,-0.7162903074326291,-0.33783157426131327,0.00023034853314719248,-0.04976431074024247,0.0,0.0,-0.16988434172813702,-0.5130951580173319,-0.026105416244187298,0.0008479434890601976,-0.3656433741231825,0.17965544617366086,-0.020378073203835754,-0.2861205687044302,0.01768769455356456,0.0001249498234329068,0.038676582104043136,0.02505100017542491,-0.059224986766265676,-0.18487128858438992,-0.06396906484977993,0.10850942052207799,0.08423521336002636,0.150355240166257,0.013740749420122067,-0.18082595121746003,-0.10528554261529693
864,-0.011328410487117309,0.0,0.03573891221588199,-0.027876532154222648,0.01237355522704194,-0.31737250619054613,0.13568360856834943,-0.11600573956235723,0.06016437492056416,-0.03543861714622042,0.010612209031191245,0.04001662372729239,-0.0931290660474645,0.0,0.0,0.0,0.0,-0.11125170332053379,-0.032469278888782135,-0.01492256960420464,0.015695139260056147,0.028396606118648936,-0.34931423558588565,-0.05154700788978073,0.1833534250237161,0.057538522963605086,-0.03161988738005735,-0.026421613232850975,1.0779820045656494,-0.21891739456665563,-0.08563012868662359,-0.08129600222891223,-0.03221452121986707,0.08940988577341792,-0.19992040569731223,0.0007694774327601949,-0.6754921679408856,-0.20847535410958146,-0.006658155758486745,-0.04021286164058024,0.0,0.0,-0.3119404624230277,-0.4774211875577804,-0.012659866940376664,0.0005471563274449596,-0.3566841499845922,0.129888970437036,0.02676515276564291,-0.36465803998750573,0.04701280577629091,0.04487291267831917,0.01408413109124591,-0.10134768519441889,-0.06653749439848122,0.07383860709425043,0.010952553054923127,0.3971300377564138,0.11471180443702497,-0.10944968004736383,-0.18988129124742315,0.0992394316249991,-0.052469672100114564
865,-0.017274450213620084,0.0,-0.0006763663809890088,-0.037721815109467816,-0.0021045719035085123,-0.21983346589361152,-0.08294128002267939,-0.10370542749294544,-0.1067168385336743,-0.10070394353446956,-0.39597453059295223,0.0084565475768081,-0.1591846270774873,0.0,0.0,0.0,0.0,-0.12572093064380252,-0.07943578461568508,0.019829594783927044,0.03717868225363229,0.008693228042239128,-0.39594384326599946,-0.018341188290718603,-0.06160534932701161,-0.007012692241344232,-0.06774635542140689,-0.0006469819229395744,-0.07251784767657797,-0.19989434543274512,0.14970242751795954,-0.03210341748700599,-0.030981224114127782,-0.08474099681588064,-0.18805192288794076,0.11897319413688287,-0.7513355106580993,-0.33257085696987604,0.0002904767984922829,-0.0315981023290048,0.0,0.0,-0.2059744290707309,-0.5149347976927406,-0.0072753842012945385,-0.001987896022194107,-0.42236332809513766,0.20850345256104774,0.0025934217910976954,-0.16815450344188698,0.022861550420241374,0.01783327731150962,0.04522219206888117,0.04751081493643849,-0.013508645820694033,-0.17580530566366512,-0.08198585643168968,-0.36646688811603606,0.2238919725301613,0.0891801677094033,-0.0012147820371266277,-0.1238413539539867,-0.08174476744744356
866,-0.012338830778126364,0.0,0.035154150148753185,-0.028650433974193968,0.011164258603098389,-0.268148174512202,0.12799811743667008,-0.07077336909668047,0.05360214060907811,-0.034695642366155695,-0.06204226951488264,-0.0057107177418823955,-0.11726339618265252,0.0,0.0,0.0,0.0,-0.09224610523156518,-0.02593494411451487,-0.01081460641632299,0.027919053157890145,0.011840955387854936,-0.40432229359021266,-0.02283607335911474,0.24170938346727955,0.04014804158101151,0.05113181323854612,-0.024980203837106436,0.2224181546382192,-0.3939118353893179,-0.06134688520063729,-0.01700285338515028,-0.0342054582179522,0.06292667968309679,-0.18959485265551324,0.0009934801580667937,-0.7063224750709038,-0.30586858747618045,-0.00906817890074993,-0.09161309421411074,0.0,0.0,-0.32419308343384945,-0.4942840150736917,-0.015038334176847658,-0.0018810491107237785,-0.13864700544341335,0.041355281430292094,0.018691288934065173,-0.4078001125643445,0.08527635981493474,0.01629687606064617,0.003907187306074559,-0.0692393454623759,-0.132293281512472,0.1280655214061013,0.08946688051245551,0.07304320842794203,-0.011078425287156624,0.22337288395326976,-0.20458442275190825,0.03519344213081767,-0.06930020034738194
867,-0.010208296232844605,0.0,0.007013039312835661,-0.02147112989353314,0.010141766821324545,-0.2751387571839765,0.18000048391693316,-0.13989154064911846,0.0735112173654884,0.0033187079807562706,0.44389036964501766,0.024200959713278396,0.08768761095594263,0.0,0.0,0.0,0.0,-0.07392032924694367,-0.03243338803109866,-0.06835766830238175,0.0774471244324908,0.019806182584675664,-0.3289162179228494,-0.052069144888959154,-0.09058832917306404,0.04815139850075468,0.04633619702112547,-0.052316924992386715,0.4932230970065275,-0.5554591601455311,0.07280671302417312,0.02469915732462455,-0.02242456072394535,0.04795536911437473,-0.16427858954465555,-0.16151151380656878,-0.6486711821161774,0.7745352114225685,-0.019058527898093494,-0.07318335618010462,0.0,0.0,-0.3646781121625137,-0.4293022062663517,-0.015890079622092323,-0.0023461442809291516,-0.2115998951700939,0.08162697254483317,0.0038517516607589368,-0.4763078753523722,0.6078632099848906,-0.009246889259421165,0.024957688900977534,-0.12379640632530986,-0.1398336467752534,0.1202122102496351,0.07861771676087713,0.19168396800945314,-0.05706378595093906,0.2814932252429109,0.04999298433651814,-0.0036249504931965435,-0.06224601691095766
868,-0.010208296232844605,0.0,0.007013039312835661,-0.02193711640765616,0.008481034002643597,-0.28125338331923055,0.15525398119176542,-0.12198190373433454,0.06390022308422601,-0.03700001219337809,-0.04092316668503018,0.024586302690043277,0.10472674718732165,0.0,0.0,0.0,0.0,-0.07392032924694367,-0.030481340516633905,-0.07200801900860741,0.08298533611710104,0.01652180999061182,-0.3682157863245788,0.02550754197168863,0.04422701241184689,0.09512472860717378,0.04642969569130326,-0.014050355305053818,0.5171494665210676,-0.4460081783873941,-0.05934501917276884,0.019073130062134375,-0.03380325033576884,0.050547775514559946,-0.16633091599709401,-0.1323960111718447,-0.678232492053053,0.8675223372726028,-0.07263242812286747,-0.07623898026393328,0.0,0.0,-0.35838792190820234,-0.4084232654634157,-0.015890079622092323,-0.001689773269004244,-0.20567837015331494,0.04098304069424474,-0.0008780906174010154,-0.48529225484047955,0.46657061489225526,0.003738514014444872,0.02507040993901903,-0.08275990576714487,-0.14913861199752276,0.12270519808717016,0.08109558625481067,0.03891014098518745,-0.05706378595093906,0.2728946447123635,-0.029490289467068387,-0.005829973428463893,-0.06936996350228572
869,-0.010208296232844605,0.0,0.007013039312835661,-0.02147112989353314,0.012824991421779336,-0.27040894675427857,0.1916026090259346,-0.13891763206964824,0.03592366000954632,-0.029625497274853852,0.46602700766689004,0.024615330921374107,0.0909242801605425,0.0,0.0,0.0,0.0,-0.07338124281080192,-0.03243338803109866,-0.06835766830238175,0.08077076290081686,0.02239418257610209,-0.33058607395644496,-0.052296831040206854,0.0009207857057065051,0.07052343566701624,0.04629332190700562,-0.01177008576911243,0.2588781871955756,-0.5873047989597516,-0.07675482963109118,0.019146891647444538,-0.033935002159134184,0.1079307102910424,-0.16345172455352397,-0.12510899062067155,-0.6895806275418979,0.8691739801305434,-0.07263242812286747,-0.08729621522738373,0.0,0.0,-0.373721849555814,-0.4250963361882186,-0.015890079622092323,-0.001689773269004244,-0.18954178230615276,0.0867632053370054,0.00824400211107153,-0.4975952404905981,0.6379037219113481,0.00010065319990213006,0.02507040993901903,-0.14258025200516172,-0.11367469265131071,0.1218210235211479,0.07880870153004867,0.2204607788160752,-0.055455456996727666,0.3328654715397889,0.037143301412978384,0.008034413427205076,-0.061824800862944604
870,-0.012338830778126364,0.0,0.0028078395007330847,-0.02111594976056349,0.010087272169221909,-0.22133628274629094,-0.1402390080061019,-0.18869588621774905,-0.13946749090463234,0.012673755810934993,0.03611884619229028,-0.008746125249126617,0.11463427812854944,0.0,0.0,0.0,0.0,-0.1101214446322177,-0.056857207381383744,-0.004883043075239068,0.027721822986826763,-0.03665965679891924,-0.38408337302140116,0.06288418017344118,-0.022920460188497527,-0.15896125161566885,0.027788701902328326,0.0036461091371850396,-0.07301231619998226,-0.0864559021898121,0.016192088742362176,-0.06654474450609658,-0.020595034069684277,-0.026370782601952317,-0.23222479182860098,-0.1456243755249752,-0.7025045370631258,-0.13666286326765464,-0.003613788533848663,-0.05354846632725083,0.0,0.0,-0.33766044478991003,-0.48063650006510317,1.0936250616084978e-05,-0.00666844104181641,-0.22022286417282957,0.1139176145390134,0.039385674540260575,-0.3270063351437998,-0.20893483867356646,0.06732038183874268,0.05865530024707735,-0.09562934878504709,-0.0020281458653201756,0.1010050511669976,0.08833942498568033,0.31772421855519406,0.018754019188242873,-0.15535569487078782,-0.20564439874033816,-0.11761011869225807,-0.11001712570658305
871,-0.011328410487117309,0.0,0.0033234390531049563,-0.02325432693952346,0.010087272169221909,0.09610915988521339,-0.1282041644248111,-0.1021895727976834,-0.19018315551923284,-0.0424462155205778,0.1450704358145882,0.040257811163413565,0.15403237272568004,0.0,0.0,0.0,0.0,-0.09295870392286457,-0.0559337213180127,-0.07566648863555239,0.016116954916347383,0.011576893501314212,-0.42014158964451315,0.06557883295029412,0.18668727646307912,-0.18619479204611536,0.02652562729842846,-0.00616506131130937,1.2463329604736615,-0.12744550098949203,-0.07517205350437237,0.11495370736477908,-0.021248821750998965,0.13621333477330888,-0.15151530607120933,-0.13742277107964687,-0.6625236673603462,-0.092750887577263,-0.003613788533848663,-0.03268596953718908,0.0,0.0,-0.3133044396451755,-0.4854012910584558,-0.01312698097983409,0.0027751986469020974,-0.1535958406170425,0.08890330146932475,0.06575248529162102,-0.23332463618263943,-0.21860379204689823,0.045828717871461574,0.012660206400743317,-0.0706096334619022,-0.025372787408718206,0.08939849397936994,0.024001844541665845,0.484840347520854,-0.06542625118930735,-0.151023482892933,-0.24940218806776465,0.00031661469113982853,-0.0906858735401835
872,-0.009962465980824167,0.0,0.0028078395007330847,-0.019499841958740702,0.009411308654359062,-0.2988917728849944,-0.06828621915521357,-0.2005580543618901,-0.09803559570681016,-0.03628763839274096,0.12223550024626408,0.028811134680273156,0.12465337492226411,0.0,0.0,0.0,0.0,-0.09384104595134292,-0.06247351400106609,-0.07302473627956124,0.030235242838842557,-0.0395001311328378,-0.3968347858725661,0.06484745459916866,0.004486376805511167,-0.15968828270334576,0.03180473305965953,-0.04735716880965066,0.9282153727485828,-0.09643501314288465,-0.07610697429628764,-0.031360924433436126,-0.03545464510112968,0.0133783188784978,-0.19843209893011043,-0.2458231629684867,-0.7166745850254308,0.3054211627479944,-0.00998497747634982,-0.04240374893094676,0.0,0.0,-0.3481431869541985,-0.4402551155853366,-0.01312698097983409,-0.0018364035854553263,-0.21937533812039206,0.09555599110633281,0.12435546561771593,-0.436832089222096,-0.3338075971744888,0.07802315840647274,0.05810468272431197,-0.08894204956046141,-0.08682221541553269,0.08590515516587395,0.033072858601421035,0.36794602069895704,-0.07428033932318528,-0.1535288798470134,-0.3163402577258306,0.03794403062470868,-0.051955437484032085
873,-0.011328410487117309,0.0,0.0028078395007330847,-0.02385430428195988,0.009558382150035093,-0.2830314042389444,-0.08253765913141246,-0.2158519766153562,0.046486137157268397,-0.0418139837755402,0.18745959901864795,0.029917052906382857,0.11846643018925769,0.0,0.0,0.0,0.0,-0.09384104595134292,-0.060845297788405424,-0.07368910777963877,0.024211927109615502,0.01709758189762869,-0.43461673882954094,0.05976998989181682,0.00569475226182397,-0.16292283062663884,0.03332951871482749,-0.004582771213630184,0.9939424738033837,-0.15072050931362385,-0.09880100549303945,-0.05915771054934822,-0.0350207356104637,0.06217514480885261,-0.21761547068958503,-0.1460265480489253,-0.7144833657199472,-0.10240086771543475,-0.0027927842584588164,-0.044422976149168375,0.0,0.0,-0.3288432197957767,-0.47777224217613734,-0.01783660662498853,-0.0009748794541470298,-0.20939752420415797,0.12171704342086774,0.1197293937165646,-0.46889941427465387,-0.4044095613527251,0.0476969230750002,0.07038458064727668,-0.15241680865512017,-0.08612093142202051,0.11973605364243396,0.03726520879463665,0.3073017687896249,-0.07470404749877117,-0.15259464384709534,0.055682374459270205,0.01902934970188574,-0.050828202669984876
874,-0.009962465980824167,0.0,0.0020116475159033765,-0.021718364421582554,0.012931218768487365,-0.30142827868955646,0.1510666638269474,-0.17528280698223164,0.11903904621168,-0.01946608164236848,0.24344951094754297,0.041245788838334435,0.13702640887526768,0.0,0.0,0.0,0.0,-0.08843802185721067,-0.04982069793259742,-0.06941765128910819,0.005693231705423073,0.009781745469857807,-0.5047575974076483,0.05987803459943451,0.058069380989441824,0.03520866156742842,0.03542994396688556,-0.038616384266614956,0.6008759210154065,-0.2305142854499081,-0.06875808586427966,-0.020062482215749248,-0.02161844709737157,0.031915973801424045,-0.1825264524671502,-0.2604946350786248,-0.6822485845674208,0.3170520977921936,-0.009163973200959973,-0.08262866883000826,0.0,0.0,-0.32997496847952146,-0.43477037194988244,-0.01312698097983409,-0.0019716753814105485,-0.24517157606070744,0.06710218982393044,-0.005998758351112851,-0.540031009489673,-0.4865263941426556,0.03746525275442012,0.04572683718947887,-0.1096890568194217,-0.09940857443179373,0.08256434023564638,0.05063485902096621,0.32771263973683945,-0.07315304818219392,-0.14474436186810669,-0.2869676083333919,0.0023346378292041217,-0.04688305897556526
875,-0.012338830778126364,0.0,0.005196582258780614,-0.024598478097366178,0.009594995000019257,0.03168579102187682,-0.16136837951249897,-0.17777562577437162,-0.0034725566531090277,-0.0822449042717286,0.403786706838763,0.04066490175218718,0.12486534748390274,0.0,0.0,0.0,0.0,-0.1051126223628461,-0.09527048885264518,0.06139778007649163,0.004060788588138564,-0.04761000831991845,-0.415257904989515,0.06315844092945146,-0.028868550562725886,0.01419958791110958,0.026358262589050864,-0.014233536009589131,0.28599432695431154,-0.281356966705615,0.04464550342465206,-0.06833868549711404,-0.03589998686116617,-0.1430377923419411,-0.18247784102278455,-0.03689999072045359,-0.7013178557817913,-0.15735522685907558,-0.016147633483996983,-0.05011982263199005,0.0,0.0,-0.33227685928635514,-0.4845247288509127,-0.01245280623541883,-0.007840795732253393,-0.16738272546246427,-0.012832182681038872,0.0027487563821780242,-0.240530331389607,-0.3602986525861051,0.03653508278056912,0.03281740717588562,-0.07880176592148189,-0.05345821072261668,0.05943248316068038,0.04817542841227184,0.3209703883338372,-0.05915390902355123,-0.13531791033795734,-0.17333669118758843,-0.2522220969015117,-0.07255203693915398
876,-0.016123419236455883,0.0,-0.005285940896906888,-0.03817322440495183,0.01036523011399529,0.06416134558219105,-0.19446068923187293,-0.053268710618520836,-0.0304693884472947,-0.009639857625454256,0.022053852574784788,0.041808724384183434,0.1414889784101383,0.0,0.0,0.0,0.0,-0.1046509922861162,-0.07253835209170759,-0.03960402340199777,0.04373390813021735,-0.18852449842749616,-0.41176370622336494,-0.052636236964434285,-0.005531273204822519,-0.025586557521465422,0.08252230189131153,-0.004803825124801022,0.28216442594484226,-0.10514640421240393,0.12148316330911176,-0.026373076592138858,-0.03652859338626809,-0.11667298951652287,-0.1528200263428868,0.43938963457642083,-0.6164163887081509,-0.3067356506755202,-0.01701197161152801,-0.03543430377954579,0.0,0.0,0.04954309161444333,-0.4684456399950446,-0.018657702656357487,-0.005484529545488885,0.13513822931664063,0.064608025412432,-0.014202043478922913,-0.16022899199697277,0.0265237057066729,0.011409663060104509,0.035698060269823854,-0.07097864088192453,-0.04589637331481671,-0.1890276003001048,0.05782278236093212,0.15023527605102832,-0.03704865096358737,0.2035495371876506,0.02720234689064139,-0.16863206431076033,-0.07841835303014219
877,-0.012338830778126364,0.0,0.0020116475159033765,-0.04651833887395471,0.01106099191778467,-0.04372646045954658,0.1080178141646958,-0.15835104305584355,0.06095604286109055,-0.06823109919375817,0.22045680533143208,0.04243668591101338,0.12644422814937453,0.0,0.0,0.0,0.0,-0.09902598861722338,-0.054609423826003124,0.06087896290568197,0.033786528354995946,0.006855901873377846,-0.5630110323156305,-0.01070921421595591,-0.013933222959584986,0.028049686199121224,0.016015263263316117,-0.02798672410996432,0.49518748452216227,-0.3247493606595299,-0.07082622447933559,-0.052083140987734464,-0.03536472950762842,0.0612820194027724,-0.17850635870930237,-0.15898603758795124,-0.6972491794669644,-0.11940360796678363,-0.004665652193670099,-0.11546602881052342,0.0,0.0,-0.32976831741162577,-0.4969161513360295,-0.01245280623541883,-0.007175592496620902,-0.04970422121354055,-0.04452151585627423,0.05798155589219059,-0.2789078762243868,-0.36916219923005883,0.03828477112490147,0.015782195876635794,-0.08832245640425854,-0.10156449992765142,0.05855505740794795,0.043098051178442426,0.328027249496385,-0.05750393130388722,-0.1487532928744697,-0.19676627013651424,0.04245828981644797,-0.04678254873443112
878,-0.015112998945446824,0.0,-0.005348119237270738,-0.049687366904621624,-0.0010584778993941854,-0.2598047129999346,-0.19088488773089743,-0.1303348594514275,-0.07378807227062247,-0.028853135318191975,-0.4883930784518758,0.008828075522470084,-0.20782238688806207,0.0,0.0,0.0,0.0,-0.10296281296402508,-0.05884225679757251,-0.00273612828044229,0.013014567855250916,-0.005354371944594569,-0.3119774109200519,-0.0336126528951873,0.039390862850780216,-0.21361429857314415,0.022669778977055664,-0.029688541579833427,1.1114855923763722,-0.22389343480575763,-0.04145038388868874,-0.004765370268875414,-0.03309129844807451,-0.05458333377946746,-0.17284227599621002,0.2890541615579301,-0.5913343281316185,-0.1836288301580397,0.005853802375839431,-0.0013485059309766788,0.0,0.0,-0.15803571993370102,-0.5084136272747324,-0.02565362510572877,0.011487392990449494,-0.4420204128790941,0.13879567965294193,0.018721450205256437,-0.2593527373180758,-0.13685803121733925,0.01806696653866139,0.012161590488902028,-0.06319468049657202,-0.07262912986473935,-0.1920744116991572,0.024445201215595767,0.2934549903028106,0.148180651745297,-0.0884628675782104,0.06062396414479475,-0.0793871405305833,-0.10349250061836024
879,-0.012338830778126364,0.0,0.004519470751287425,-0.026622701473502156,0.009411308654359062,-0.26841962960027876,-0.0969191556534038,-0.18712516808055962,-0.14267240706722767,-0.055173171852643255,-0.06933396478644172,-0.0020214463023905433,-0.16391364433165742,0.0,0.0,0.0,0.0,-0.09973573278184109,-0.06613773693414118,0.010637220156874665,0.04295580431762,0.038830685333079255,-0.3485427826200075,0.015816714005084345,-0.0055682923252211225,-0.15251762532778523,0.023198795210056855,-0.02813874713761521,0.29315691660386384,-0.09073758060315544,-0.006844460014788736,-0.035076182957588305,-0.024693943002579943,-0.1360265312687683,-0.19762305492360321,0.0009970208744936014,-0.7224800756581558,-0.2511764436575111,-0.014545752380935584,-0.05221814154292906,0.0,0.0,-0.35549580580509627,-0.4897324078110834,1.0936250616084978e-05,-0.006491111855723921,-0.2365987730172954,0.058820548249556584,0.026406668498012535,-0.2744094636377719,0.005973803222165972,0.02857817070580044,0.011356484561170076,-0.09222301180970408,-0.06992238874801984,0.09440378327379634,0.0761790842268014,0.2349882341703633,0.010974121912841153,-0.13555896183820457,-0.2250383468463921,-0.23970497337935898,-0.11010396043955335
880,-0.013489861755290567,0.0,-0.0006763663809890088,-0.05012165634883141,-0.0020130045424700746,-0.22428213559315038,-0.06618153743128542,-0.11124476510165174,-0.06951543008802016,-0.11016210919905513,-0.3834710457662195,0.008781423778104508,-0.11942438815463745,0.0,0.0,0.0,0.0,-0.13990868708188306,-0.07218292535538144,0.008640629949823366,0.03561517431222084,-0.0447037503040492,-0.39876482844637934,-0.018446447684592783,-0.05396629117101002,-0.08168414807476007,-0.06316903379558338,0.0018120216401726064,-0.07667124928434517,-0.20159716000300645,0.03972037355342438,0.03780037193665358,-0.029733874155620944,-0.07329815542817592,-0.19332132143604255,0.08207224101788828,-0.7521727470896551,-0.3299789606399146,0.000274133705345129,-0.03008121239042204,0.0,0.0,-0.18071319431343674,-0.5165436754083489,-0.007641920276343914,-0.01101689510933317,-0.4345822747630788,0.21215171059874616,0.025081552253244654,-0.2112741470758694,0.03077661422560322,0.01872385769020976,0.04465353594690592,0.052345045886350056,-0.014613602074805767,-0.18405222364089524,-0.062158836211389165,-0.377633895007623,0.2238919725301613,0.08489490047487688,-0.07625626627289614,-0.12512653675754132,-0.08243689480971318
881,-0.012338830778126364,0.0,0.0022708583695496267,-0.02591370441535435,0.010976347670270848,0.07520176349469405,0.14296963286153755,-0.13213624744527455,0.04866768147130757,0.02732337604428009,0.4007336225247269,-0.004632892891977405,0.14751560169722627,0.0,0.0,0.0,0.0,-0.07073018102959212,-0.040615738296263935,-8.589487148204927e-05,0.0002836308701575146,-0.027817698186821165,-0.5815073407295065,0.021500372825081625,0.11947576251808943,0.09396825638408067,0.06667447776607067,-0.03791433014447249,-0.01262744588765988,-0.2984420062812112,-0.09561704412069831,-0.006789148378967272,-0.017545915756886046,0.10952334843994259,-0.17732587650544474,-0.17871660206277287,-0.6699189376227921,-0.14673692357433812,-0.0027927842584588164,-0.08830708346146272,0.0,0.0,-0.32174580757291754,-0.49997950189725343,-0.01783660662498853,-0.0151362132365734,-0.09558473838839626,0.07319743241488252,-0.01679110179361048,-0.21864285728232088,-0.3859039661524229,0.026927251773504905,-0.008090232386264,-0.1983159958939148,-0.04085091757180388,0.1334638457047741,0.08548978883203259,0.27985946372527004,0.022804833027433736,-0.14667577218680838,0.04527447956519786,0.030621119835156217,-0.051970431606332246
882,-0.012338830778126364,0.0,0.0028078395007330847,-0.0336963217783746,0.010243314244475383,-0.29151489954918697,-0.10252686816751498,-0.20984067036898016,-0.13711697017813926,-0.043709640877887646,0.31186433777286615,0.010281355449866044,0.11838367573038995,0.0,0.0,0.0,0.0,-0.10031737447860771,-0.05762142970629768,-0.0557659285596455,0.029415656796430604,0.00839936848105634,-0.4937651770916286,0.025171120979072238,-0.032121251283057435,-0.12122741479257759,0.02313979191423338,-0.006843163609647021,0.23523651206443638,-0.3176752792413087,-0.06987846283716577,-0.05256875483904263,-0.03496557665509292,0.10412274236431192,-0.21730235568906384,-0.14182535213715014,-0.6998511744811009,-0.12193281964883208,-0.003613788533848663,-0.09777835828204483,0.0,0.0,-0.3321415657815056,-0.49807577363776884,-0.01245280623541883,-0.008044276317407423,-0.15626662607771702,0.10460701493958557,0.0734913838484684,-0.33068390590115004,-0.345845892867679,0.03983548168102316,0.02031047714610491,-0.020820778593927444,-0.08254896105090612,0.09637247116127105,0.07313666392445813,0.28537208934212777,-0.057247820482612004,-0.14649174377301594,-0.19091484735987158,0.0466418075960976,-0.048020613403412044
883,-0.012338830778126364,0.0,0.0024539461604112627,-0.047720759955296524,0.012313510438883679,0.10624588253056835,0.12618336910780067,-0.1467995035985157,0.026785942645123146,-0.10927309229457663,0.01786691381100084,0.02702364197998807,0.17267880673744918,0.0,0.0,0.0,0.0,-0.08245028661119014,-0.029788340079488846,-0.06826234290521001,0.03470216971435269,-0.004440960828558116,-0.5449427337287686,0.037904528898277154,0.255747944322225,0.04366207204235832,0.059843486713295604,-0.03281755099277678,0.06006917990269898,-0.40086375718503586,-0.045903342467170184,-0.02819425550975414,-0.02113605975934735,0.13776035240574833,-0.1796670514276388,-0.15645665019086633,-0.6696323109482634,-0.12333266650415854,-0.004665652193670099,-0.08879745371434782,0.0,0.0,-0.3293889393605199,-0.5059214317121761,-0.01245280623541883,-0.014149127994909142,-0.130880732609719,0.0870149859176547,0.02283568685542106,-0.28269671769740884,-0.3018857973439558,0.04011146156819715,0.01160129286925607,-0.10159563381773602,-0.08529571108832555,0.09825315535196748,0.08992280146497941,0.29541903371854855,-0.0634182864377253,-0.14305268399582574,-0.15787114471968935,0.09619512493765765,-0.05186222250044005
884,-0.012338830778126364,0.0,0.0021947353067650124,-0.024805033866190356,0.010976347670270848,0.11531983346901219,0.15495377945152355,-0.18648167502033833,0.03398006256969776,-0.05105970461284459,0.17023834231251003,0.03649850815255777,0.1300948446385707,0.0,0.0,0.0,0.0,-0.08115435774101865,-0.036285691573766495,-0.07027645966218794,-0.006560114222652101,0.009833849836921142,-0.4934344091798497,0.06125594173930721,0.02353561386582068,0.04643081582569785,0.03561041823016236,-0.033272541546315974,0.4555344242075294,-0.37580898193059525,-0.06550053339060301,0.0021504401907754297,-0.02113605975934735,0.08142671789588352,-0.1704615748344024,-0.18938071589130076,-0.6667144922813802,-0.10312838251142141,-0.0027927842584588164,-0.03213958688104783,0.0,0.0,-0.3319360150082907,-0.4984079849618082,-0.01245280623541883,-0.010054195387729703,-0.23893837272955132,0.07946816647975886,0.005133946578356706,-0.2993302146646839,-0.3979298408022782,0.027380639379647857,0.01151207536188236,-0.11030765765208608,-0.06932381580460145,0.08580218291854874,0.08773112668481102,0.3257509033420711,-0.07083296216135548,-0.13992943103715083,-0.19887894521885754,0.05379746144041004,-0.04688475767752326
885,-0.011328410487117309,0.0,0.0020116475159033765,-0.050787097911289894,0.010358639340667164,0.05506258513733329,0.1151469412433616,-0.07657661054060638,0.037369956260227974,-0.11337195221040411,0.09032328125491992,0.030914797339698444,0.06934515680406662,0.0,0.0,0.0,0.0,-0.0911047259706997,-0.04504191143070407,-0.007068930312925593,0.011746259761173876,0.021435619031653523,-0.4647824120316133,-0.004194446913129989,0.2181460961618549,0.011346856054836103,0.06476331267799279,-0.026131150247825415,0.9275449254912422,-0.3769609826545484,-0.0493092713663733,-0.03004306063278648,-0.02108800982989326,0.11788131531569207,-0.1676035623535873,-0.17477887665455866,-0.6566072738583327,-0.07724223990609046,-0.004665652193670099,-0.03414612151022287,0.0,0.0,-0.3291044940307352,-0.49993382523870583,-0.013304551680663494,-0.011820025002222635,-0.04768104510593518,0.052906205922528184,0.021629559845093432,-0.2960272383905899,-0.26836423602251236,0.03361385879248493,-0.002192559880595163,-0.10292087531277905,-0.0764855594616169,0.11438787868859365,0.041003221935613066,0.365796377586933,-0.05365925909410545,-0.13296536637076156,-0.009701543448078543,0.05786696001330167,-0.04902712858087292
886,-0.012338830778126364,0.0,-0.006328073736481238,-0.04459049390032803,-0.0017724488355474594,-0.24887087396493174,-0.13267059797157651,-0.1096568061577687,0.02649243427637922,-0.03931736853348844,-0.5031692144544402,0.011785042230442765,-0.17544076488985905,0.0,0.0,0.0,0.0,-0.12469269415678137,-0.06227924957578387,0.029655235293810155,0.006875700562751823,0.037997507549490654,-0.43067149877310823,-0.016697924411058773,-0.014606256692904124,-0.006999342909071741,-0.11049935554763318,0.0008017720772443761,-0.03688382004449102,-0.19219878201594418,0.03559775254821057,-0.056805685391365594,-0.031242036599784185,-0.04390544339843348,-0.20005781789385962,0.12351501142140593,-0.6997426338819186,-0.2786190776534445,0.005784175854453422,-0.04995783759552869,0.0,0.0,-0.20874494803089869,-0.5172086007207295,-0.025321316269817463,0.00707669789692886,-0.42245932687234933,0.15816401261388743,-0.023153248167694946,-0.24198691652026133,-0.12063247287054743,0.022083526383396498,0.0430465922811369,-0.004732528595046669,-0.023642768474172616,-0.16317069697499453,-0.06656239809622741,0.08293727635257221,0.1786559310804491,-0.09028654065560565,-0.08410227687931876,-0.14388016085591057,-0.0919625904803075
887,-0.012338830778126364,0.0,0.0020116475159033765,-0.048784639460004164,0.010358639340667164,0.08114428533121781,0.1101954634769039,0.11218293914374936,0.037402213678024945,-0.11416773485043964,0.014966259139252128,0.038593070154201284,0.16846322496979765,0.0,0.0,0.0,0.0,-0.07103635244447525,-0.031149967264537292,-0.06826234290521001,0.0004853930097015518,0.021894807017931055,-0.5503400548142954,-0.03368469953057555,0.06503025500932715,0.04842784551461259,0.06404357946627805,-0.05193843640751986,0.19086808462336494,-0.3517270868933408,-0.04474094450040491,-0.02725855751013452,-0.02113605975934735,0.12778286128774585,-0.17875124583859983,-0.17726684701368445,-0.669566300819117,-0.12865626923489876,-0.004665652193670099,-0.04608470629638616,0.0,0.0,-0.3382775576747586,-0.5094895684488673,-0.01245280623541883,-0.012619952344264598,-0.0776056274544,0.0401546445652212,0.02487901124824024,-0.2641520912785462,-0.2688448485349988,0.06024622683637547,-0.0005934921157018767,-0.09674173916927743,-0.10349291858387136,0.12057981915834315,0.09215788121326542,0.28690892927545475,-0.06297227071287098,-0.09584071355647049,-0.21896448364407353,0.0766831009812086,-0.052284789144144014
888,-0.016123419236455883,0.0,-0.004056908877298717,-0.044481786450486185,-0.0020130045424700746,-0.24730678910364087,-0.15247090385361808,-0.11841760187147153,-0.07206153462202967,-0.043866353727326834,-0.5275060142110122,-0.008555930510566192,-0.18525878049994546,0.0,0.0,0.0,0.0,-0.12560446871637168,-0.07643238237314173,0.01696011789898705,0.0024133798540589353,0.08220922501428175,-0.4134475584215505,-0.025728894724725462,-0.029183496555678905,-0.016567051974122594,-0.10506248769167581,-0.033985572868613693,0.21991108076188262,-0.16472436110880392,0.07390547368707935,-0.05827353635073257,-0.03456294764978599,-0.0635023692235513,-0.1969513956652489,0.4733056752167065,-0.6983780047532819,-0.2715560749597313,0.005853802375839431,-0.049294733875716326,0.0,0.0,-0.25279874553343223,-0.5159722496193471,-0.02690624420048435,0.0025418668983129534,-0.4489308889508441,0.17291936917001877,-0.004433543965650874,-0.2127793975594972,-0.1419215532607481,0.019954901073155264,0.04644821175683808,0.01087852383081896,-0.052554844543246985,-0.1568676352357444,-0.06136232125761601,0.089449697274612,0.1888519855702235,-0.08699660938447037,0.014582935192495863,-0.11575243694941378,-0.07897883217215966
889,-0.013489861755290567,0.0,-0.0031306190310331655,-0.04576234317660803,-0.0005658140601514937,-0.2225926448348996,0.08249896417745714,-0.07217196212560209,0.028589972793202044,-0.13940346116528915,-0.07360057479511743,0.023593637108010605,-0.1188455513721735,0.0,0.0,0.0,0.0,-0.14732711608519936,-0.05468929529294433,0.007646865159681948,0.01786003360624489,0.052056126081852484,-0.4314834709124672,-0.023245820331062643,-0.009161717175370137,0.12998757877225026,-0.06548508596923264,-0.024805519543626427,0.004056096799746266,-0.13468227769512883,0.1198605536571732,0.013394564742329116,-0.029741047778501443,-0.11025015986989692,-0.1911581050323587,0.10078476582324764,-0.7273843628444802,-0.3309126832182774,-0.02147039043228356,-0.030350749950260502,0.0,0.0,-0.16189203042376202,-0.49166796951979835,-0.0083122071852938,0.011183181908505499,-0.4735824111807661,0.1749490638514241,0.05601676363435384,-0.18681940208006434,0.048780393384251504,-0.0023747772885975215,0.035731630514481645,0.08379786591435028,-0.015693401846730175,-0.11078170308208678,-0.08385128810981293,-0.45994915116863144,0.22284563794206158,0.08229308928901799,0.02925725402655023,-0.12465270669532887,-0.0883667198555044
890,-0.012338830778126364,0.0,0.0017852363604275816,-0.04735828525339272,0.01023434566489794,-0.06895570490271907,-0.11121741052542627,-0.06621864825883325,0.011651415393229572,-0.046248729778016265,0.44690478426308405,0.029813123538411392,0.056531114653082956,0.0,0.0,0.0,0.0,-0.089448160893571,-0.07455785684327727,0.0007945389506996511,0.025448655870487308,0.0009249830789692592,-0.37289451561740955,0.02229936761945707,0.24186428643017369,-0.15549249553589775,0.023037006891994786,-0.007623223057904096,0.14271086404404673,-0.340819419445055,-0.07245961360019672,-0.014134181829430555,-0.03621984385002569,-0.1361464082943385,-0.17277464615764107,0.1951696776392284,-0.7255578990478659,-0.23883092387337537,-0.023241257649812653,-0.04792138725918195,0.0,0.0,-0.346530258344952,-0.46332748440538385,-0.015038334176847658,-0.00337113729758467,-0.11159297381691403,0.06678119847507372,0.06335736263303124,-0.29267787158440844,0.16313912235937764,0.0012054588640031411,0.01454612031600438,-0.10578164038132574,-0.25218637717073694,0.17106384117249998,0.07069203321326294,0.10089914389576472,-0.04434123767086285,0.2840637170952105,-0.23905516443361732,-0.25245782753373885,-0.10891572777354468
891,-0.016123419236455883,0.0,-0.007860185971961857,-0.03483150539479741,0.013119129701314906,0.057461039282349614,0.20147706858650316,-0.08654310338622209,-0.0028443157763717473,-0.0067225854841740425,-0.05996527270577099,0.010086604186267193,0.08880873882079882,0.0,0.0,0.0,0.0,-0.07731517754601962,-0.06527688434508858,0.007376963954761735,0.04196426124276257,0.06875241719205126,-0.43117430697182,-0.026841154445936252,0.07236979096609049,0.15616255070154075,0.11801837955072494,-0.03207071239221775,-0.06756509160352336,-0.4479595913271387,-0.04990442255136263,0.012917214938469604,-0.021042965041072885,-0.17636783050719027,-0.16170861959903274,0.5834625566984735,-0.5437484401374719,-0.281397922817655,-0.023122546775885256,-0.03375657068443651,0.0,0.0,-0.02212937394663613,-0.43655540176683627,-0.014125647712032452,0.019230371926493007,0.11276116902597107,0.06573118979040567,-0.1160164946471218,-0.1717513989355548,0.05850351266344697,-0.013562281175910351,0.0320592874181913,-0.15600869018379648,-0.04827903701415948,0.23466032594324385,0.0888551528537424,0.24421917959087097,0.046750066031584964,0.2622478265236099,0.22695563545931843,-0.20178201064959864,-0.09020088916727254
892,-0.012338830778126364,0.0,0.004519470751287425,-0.038393264393785126,0.009179395717418335,-0.2182679474139591,-0.04405870174285124,-0.12308564145341581,-0.13029010940445127,-0.08525723135462089,-0.38480007028501717,-0.009692855426698557,-0.12966598715768213,0.0,0.0,0.0,0.0,-0.0832601001101904,-0.05535272544701035,-0.0023908720687725172,0.03384283225271817,0.03967165612053567,-0.34289552844650273,0.051878472431356785,0.19310147215643347,-0.15602815869064052,0.016428008218505815,-0.021546334247733747,-0.06504033515912405,-0.3646290954382374,0.00943752842082781,0.22225875643601017,-0.01860243699113707,-0.06988685359665002,-0.19376315945554612,-0.04410157849296592,-0.6898473198638883,-0.2256805166370402,-0.009809672682528608,-0.03656761139681698,0.0,0.0,-0.36216252189919834,-0.4913633024182961,-0.0016597316925969587,-0.0067328721110129965,-0.2376271183137481,0.10122079267856628,0.014836272236889849,-0.3118670579956101,0.10179621117304898,0.013866358959454128,0.012614853299355942,-0.01898653031427464,0.024621864845736325,0.13623401005393934,0.0786844510988465,0.22853923366800674,0.034268830009045875,0.279325458353009,-0.14297090205596097,-0.20963234771107636,-0.1157284162224039
893,-0.016123419236455883,0.0,0.005196582258780614,-0.028051556810311067,0.01061024697516574,0.009258334201274521,-0.15937397734526595,-0.11794480585807568,-0.0972012060658029,-0.0069101571713812895,-0.01872690903228797,0.01105378630421648,0.09176324024531239,0.0,0.0,0.0,0.0,-0.09580060678262022,-0.08815710174221643,-0.06832044933566772,0.034944538462864105,-0.06095832282862197,-0.4153187855386071,-0.03120826523257138,0.2717602653468154,-0.10285779120628785,0.09615174024919984,-0.006015253072437984,0.1673071319656709,-0.5322924429276861,0.06674785461054267,-0.00033730941599806596,-0.025536902294226817,-0.1298611241448534,-0.18548856105930372,0.27330705275499473,-0.7162302541410026,-0.2865147548253748,-0.02309071916490274,-0.047271643277666,0.0,0.0,-0.29928735177515037,-0.4671818935966506,-0.015890079622092323,0.01548293790520611,-0.030513713184943777,0.05485241520141343,0.019384960521308028,-0.1984742383851356,0.10866512954508305,0.0035991202318922328,0.03649020520762349,-0.13353939760507008,-0.10016544389068191,0.20105783567849383,0.04743013342385726,0.16899303126312545,-0.03863874089138642,0.2712365071009293,0.21705001934653612,-0.2668088754919277,-0.0896759543012778
894,-0.016123419236455883,0.0,0.007455337957343547,-0.022927914348623048,0.010248809457516496,-0.2563778025790122,-0.09563060238179272,-0.06802202942299866,0.049341792147779444,-0.027774261833073396,0.4944149779419958,0.017989063769759964,0.02371055055194397,0.0,0.0,0.0,0.0,-0.09617406955410072,-0.07009778883424837,-0.06195972456387749,0.04238819604039248,0.0204031606236507,-0.4110650116545222,-0.0257000797560675,0.012368840191820352,0.0212099832719144,0.03204949527760162,-0.0011406729887921683,0.35124193701390016,-0.3426243925873707,0.0191845131135068,-0.02159382409329687,-0.02402167012870229,0.18703549314724058,-0.22801226507464536,-0.19942929197448075,-0.6868934360285945,-0.25214675983927615,-0.008358146234267231,-0.09707425894777909,0.0,0.0,-0.32997510404357233,-0.4948462162544995,-0.013304551680663494,-0.005237827622267604,-0.2686438112217737,0.08451172589719204,0.12120697678930953,-0.3797706407471579,0.12082227871674962,0.036887841373903815,0.06583283956579668,-0.08466442180840325,-0.11437860583651636,0.07813303293828829,0.08752296366193998,0.15295625553806305,-0.07810671892114712,-0.15021918803912357,0.32921006144317955,0.09423200345237526,-0.023567430549115125
895,-0.013489861755290567,0.0,-0.004123643790485828,-0.04454616327728987,-0.001105128090666499,-0.22458331617726135,-0.07474077114969685,-0.10954260947642336,0.011782649504673738,-0.10536646004843771,-0.10560665297996666,0.013549815775940915,-0.11479271134764336,0.0,0.0,0.0,0.0,-0.14104007541793703,-0.05938455940674946,0.005371199388559678,0.04417419824726997,-0.07154761123854605,-0.4247986051068502,-0.02073452518261313,-0.024452573565415883,-0.1130916824254232,-0.06261201505258118,-0.003207938366091444,-0.07279941559633209,-0.3412505560579332,0.056407512905427594,0.03740283657620815,-0.02979907781851457,-0.09849183627860279,-0.18774498740730128,0.05556616083109847,-0.7395530618383904,-0.32965446279871125,-0.0043367311844588075,-0.031018695993173893,0.0,0.0,-0.1456514943392368,-0.5096363088248087,-0.007497898755519646,0.008345481667909481,-0.41567404112303474,0.20309687914159708,0.007953888917468656,-0.2176159320760768,0.030966335627270167,-0.0021906932068116686,0.03921802607885928,0.04073139913399325,-0.015837924132236014,-0.17408899047662457,-0.08048072873696493,-0.41426311172964214,0.22306039233929065,0.08766139271174415,-0.09894328588492404,-0.14025811947396488,-0.0915349614590078
896,-0.008876565356460673,0.0,0.006773600915804395,-0.012343496179491799,0.009505756956072873,-0.18354878915144088,0.17982425025124935,-0.05254206725945321,0.1299617824856502,-0.04287515911146614,0.3432690126112536,0.0419483508317393,0.07951912195104163,0.0,0.0,0.0,0.0,-0.07671672694720269,-0.011844397338512678,-0.07701660401424339,0.1068226994756249,0.023784664160355556,-0.3078402396828388,-0.012581428945611685,-0.34417318754241033,-0.037941401540871125,0.021757196577038035,-0.008604527718159137,0.7201042116887828,-0.47796828476746,-0.05640580486319024,0.04385655870329139,0.01171656591816163,0.03360352628934079,-0.19524602332084984,-0.11427694637644825,-0.6739709397655408,0.6437264489797387,0.30109839339287,-0.07984579227241474,0.0,0.0,-0.31589430492597703,-0.33777672308196793,-0.015038334176847658,-0.00029691789632212547,-0.1737338890261643,0.08788593698640318,0.11598851251491135,-0.4529361189340099,0.6338857259314837,0.007929106128538478,-0.00826738219922088,-0.06538029945220901,-0.10495745095912583,0.06574461924408007,0.026498541616475454,0.3218548740288811,-0.054275674186605366,0.2899520431910384,-0.19881089292340523,0.011157651818486311,-0.06510453648783399
897,-0.009962465980824167,0.0,0.007013039312835661,-0.012587361172732268,0.010141766821324545,-0.2469142669785593,0.18891920657481975,-0.14482167453917114,0.059839482267137624,-0.11149364812438582,0.41216487105364136,0.03382572294346437,0.06624794914631196,0.0,0.0,0.0,0.0,-0.09815398168056813,-0.029755805040866258,-0.07536046642066362,0.12035077560587701,0.01347177117526284,-0.3021140284675457,-0.026036003110512122,0.07289309279263052,-0.02476652598343337,0.02600242866831667,-0.008981168289565293,0.7300371122390096,-0.5610666349670054,-0.07604256252238357,-0.02975511320347063,-0.03410910076125557,0.07590127781185294,-0.19475395233219434,-0.16691050613428857,-0.6789296384162943,0.7144671809976902,0.021839284444581684,-0.08353633239611027,0.0,0.0,-0.3628779010790422,-0.35969675264927353,-0.015890079622092323,0.004222422691336367,-0.23921333420973062,0.04677595841834045,0.17600242034834662,-0.5028184620216939,0.7036643666433634,0.027415770729156286,0.03780953642754472,-0.10028383127595013,-0.11105915107168442,0.05734293101146601,0.018372997432421462,0.36785161918116044,-0.07130117072414166,0.34528930683076664,0.010164884592161241,0.007677567975659644,-0.06208101515829584
898,-0.008992687625728371,0.0,0.007013039312835661,-0.012587361172732268,0.010141766821324545,-0.20350806023499762,0.1808791821858053,0.17717367114873622,0.060672384136982824,-0.0936040505257982,0.34430796010778564,0.04100719430591619,0.05326218066606699,0.0,0.0,0.0,0.0,-0.09815398168056813,-0.02390192561937935,-0.07536046642066362,0.10263458938989811,0.027169349120021752,-0.3077700820256802,-0.021136246379929727,0.023239105337660475,-0.018278209608648115,0.02449468974470564,-0.0002651307327944462,0.7422782098507601,-0.4710476816192636,-0.07702987235415436,0.0631233715831389,-0.034157137960889844,0.0875168397412516,-0.19382110267769803,-0.11979268512896772,-0.6721973705169744,0.7678893307506315,0.3626799319174944,-0.08290141635624342,0.0,0.0,-0.3654499952419717,-0.3287325701656455,-0.015038334176847658,0.0025561113532161527,-0.1767253641185307,0.06871052191144833,0.15702964499392205,-0.46663794930579233,0.6735770975878046,0.053303017041176196,0.035203857676700034,-0.0667713767743989,-0.10446972420147824,0.07661933470435194,0.026498541616475454,0.37580655121004813,-0.05191256310821277,0.24332616506335109,-0.22104741240117862,0.037956224756893704,-0.056352539182706815
899,-0.003736830419748474,0.0,0.004277453503782944,-0.037055309438239904,0.008693013945579722,-0.18812992719618885,0.2584989306742889,-0.1955965320989345,0.43290228266569625,-0.04136721309308894,0.427850619602083,0.018331997997589385,0.010811642560824486,0.0,0.0,0.0,0.0,0.2469722377666673,0.028365197761890316,-0.04952478203035328,0.11165119675195023,0.04149540819606239,-0.24042772284832095,0.08219254753455428,-0.40307300383416134,0.11959916781301039,0.014929813290601583,-0.04377286958811857,0.6476767388573874,-0.46355125024920013,-0.029504323400247938,0.030150006191854418,0.008585289888753761,0.46831681548284887,-0.1858267229147465,-0.035517627010416775,-0.6513314100868385,0.5321307235126855,0.15464620317742767,-0.09402113683277499,0.0,0.0,-0.01110712888808285,-0.31694888145276734,-0.012475648143303255,-0.010289331235644381,0.3032730616022227,-0.04071146053582487,0.14329913446075868,-0.6020367709504125,0.8669542397923615,0.04207006966435203,-0.027939957438813497,0.016878103641489048,-0.06492896073588686,0.004355399261457314,-0.005483145393865861,0.636893333885229,-0.06936461075379499,-0.1564134684524528,0.03411405163109797,0.1416678744158509,-0.03209444218046591
1250,-0.002106384111798483,0.0,0.0005349600251335389,0.03608975515000804,0.062102720509237215,-0.14667620634536804,0.09893977733617873,0.30851505970299875,0.4040724023837477,0.1683442283823615,0.16995535519722413,-0.01628636333080585,0.049342309252670316,0.0,0.0,0.0,0.0,0.06972102690210914,0.08075626853833645,0.03267247929851115,0.051228137475544035,0.0052010200899521505,0.9719567097563646,0.042282603463629914,0.141328033559175,0.10896746821389836,0.03799885067418,-0.0019421460034456108,0.28077782200528567,-0.1647416673962581,0.04467603215466769,0.006201202812519116,0.037500155009510476,0.4732225993991393,0.9043328240527665,0.15829651811766962,1.90852694275952,0.2108540358238324,0.08561811273112005,0.006790865681264996,0.0,0.0,0.6932104715490794,1.7225062026709004,-0.004678217916100675,0.03127576698685182,0.28346230495806574,0.02421252621801549,0.09562810161515992,0.4801714383189911,-0.0837293622164791,0.04017683669052564,-0.007140190715889392,-0.02792478353055283,0.0012458985957458947,0.06331652423676586,0.011957932130945618,0.42539308771133877,0.007690526530266755,-0.03662495209078953,0.0955546704533331,0.41959184328444715,0.2503139106545916
1251,-0.002106384111798483,0.0,0.0005349600251335389,0.03608975515000804,0.062102720509237215,-0.147022676524551,0.1791995261953465,0.35140825781576973,0.4098324180987591,0.1683442283823615,0.16897829668546652,-0.01628636333080585,0.0501734781753449,0.0,0.0,0.0,0.0,0.06972102690210914,0.08075626853833645,0.03346361203209122,0.0530052380050898,0.10002201362114506,0.9717810113020877,0.042282603463629914,0.15209238324471644,0.10927262662077408,0.03779497829586485,0.0028342624887499547,0.28077782200528567,-0.16301637834044236,0.045422278161244424,0.0033164195517126293,0.037500155009510476,0.4732225993991393,0.8888574251172626,0.27294705521873175,1.8729478873141283,0.21307712678991597,0.08561811273112005,0.0073193102192768734,0.0,0.0,0.6932104715490794,1.5442052519419676,-0.003078308807260375,0.031776527936386426,0.35165679560650653,0.025363884591874077,0.09612886256469452,0.511816883818684,-0.07487178229574708,0.04211422816632655,-0.007140190715889392,-0.025277847137275097,0.03178342012648753,0.06325480576241138,0.011957932130945618,0.4290873848354227,0.007690526530266755,-0.03642076639958841,0.10296191934721624,0.4402213736673775,0.24792988834331975
1252,-0.002207443410116113,0.0,0.0005349600251335389,0.03596892845590772,0.061938772111215,-0.13567427763761802,0.1882445302611943,0.32042511784972894,0.43672900735557624,0.18359094488542385,0.17309835208076485,-0.015743137076227178,0.04860251999673127,0.0,0.0,0.0,0.0,0.06972102690210914,0.08138349730766906,0.037012894478272204,0.06681013919186786,0.024306251354939867,0.9109924555299587,0.03750973261619671,0.15968220112200163,0.11319859700453386,0.03807739247842054,0.003451842087180106,0.27846053389754094,-0.14860592638639608,0.04500184949658347,0.008473200976257382,0.03779130172163896,0.4863944575665156,0.9113550004740176,0.44997003570234956,1.872412843695648,0.23484801481069847,0.08561811273112005,0.006790865681264996,0.0,0.0,0.6970116685447378,1.5463913078223714,-0.004678217916100675,0.03127576698685182,0.34309024999687776,0.026429750086711206,0.09129856807583386,0.5231332502104835,-0.08993570051906412,0.04206460436216051,-0.011140877387093571,-0.0275546462471544,-0.004708213422729589,0.06270793645177448,0.00840444899556375,0.43162760269800565,0.007734022740552428,-0.04236650712168101,0.10028887473473558,0.437759704956473,0.24211854212672967
1253,-0.002207443410116113,0.0,0.0005349600251335389,0.03596892845590772,0.062102720509237215,-0.18179070635619296,0.18722607002236455,0.36215501994570193,0.4182564700771793,0.1852538929632618,0.17309835208076485,-0.015305840162946038,0.04943368891940585,0.0,0.0,0.0,0.0,0.06972102690210914,0.08075626853833645,0.03245819800118134,0.06681013919186786,0.10104845133694743,0.9109924555299587,0.03750973261619671,0.16395524560737115,0.11348937624305087,0.03799885067418,0.003440168149710213,0.28032176215480203,-0.1469619026594568,0.04550925075408364,0.007369103148447348,0.03779130172163896,0.4884332545906381,0.9117922973872987,0.4459341341083218,1.8712930306866766,0.23484801481069847,0.08561811273112005,0.006790865681264996,0.0,0.0,0.6970116685447378,1.5463913078223714,-0.004678217916100675,0.03127576698685182,0.34309024999687776,0.025325652258901172,0.09019447024802382,0.5153356818169679,-0.08993570051906412,0.04417769429223831,-0.011140877387093571,-0.024907709853876667,-0.004708213422729589,0.06270793645177448,0.008876715022530146,0.43162760269800565,0.007052648857570777,-0.04236650712168101,0.10769612362861872,0.437759704956473,0.24210331394343476
1254,-0.002207443410116113,0.0,0.0002609279571423519,0.03594655122123791,0.062102720509237215,-0.18309328400809977,0.11231563345655515,0.36215501994570193,0.4371034187155062,0.19088293215348281,0.16144542989795113,-0.01583677469246866,0.04943368891940585,0.0,0.0,0.0,0.0,0.06972102690210914,0.08075626853833645,0.03386082560482399,0.06652641693620287,0.10171153967985287,0.9631850989111895,0.03750973261619671,0.16408375127854574,0.11315038112536384,0.02988530909999957,0.002269466123695305,0.27895506181193563,-0.14734488260115874,0.04583209587538071,0.01188061182787325,0.03807693441290735,0.49575305555411725,0.9495322433736985,0.28039986919576265,1.9606086212545586,0.18895285268819761,0.09015522612798837,0.00578096563986007,0.0,0.0,0.6969884955158792,1.808556951041766,-0.004678217916100675,0.030878729407982645,0.29350387559241065,0.023224612976561806,0.08959666672416189,0.5269608393232815,-0.11268122004627026,0.04264781599067345,-0.011365134916357449,-0.024907709853876667,-0.11908896188210087,0.06094838199363825,0.00813371362530819,0.42299904893343515,0.007009152647285104,-0.05084475472908814,0.10769612362861872,0.44363991879286196,0.26356494278793224
1255,-0.002106384111798483,0.0,0.000961218546809431,0.03925763628486031,0.06513442206996274,0.2931606051505035,0.08519331307881557,0.30185438380354845,0.35491337756058405,0.1897684063537899,0.17853097703817433,0.07997459929177168,0.0513052543196134,0.0,0.0,0.0,0.0,0.07398025422521548,0.07665022005838534,0.026940056122215464,0.06285669303605948,0.1046795210417507,0.9344120885419882,0.04077853268108563,0.23151374253467252,0.09632512613280067,0.022304468909930146,0.006356277055756473,0.2549631809579544,-0.1725008973574294,0.013996730948238797,0.009997307955577225,0.028064585652412304,0.4735719055324606,0.8920338180500071,0.0507855947747856,1.9640224035522797,0.1661207652222731,0.08796217493393609,0.006027863126940049,0.0,0.0,0.7036689046121726,1.843489667580068,-0.003918970175329292,0.03258772434623793,0.2501568118580966,0.052942455442738096,0.08258134502195152,0.5566139949961588,-0.09906125484976412,0.03666902049548616,-0.0049274665799676366,-0.013737345076041855,-0.10669445506582143,0.05923312387063641,0.011713601278526236,0.4329948548411628,0.0013772533435247286,-0.010255688507862418,0.06008259709810848,0.32205731772242924,0.23501680329502792
1256,-0.002207443410116113,0.0,0.000961218546809431,0.035939707829844424,0.06513442206996274,0.2930631292663209,0.08419192569420791,0.29905025512778516,0.35771675205148096,0.1887386694891571,0.17807811983077418,0.07997459929177168,0.04814792591420792,0.0,0.0,0.0,0.0,0.06718837918524076,0.07568031970361247,0.026940056122215464,0.06301513793686697,0.1060942082645533,0.9344120885419882,0.036657120636690015,0.227369879773878,0.09945229399532554,0.022304468909930146,0.006314202670038415,0.2576618100710696,-0.17059747018784685,0.012775356038627667,0.010046224133819542,0.028176057247081453,0.4809206147089373,0.8908831877888668,0.05103897412761572,1.9612840933159983,0.1737085330981417,0.08796217493393609,-0.002515084627403582,0.0,0.0,0.706666277071095,1.8510774354559365,-0.003918970175329292,0.031876983390803984,0.2528339769602879,0.052397583944821975,0.08209647965523487,0.5485658696361405,-0.12807020196904023,0.036850746643305114,-0.0049274665799676366,-0.011207063286941132,-0.10572722810183487,0.05893676436828614,0.008500355385517733,0.42631384115907295,0.0013772533435247286,-0.022304770497511447,0.11138076972871487,0.3297902459199063,0.234309728480056
1257,-0.002207443410116113,0.0,0.0024034459808034456,0.03608460460613858,0.06499508007304178,0.2531237708661547,0.09223586568281822,0.30606186460774737,0.35025168095614556,0.18036232710330471,0.1741487535395209,0.07959623039303716,0.022764764064253033,0.0,0.0,0.0,0.0,0.05389774699466137,0.04183707221272916,0.026940056122215464,0.05008009554218114,0.09707472155832877,0.9282117528947391,0.036319052673504354,0.20906312363617688,0.10223509281170028,0.022760383873399286,-0.03990412232117417,0.2703514746544413,-0.18430533280335779,0.051658931526432646,0.011589027373004355,0.027895929006209366,0.47487715965388766,0.8929528389595882,-0.11122770817257616,1.9549676639242795,0.15711049006564196,0.08796217493393609,0.006027863126940049,0.0,0.0,0.7008202677175736,1.882155850530764,-0.003918970175329292,0.031876983390803984,0.242219552586833,0.05280069121210907,0.08701102915748704,0.5459745201781737,-0.1299881698963212,0.03587331269536816,-0.008637578283716406,-0.011721524514503033,-0.08840309840420738,0.04186307029537199,0.008220288422140195,0.43108469381656095,0.0014738379610291497,-0.021383250440400074,0.07831291629199835,0.38944007892419186,0.23781478153591404
1258,-0.002207443410116113,0.0,0.000961218546809431,0.03594655122123791,0.06513442206996274,0.2634888255199922,0.08829651231378982,0.3050134580170375,0.352142546364587,0.18656587874945205,0.18417056454533312,0.08238211697636663,0.050034536500003085,0.0,0.0,0.0,0.0,0.06761432114261062,0.07775341736595576,0.02671085301537706,0.063298158076391,0.12046491257603972,0.9468373057895527,0.03616401919048742,0.23888621969759463,0.09821670666363372,0.030879418220772104,-3.938440254558937e-05,0.2591226466519458,-0.14293006874060396,0.015006033212721608,0.01005258991671474,0.028064585652412304,0.47615465604505325,0.8439446752089264,0.27050137173475564,1.9484708740524548,0.20403488358011249,0.08738856909943787,0.006081482983847888,0.0,0.0,0.698203376861326,1.767131297910133,-0.003918970175329292,0.031876983390803984,0.28847134985825856,0.04637799356728458,0.07896159328983621,0.5617547884835863,-0.09674549839128889,0.040601025556793326,-0.00496596225435653,-0.011208852505878232,-0.11798489512416926,0.05986772769656151,0.008632384170110764,0.41403595258174836,0.005716978298654574,-0.005766447255864246,0.10112978988282173,0.36940708582681314,0.23664612468253296
1259,-0.002207443410116113,0.0,0.000961218546809431,0.039136809590759984,0.06513442206996274,0.22685749250236784,0.08825144857613008,0.3172485517956897,0.34587232408877316,0.18922351980733265,0.17893809909826042,0.08103941760930769,0.053451017221556145,0.0,0.0,0.0,0.0,0.07431832218840113,0.07765350927032945,0.02709171024528457,0.06285669303605948,0.12046491257603972,0.9344120885419882,0.036657120636690015,0.23086180723753946,0.10175449710478011,0.03075930936607785,0.004230302649819386,0.2699075026791313,-0.17982926202826788,0.016877362308701835,0.009997307955577225,0.028064585652412304,0.48291675133162965,0.8482205478689813,0.2576952333960556,1.9534457963278549,0.17315659595831387,0.08757078230382592,0.006034535535254515,0.0,0.0,0.7038878653094441,1.8505254983161088,-0.003918970175329292,0.03258772434623793,0.2934241883247434,0.046719606547771735,0.08160941251340059,0.5587925192475407,-0.12178941803138602,0.038494643248591344,-0.005435386566582431,-0.011207063286941132,-0.11704846415007722,0.05948838957092409,0.008632384170110764,0.42917293397999473,0.005716978298654574,0.005685264944948123,0.07318497555319989,0.3853117268846845,0.23997156181312865
1260,-0.002207443410116113,0.0,0.000961218546809431,0.035939707829844424,0.06499508007304178,0.30274815189677984,0.08346920563444016,0.30933037725122164,0.35771675205148096,0.18922353485587376,0.17786988496508174,0.07997459929177168,0.04686382140492024,0.0,0.0,0.0,0.0,0.06685031122205509,0.07584947820654889,0.026940056122215464,0.06315457869559646,0.10602774941976313,0.9344120885419882,0.036319052673504354,0.21884379636116216,0.09810565325211223,0.022027098332001643,0.0056610276824594135,0.26259374553530157,-0.16899664071115023,0.012617129445926615,0.011323432734041034,0.028176057247081453,0.4803927779544295,0.8944927794036814,0.05085578673798003,1.9642032790248793,0.17482479504101403,0.08796217493393609,-0.002515084627403582,0.0,0.0,0.7078947211377059,1.8539110247521604,-0.003918970175329292,0.031876983390803984,0.2536706141813813,0.053003949729538036,0.08331695668087341,0.5488161567889441,-0.1279519000630516,0.036850746643305114,-0.005229630977033469,-0.011204061645996568,-0.10616040368963266,0.058650467009692175,0.008088259637547165,0.4265083376097623,0.0013772533435247286,-0.05400472321697647,0.11119100093739266,0.3343779944485284,0.234309728480056
1261,-0.002207443410116113,0.0,0.000961218546809431,0.035939707829844424,0.06513442206996274,0.2248951404130905,0.0872500611915224,0.3536055171652682,0.3493569894987491,0.18867864830941652,0.17827700702516783,0.08103941760930769,0.048619480299856604,0.0,0.0,0.0,0.0,0.06718837918524076,0.07668360891555658,0.02709171024528457,0.06301513793686697,0.12046491257603972,0.9344120885419882,0.036657120636690015,0.23056430331475158,0.10037860024440333,0.030481938788149348,0.0029759156369962964,0.2727470169408661,-0.17797230693290828,0.015497760806389644,0.010046224133819542,0.028176057247081453,0.47752704511160726,0.8504543033674918,0.25847047851912186,1.9541969286912375,0.1737085330981417,0.08757078230382592,-0.0025084122190891164,0.0,0.0,0.7063957162347406,1.852794762809288,-0.003918970175329292,0.031876983390803984,0.2969379906480282,0.046174735049855614,0.08098165603645976,0.5650765258109047,-0.12959474086560338,0.03867636939641029,-0.005435386566582431,-0.011207063286941132,-0.11746550734661157,0.05890573270997984,0.008500355385517733,0.43100943732903746,0.005716978298654574,-0.04967362271974598,0.1010293299674054,0.39740719775562,0.2392644869981567
1262,-0.002207443410116113,0.0,0.000961218546809431,0.03914267545184142,0.06513442206996274,0.26381733634371146,0.08354741723392727,0.32086477858221846,0.3271973565488808,0.18306903905514016,0.18179297365877362,0.08222777020396604,0.052234767526235446,0.0,0.0,0.0,0.0,0.0752547836158134,0.07888458168157006,0.02709171024528457,0.06193239607836364,0.11984855473057168,0.9243206841771375,0.03616401919048742,0.231101766098153,0.09826302312792894,0.03612489019042203,0.0037363858265469416,0.25643933335467445,-0.13982929814004938,0.01430219437074281,0.006109636231392983,0.028054386626674,0.4927839480829193,0.835564809877077,0.3805811466912103,1.9566881388774944,0.23208617765256612,0.08501705065194277,-0.002461464770495747,0.0,0.0,0.7007112277866225,1.7683510446246147,-0.003918970175329292,0.03298476192510712,0.288625893435634,0.041172019563844864,0.07977098399402842,0.521829191948561,-0.09795454298135792,0.040419299408974374,-0.0052540247912685085,-0.011207063286941132,-0.1183643941921024,0.06004272565019844,0.008500355385517733,0.41391555003789166,0.005760474508940247,-0.04249300465379489,0.07287959253587264,0.36649266456864615,0.23472630892504273
1263,-0.002207443410116113,0.0,0.000854544581293998,0.035952417082319346,0.06513442206996274,0.15720251875500643,0.1607734757223684,0.3130313717797714,0.3238893508034572,0.17010426659870528,0.16603031733243348,0.08222777020396604,0.0498280421984365,0.0,0.0,0.0,0.0,0.06812484061265303,0.07791468132679719,0.04111642237939887,0.06269449952778106,0.11423673370257834,0.9592516149155167,0.036477410030339344,0.23053215788968762,0.10214736231593571,0.03612489019042203,0.008804244957221052,0.2712629109630546,-0.14384841843304527,0.013793348777393447,0.006674434201402143,0.027763239914545514,0.4802957051244632,0.800724545422946,0.4329225712920768,1.9561228062342682,0.2351919340317615,0.08501705065194277,-0.0024673092041338045,0.0,0.0,0.6988091670080546,1.5613485018272202,-0.003918970175329292,0.03227402096967317,0.3493600833579066,0.041575247922358366,0.07866835365176619,0.5172389313259292,-0.09335448666091123,0.040578577536518,-0.0052540247912685085,-0.009093723974012228,-0.11769306343836292,0.06061891733477499,0.008632384170110764,0.411676803954133,0.005760474508940247,-0.0029544538084127284,0.09648837638276012,0.37653501749872065,0.2393363147692871
1264,-0.002207443410116113,0.0,0.000961218546809431,0.035939707829844424,0.06513442206996274,0.299877653756839,0.08410480931127218,0.31473277598528715,0.3493569894987491,0.18770335962555904,0.17827700702516783,0.08103941760930769,0.048490511507747705,0.0,0.0,0.0,0.0,0.05423581495784704,0.07672770981174554,0.026940056122215464,0.06301513793686697,0.11449033303882743,0.9344120885419882,0.036657120636690015,0.2284947753065318,0.09659566464551725,0.03013217709383097,-0.022463345132168924,0.2601857606262407,-0.1721641174923845,0.0155134527905337,0.010046224133819542,0.028176057247081453,0.4888707898122242,0.8508715575462822,0.17079391459885324,1.954614182870028,0.1737085330981417,0.08796217493393609,-0.0025142566527271773,0.0,0.0,0.7063957162347406,1.852794762809288,-0.003918970175329292,0.031876983390803984,0.2711026513825553,0.04637799356728458,0.08067853210539326,0.5644016101539124,-0.130015315595535,0.038734092216275495,-0.005435386566582431,-0.011207063286941132,-0.11711457317708834,0.0594123896388952,0.008632384170110764,0.43791720758018043,0.005716978298654574,-0.05530130991966003,0.10112978988282173,0.35210307129331997,0.23668789445086255
1265,-0.002207443410116113,0.0,0.000961218546809431,0.035952417082319346,0.06513442206996274,0.24449157786010325,0.08282624148507362,0.2984288332032978,0.31686429925342285,0.16856475365660753,0.18262255153567158,0.08222777020396604,0.050026848703262274,0.0,0.0,0.0,0.0,0.06761432114261062,0.07775341736595576,0.02671085301537706,0.063298158076391,0.11423673370257834,0.9201401481532098,0.036477410030339344,0.2381179261903759,0.09895843047264956,0.03673496368012334,0.004455760670085429,0.2579263048892746,-0.1406943241215277,0.014402331052477723,0.006680799984297339,0.027763239914545514,0.47646695620416313,0.8012530225345359,0.4126259938446738,1.9532263207581126,0.2351919340317615,0.08501705065194277,0.006081482983847888,0.0,0.0,0.6963013160827581,1.7420365859022615,-0.003918970175329292,0.03227402096967317,0.30302425148932366,0.04062714806592874,0.07774355763805757,0.4803900684588071,-0.08949313055356124,0.040605884040987895,-0.00496596225435653,-0.009095513192949328,-0.11709304158191672,0.060898247885459854,0.008632384170110764,0.4093614034630544,0.005760474508940247,-0.0008395262301726305,0.09658883629817644,0.3584006972870393,0.23675972222199296
1266,-0.002207443410116113,0.0,0.000854544581293998,0.035939707829844424,0.06513442206996274,0.0872142630454617,0.08423431501614745,0.35014053343985263,0.3492162347225009,0.18875274820269936,0.15443726754417575,0.08103941760930769,0.04744312139961463,0.0,0.0,0.0,0.0,0.06718837918524076,0.07647667547766865,0.04107371581432707,0.06301513793686697,0.11449033303882743,1.0147097234776028,0.036657120636690015,0.22456439185150967,0.10065019073471289,0.03038344413297123,0.004871053739647028,0.2738602799707667,-0.17717516689926166,0.015444268588060013,0.010046224133819542,0.028176057247081453,0.5100787308854803,0.860230342732035,0.1454866788064092,1.9616600109347202,0.1737085330981417,0.087558441125646,-0.0026313840822546897,0.0,0.0,0.7063957162347406,1.852794762809288,-0.003918970175329292,0.031876983390803984,0.2432019200824535,0.046174735049855614,0.08126688143065716,0.564372069188015,-0.14162944978827804,0.038874809039107304,-0.005435386566582431,-0.011207063286941132,-0.11051846834302645,0.05890573270997984,0.008632384170110764,0.43748429048447207,0.004669588190521499,-0.06701777222703974,0.10028686531513398,0.3694718330262603,0.2392644869981567
1267,-0.002207443410116113,0.0,0.000961218546809431,0.035939707829844424,0.06513442206996274,0.28907827769380096,0.08451147526095468,0.3012658051285471,0.35012542476183023,0.18721323526060166,0.18133036077788312,0.08103941760930769,0.04895402005455837,0.0,0.0,0.0,0.0,0.06667785971519834,0.07551905574277104,0.026559198892307956,0.06361879648547691,0.11449033303882743,0.9372019431353538,0.036657120636690015,0.2387832024384148,0.09894177452528313,0.03074225058353228,0.018187861520676356,0.25880819105857095,-0.1740210725877441,0.01502172519686566,0.01005258991671474,0.028176057247081453,0.48076215735680194,0.8531973181533656,0.15979494057256843,1.956803553015838,0.1737085330981417,0.08796217493393609,0.008307518615452873,0.0,0.0,0.7040783387999714,1.8143331335512523,-0.003918970175329292,0.031876983390803984,0.27609205125968933,0.04637799356728458,0.08096984189388935,0.5610503318606965,-0.12392119693652003,0.038734092216275495,-0.005147324029670452,-0.011208852505878232,-0.10978100279663523,0.05918506326066471,0.008632384170110764,0.43327523839063925,0.004669588190521499,-0.01439826729590224,0.10112978988282173,0.35236138591157423,0.23668789445086255
1268,-0.002207443410116113,0.0,0.000961218546809431,0.035939707829844424,0.06499508007304178,0.30274815189677984,0.08368425364857027,0.3153394885941608,0.35771675205148096,0.18922353485587376,0.17786988496508174,0.07997459929177168,0.04640586258394689,0.0,0.0,0.0,0.0,0.06685031122205509,0.07568031970361247,0.026940056122215464,0.06315457869559646,0.1046795210417507,0.9344120885419882,0.036319052673504354,0.22059494158139697,0.09785536609930871,0.022027098332001643,0.00564828786047387,0.2614403962943946,-0.17050613506589726,0.012617129445926615,0.011073145581237512,0.028176057247081453,0.48052480673902254,0.8946248081882746,0.05008902601772292,1.9661576920028374,0.17482479504101403,0.08796217493393609,-0.002520929061041643,0.0,0.0,0.7061767555374691,1.8539110247521604,-0.003918970175329292,0.031876983390803984,0.2536706141813813,0.053003949729538036,0.08331695668087341,0.5628980015595229,-0.12889905365266272,0.036850746643305114,-0.0049274665799676366,-0.011204061645996568,-0.10697946947776274,0.058650467009692175,0.008220288422140195,0.43477400902179936,0.0013772533435247286,-0.05443989350817172,0.08792695151231399,0.3345100232331214,0.234309728480056
1269,-0.002207443410116113,0.0,0.000961218546809431,0.035939707829844424,0.06513442206996274,0.2559202495542126,0.08350927874942832,0.30920087042668537,0.3563579298860504,0.1887386694891571,0.17786988496508174,0.07997459929177168,0.04814792591420792,0.0,0.0,0.0,0.0,0.06718837918524076,0.07568031970361247,0.026940056122215464,0.06361879648547691,0.1060942082645533,0.9344120885419882,0.036657120636690015,0.22727322342056147,0.10202888654261971,0.022027098332001643,0.0060917042821153015,0.2705082917798923,-0.1758259954617666,0.011679774548972966,0.010046224133819542,0.028176057247081453,0.48196343914119655,0.8874767487714974,0.058583023187917506,1.9552893681937387,0.1737085330981417,0.08796217493393609,-0.002409542846356882,0.0,0.0,0.7076444339849024,1.8510774354559365,-0.003918970175329292,0.031876983390803984,0.2528339769602879,0.05219432542739301,0.08197188709180318,0.548536328670243,-0.12282876915739224,0.036850746643305114,-0.0049274665799676366,-0.011207063286941132,-0.10938743283077233,0.05893676436828614,0.008632384170110764,0.4246793321963844,0.0013772533435247286,-0.019428827909893375,0.11138076972871487,0.3444828145464772,0.23688632102735016
1270,-0.002207443410116113,0.0,0.000854544581293998,0.035939707829844424,0.06499508007304178,0.0914188476015345,0.08381375935344554,0.3152742914736394,0.35757599727523276,0.18922353485587376,0.15443726754417575,0.07997459929177168,0.047689967093234566,0.0,0.0,0.0,0.0,0.06685031122205509,0.07647667547766865,0.04107371581432707,0.06315457869559646,0.1046795210417507,1.0147097234776028,0.036319052673504354,0.22088655114224134,0.10186629231865539,0.022278365371141903,0.006078964460129757,0.27018298017468856,-0.17656657304991474,0.012547945243452931,0.011073145581237512,0.028176057247081453,0.5068097713810474,0.89101521657346,0.037908178757205445,1.9642654277413742,0.1737085330981417,0.087558441125646,-0.002520929061041643,0.0,0.0,0.7061767555374691,1.8510774354559365,-0.003918970175329292,0.031876983390803984,0.22545261970933245,0.05280069121210907,0.08348367390593782,0.5628684605936254,-0.14149244437950073,0.03699146346613692,-0.0049274665799676366,-0.011545131250126793,-0.10711691316770776,0.058650467009692175,0.008220288422140195,0.4366676606245536,0.0013772533435247286,-0.027833649387243777,0.08718448686004257,0.3482691933512471,0.23688632102735016
1271,-0.002207443410116113,0.0,0.0022550760485884366,0.03608460460613858,0.06499508007304178,0.313056306904308,0.083771370031506,0.3153394885941608,0.35771675205148096,0.18200431310310342,0.17275019886935483,0.07997459929177168,0.021480659554965358,0.0,0.0,0.0,0.0,0.06685031122205509,0.07568031970361247,0.026940056122215464,0.06315457869559646,0.1046795210417507,0.9344120885419882,0.036319052673504354,0.2255524044187086,0.09785536609930871,0.022027098332001643,0.00564828786047387,0.26011805244497715,-0.17050613506589726,0.012617129445926615,0.011073145581237512,0.028176057247081453,0.4803927779544295,0.8944927794036814,0.10058616708343474,1.9525994222852157,0.1737085330981417,0.08796217493393609,-0.002515084627403582,0.0,0.0,0.7061767555374691,1.8412958007133353,-0.003918970175329292,0.031876983390803984,0.2536706141813813,0.053003949729538036,0.08331695668087341,0.5628980015595229,-0.1293734528729568,0.036850746643305114,-0.0049274665799676366,-0.011545131250126793,-0.10711149826235578,0.058650467009692175,0.008088259637547165,0.4348313581902055,0.0013772533435247286,-0.05443989350817172,0.08792695151231399,0.3343779944485284,0.234309728480056
1272,-0.002207443410116113,0.0,0.000961218546809431,0.035939707829844424,0.06513442206996274,0.25458616313808063,0.08359639513236403,0.34395792552823395,0.35771675205148096,0.18922353485587376,0.17786988496508174,0.07997459929177168,0.04686382140492024,0.0,0.0,0.0,0.0,0.06685031122205509,0.07568031970361247,0.026940056122215464,0.06301513793686697,0.1060942082645533,0.9344120885419882,0.036319052673504354,0.22404883321687347,0.1006872172390191,0.022027098332001643,0.004904876499580885,0.27411788339470683,-0.17599202592498686,0.012617129445926615,0.010046224133819542,0.028176057247081453,0.4803927779544295,0.8944927794036814,0.05239337177193557,1.9631763575774615,0.1737085330981417,0.08796217493393609,-0.002515084627403582,0.0,0.0,0.7076444339849024,1.852794762809288,-0.003918970175329292,0.031876983390803984,0.2536706141813813,0.05219432542739301,0.08182899598157901,0.548536328670243,-0.12835476023214656,0.036850746643305114,-0.0049274665799676366,-0.011545131250126793,-0.10616040368963266,0.058650467009692175,0.008500355385517733,0.4265083376097623,0.0013772533435247286,-0.06162051157412281,0.11119100093739266,0.3472244761573512,0.23688632102735016
1273,-0.002207443410116113,0.0,0.000961218546809431,0.035939707829844424,0.06513442206996274,0.30274815189677984,0.08419192569420791,0.3159335408255421,0.3501094771799147,0.18875274820269936,0.17786988496508174,0.08103941760930769,0.04747110904044493,0.0,0.0,0.0,0.0,0.06718837918524076,0.07568031970361247,0.026940056122215464,0.06301513793686697,0.11449033303882743,0.9344120885419882,0.036657120636690015,0.22952591161345592,0.09811062469172493,0.03013217709383097,0.005627204922525556,0.26011805244497715,-0.17111472891524418,0.014481927124255072,0.010046224133819542,0.028176057247081453,0.4836617374588623,0.8600306057661784,0.16962149649814715,1.9614602739688636,0.1737085330981417,0.08796217493393609,-0.002403698412718821,0.0,0.0,0.7063957162347406,1.852794762809288,-0.003918970175329292,0.031876983390803984,0.2548151760058216,0.052397583944821975,0.08172792068253358,0.5644016101539124,-0.1293734528729568,0.038734092216275495,-0.005435386566582431,-0.011207063286941132,-0.11051305343767447,0.05890573270997984,0.008500355385517733,0.435647988050124,0.0013772533435247286,-0.05150004086500181,0.1010293299674054,0.35156090050834876,0.23668789445086255
1274,-0.002207443410116113,0.0,0.000961218546809431,0.0391299661993665,0.06513442206996274,0.2557067902591778,0.08456629548713691,0.35110280668346394,0.3563579298860504,0.1897684063537899,0.17786988496508174,0.07997459929177168,0.05002114981032573,0.0,0.0,0.0,0.0,0.07431832218840113,0.07665022005838534,0.026940056122215464,0.06225303448744956,0.1046795210417507,0.9344120885419882,0.036657120636690015,0.22613804640029392,0.1006872172390191,0.022027098332001643,0.004892136677595342,0.273509405651716,-0.1775015202797339,0.011679774548972966,0.009997307955577225,0.028176057247081453,0.4911621689348506,0.8909543116017189,0.058077872684843115,1.9646505323383854,0.1737085330981417,0.08796217493393609,-0.002403698412718821,0.0,0.0,0.7061767555374691,1.852794762809288,-0.003918970175329292,0.03258772434623793,0.2501568118580966,0.05273919692530913,0.08182899598157901,0.5628684605936254,-0.12959474086560338,0.03666902049548616,-0.0049274665799676366,-0.011207063286941132,-0.11065269396813764,0.058650467009692175,0.008500355385517733,0.4370090571142054,0.0013772533435247286,-0.06162051157412281,0.06008259709810848,0.34796037737669877,0.23688632102735016
1275,-0.002207443410116113,0.0,0.0005349600251335389,0.036138852193165524,0.062102720509237215,-0.1698223094300803,0.13712860039297997,0.3474742483121903,0.3893983977515978,0.17345159991968728,0.1829587343995169,-0.016007381098786185,0.050777621492421106,0.0,0.0,0.0,0.0,0.05813380964903257,0.08136041185541266,0.03154928722508182,0.04822571023951947,0.10093299270486872,0.9978964662707226,0.04121988237268394,0.15086370012851225,0.11167836830303877,0.03778609540794477,-0.024426399294350247,0.29826014435785075,-0.006463369618612539,0.05136275079160823,0.006201202812519116,0.03833749598396354,0.49241196911660007,0.9033142225762191,0.2816476820520078,1.8007877845770786,0.23461049290328762,0.08532268461498378,-0.0017579265067166959,0.0,0.0,0.6499825359875643,1.477459431512465,-0.004572829227168933,0.03414215152063143,0.3519047603733974,0.025348919764525187,0.1263923199159784,0.5198875672330122,-0.0970209829361576,0.041681214918832546,-0.014227191066015577,0.021496236458114652,0.00119995458194287,0.05946624584560455,0.008784774909157425,0.4344316823896819,0.007009152647285104,-0.05547345656881442,0.11105326197358685,0.4526389431062671,0.2503139106545916
1276,-0.002207443410116113,0.0,0.0005349600251335389,0.035952417082319346,0.062102720509237215,-0.14629242459412375,0.18835192794676617,0.37127295434976115,0.40993407897710415,0.1683442283823615,0.16995535519722413,-0.016026414683145744,0.05095985863300696,0.0,0.0,0.0,0.0,0.06972102690210914,0.08075626853833645,0.03361491675884865,0.06592290783675478,0.09932754882950791,0.9243550298660353,0.040666571250758836,0.16277219300311505,0.11219645590237275,0.03779497829586485,0.0028400350006148366,0.2804636078409347,-0.16381883603235786,0.04550925075408364,0.006201202812519116,0.03777558867504056,0.4854331780411307,0.900475321578054,0.3800975346947791,1.8863673680749125,0.24235330623362003,0.08561811273112005,-0.0017579265067166959,0.0,0.0,0.6932104715490794,1.5490211831782872,-0.004678217916100675,0.031776527936386426,0.35190326974154473,0.031035287000581193,0.09988935737768936,0.4940028772183645,-0.09125710799160881,0.04228992662060344,-0.007140190715889392,-0.024237129360046423,0.00048008408610717606,0.06204062065689105,0.008876715022530146,0.42876894993375514,0.007690526530266755,-0.03662495209078953,0.10296191934721624,0.44078500736964543,0.2508146716041262
1277,-0.002207443410116113,0.0,0.0002609279571423519,0.035939707829844424,0.062102720509237215,-0.13713692788491633,0.19216492103143548,0.378932322364481,0.45377715346511255,0.18914216995706865,0.16144542989795113,-0.01583677469246866,0.04943368891940585,0.0,0.0,0.0,0.0,0.05676846267471542,0.08075626853833645,0.03841552208191485,0.06575871600756793,0.10719958267725806,0.9891248554255475,0.040353180410906915,0.15845216522197056,0.11176511195191427,0.02988530909999957,-0.019483337690165196,0.27709383355467454,-0.14959727854193702,0.04583209587538071,0.01188061182787325,0.038188406007576496,0.49628298041034585,0.948513641897151,0.2852692341623905,1.9632015090531163,0.18950478982802543,0.09015522612798837,-0.002767826548121622,0.0,0.0,0.6969884955158792,1.6282567617265273,-0.004678217916100675,0.030878729407982645,0.33918943249597006,0.024375971350420394,0.09418401919923874,0.5716880679570341,-0.11114848598870522,0.04264781599067345,-0.011365134916357449,-0.024907709853876667,-0.11908896188210087,0.06042744360704848,0.00813371362530819,0.4261392721781531,0.007690526530266755,-0.055167632324307284,0.10769612362861872,0.4470424534932949,0.26356494278793224
1278,-0.002207443410116113,0.0,0.0005349600251335389,0.039329110562687605,0.062102720509237215,-0.17213609443002698,0.057739405052899546,0.3600438901070697,0.37800272762500775,0.16826274916699044,0.18335915301660438,0.010042395285793456,0.059155797554666954,0.0,0.0,0.0,0.0,0.07363948193880786,0.08191710161441393,0.031850756759298764,0.04803436688046599,0.10114883301224974,0.9721527289481343,0.03682411663023967,0.15868155216798188,0.12315479082128493,0.03758222302962962,-0.0026896461414164406,0.3099338038618446,0.0285097748950651,0.051052854417637454,0.004284475923911797,0.043405788439512025,0.4957890772726496,0.9084898490465672,0.27658845309686186,1.7995978136717687,0.24049440505744601,0.08532268461498378,-0.0017147953556601813,0.0,0.0,0.6499825359875643,1.6272228020654447,-0.004572829227168933,0.03577178366203694,0.3116027390557797,0.03318655713844029,0.12363327730433976,0.4491036186841887,-0.10680599278868995,0.03581566854408544,-0.014227191066015577,0.041048914071531446,0.0006665499382074779,0.06056787857879637,0.008784774909157425,0.43620764834474657,0.005528663538747499,-0.051062960972577315,0.057394925700381814,0.4176914195822094,0.2508146716041262
1279,-0.002207443410116113,0.0,0.0012511346641437084,0.035939707829844424,0.062102720509237215,-0.13713692788491633,0.1125015831279216,0.3782132923855849,0.4273697920203902,0.18965338643147353,0.16410926969245995,-0.015811499748925116,0.05022006937706792,0.0,0.0,0.0,0.0,0.06972102690210914,0.08075626853833645,0.03935795954225235,0.06684668919416661,0.12025831999116968,0.9863719976764167,0.04084628185710951,0.16607179317060664,0.11349923972322408,0.030401141743909663,0.002099708149707992,0.27915387557563626,-0.1489463827120001,0.04584410074289617,0.01188061182787325,0.038188406007576496,0.4937142585299947,0.9415763945944297,0.341872529413049,1.958634477679375,0.17374681642101797,0.09015522612798837,-0.002767826548121622,0.0,0.0,0.6969884955158792,1.7750143463079864,-0.004678217916100675,0.030878729407982645,0.30288847304763017,0.028934247718241827,0.09466777019190856,0.5381609424172301,-0.13985691859150137,0.04264781599067345,-0.011365134916357449,-0.024907709853876667,-0.11908896188210087,0.06042744360704848,0.00813371362530819,0.4407291275543263,0.007690526530266755,-0.05084475472908814,0.10769612362861872,0.4405425031038544,0.2636678503616064
1280,-0.002207443410116113,0.0,0.0012352506148006182,0.035939707829844424,0.06513442206996274,0.27423863257362696,0.0892502980489843,0.3185583079230674,0.355067891508851,0.18726665932879663,0.18643296134650883,0.08172469891123091,0.048619480299856604,0.0,0.0,0.0,0.0,0.06812484061265303,0.07791468132679719,0.025689082641641922,0.06329886019253197,0.12096917231182375,0.9348035986875289,0.036657120636690015,0.23492529447803673,0.0972293089601666,0.030481938788149348,0.000282793779051047,0.26157400252605484,-0.14107311364524439,0.015497760806389644,0.010046224133819542,0.028176057247081453,0.46493563805688376,0.826575702185965,0.34112751489272436,1.8631664371316956,0.18882884731293284,0.08738856909943787,-0.00145740916272888,0.0,0.0,0.7007112277866225,1.7362240440693413,-0.003918970175329292,0.031876983390803984,0.2987825564086175,0.04637799356728458,0.08096987366965051,0.5657181844978062,-0.13005818291038118,0.041888158878763695,-0.0050297672620046325,-0.011207063286941132,-0.039501658691953136,0.05951239721384777,0.00937538556733272,0.4487643845769927,0.005716978298654574,-0.03927079231945734,0.10112978988282173,0.3816580528396501,0.23668789445086255
1281,-0.002207443410116113,0.0,0.000854544581293998,0.03612614294069061,0.06499508007304178,0.01761082720350869,0.08243371076640099,0.3495464812084713,0.41742061319708645,0.19018274253449458,0.16220723662183334,0.07913776335958424,0.04640586258394689,0.0,0.0,0.0,0.0,0.06685031122205509,0.07647667547766865,0.04107371581432707,0.06202049882282656,0.1046795210417507,0.988707505811488,0.03782934051909557,0.21611926915625088,0.10042280318910522,0.020842951051508136,0.0030670951957052803,0.2809958427927116,-0.07302295042745928,0.011253864706523854,0.011073145581237512,0.028737964556004438,0.5080255644763488,0.8944927794036814,0.04520202450703686,1.9657023479702769,0.19566971145474016,0.087558441125646,-0.002515084627403582,0.0,0.0,0.689552610175285,1.7121901488551894,-0.004147531594122179,0.03251061487687653,0.22545261970933245,0.05280069121210907,0.09366361611723027,0.5735021965928391,-0.14049235410644986,0.03670295564488742,-0.004382853315374632,-0.01310494346439529,-0.10791064153773877,0.058650467009692175,0.007881290162465667,0.43672500979295975,0.0013772533435247286,-0.07307403458984571,0.09169326312124622,0.3596413218069944,0.23688632102735016
1282,-0.002207443410116113,0.0,0.0022550760485884366,0.03608460460613858,0.06499508007304178,0.30178778711895565,0.07614102535668467,0.3092918085101282,0.35752277110494796,0.18159473274960472,0.17275019886935483,0.07918519677673286,0.021480659554965358,0.0,0.0,0.0,0.0,0.05389774699466137,0.04183707221272916,0.026940056122215464,0.05043465188334905,0.09515765919007801,0.9281500673078218,0.036319052673504354,0.20967983174475144,0.09778465142452156,0.022027098332001643,-0.020220556201828267,0.26011805244497715,-0.17050613506589726,0.011218338645659165,0.011589027373004355,0.028176057247081453,0.4784958519407888,0.8955438290978555,-0.11574691694567711,1.9527314510698088,0.15711049006564196,0.08796217493393609,-0.002520929061041643,0.0,0.0,0.7061767555374691,1.867301410408909,-0.003918970175329292,0.031876983390803984,0.24990140494820542,0.053003949729538036,0.08331695668087341,0.5628980015595229,-0.13438109400507267,0.035860329102941124,-0.0049274665799676366,-0.011545131250126793,-0.08873529286046389,0.04186307029537199,0.008220288422140195,0.43477400902179936,0.0013772533435247286,-0.06162655092941349,0.07498644694223451,0.3880136643006876,0.234309728480056
1283,-0.002207443410116113,0.0,0.0022550760485884366,0.03608460460613858,0.06499508007304178,0.3129651047086434,0.08397231618548226,0.3148546232274441,0.35771675205148096,0.18102932337142938,0.17275972801569794,0.07997459929177168,0.02167946605979113,0.0,0.0,0.0,0.0,0.06633979175201268,0.07551905574277104,0.026559198892307956,0.06315457869559646,0.1046795210417507,0.9344120885419882,0.036319052673504354,0.23178970003801663,0.09724302680331672,0.02235980124377445,0.00564828786047387,0.25962792808001983,-0.1709910004326139,0.012617129445926615,0.01107951136413271,0.028176057247081453,0.47971393169534493,0.8941346838233171,0.10014030136351737,1.9522413267048517,0.1737085330981417,0.08796217493393609,-0.002520929061041643,0.0,0.0,0.7061767555374691,1.8412958007133353,-0.003918970175329292,0.031876983390803984,0.25252342494236146,0.053003949729538036,0.08283209131415675,0.5628980015595229,-0.130015315595535,0.036850746643305114,-0.004639404043055658,-0.011546920469063892,-0.10680005960153299,0.05870943799005565,0.008220288422140195,0.435046894635611,0.0013772533435247286,-0.05443989350817172,0.08811672030363618,0.3345100232331214,0.234309728480056
1284,-0.002207443410116113,0.0,0.000961218546809431,0.035939707829844424,0.06513442206996274,0.2730571291717897,0.08784559175336629,0.3193985245509577,0.3493569894987491,0.18867864830941652,0.17827700702516783,0.08103941760930769,0.048619480299856604,0.0,0.0,0.0,0.0,0.06718837918524076,0.07668360891555658,0.02709171024528457,0.06301513793686697,0.12046491257603972,0.9344120885419882,0.036657120636690015,0.23068355407781627,0.09780200769710916,0.030481938788149348,0.0037320668198748247,0.2599005352320434,-0.17111472891524418,0.015497760806389644,0.010046224133819542,0.028176057247081453,0.47752704511160726,0.8504543033674918,0.2589373755677153,1.9541969286912375,0.1737085330981417,0.08757078230382592,-0.0025084122190891164,0.0,0.0,0.7063957162347406,1.852794762809288,-0.003918970175329292,0.031876983390803984,0.2969379906480282,0.04637799356728458,0.08144269528833618,0.5651060667768022,-0.1293734528729568,0.03867636939641029,-0.005435386566582431,-0.011207063286941132,-0.11746550734661157,0.05890573270997984,0.008500355385517733,0.43100943732903746,0.005716978298654574,-0.04249300465379489,0.1010293299674054,0.38456071604679726,0.23668789445086255
1285,-0.002106384111798483,0.0,0.0002609279571423519,0.03608975515000804,0.062102720509237215,-0.1647100050741828,0.18788140940478687,0.3539653227328162,0.40704894045216555,0.1729596211792145,0.17019827591875888,-0.016428418378150386,0.04942600112266504,0.0,0.0,0.0,0.0,0.06972102690210914,0.08058711003540003,0.03295191482872446,0.06697080809980786,0.09382954067700983,0.8918353833441336,0.042282603463629914,0.16406309362804958,0.11066311724590526,0.03807739247842054,0.006914257609381644,0.28292283082794273,-0.1473966226689267,0.04405006856444479,0.008508821895455852,0.037500155009510476,0.4906792249892667,0.9025262845424673,0.432998198086292,1.9699861009911797,0.21668644454718003,0.08561811273112005,0.00578096563986007,0.0,0.0,0.6931872985202209,1.5970402001828974,-0.004678217916100675,0.03127576698685182,0.3540712703278224,0.025325652258901172,0.08755177341030124,0.47510800730247266,-0.06989086599494346,0.04265267447486802,-0.011062970519291615,-0.023835088318176437,-0.11819710833984835,0.06325480576241138,0.011214930733723661,0.41462197190833217,0.007052648857570777,-0.046377223602010624,0.10296191934721624,0.43216008055703564,0.24415195542367985
1286,-0.002106384111798483,0.0,0.001322455810394516,0.03625381302618441,0.062102720509237215,-0.11701734536033365,0.1564941772354449,0.32986068766404664,0.4223118554960727,0.19131471367883118,0.1699203877928187,-0.01566173329501908,0.05003783223648206,0.0,0.0,0.0,0.0,0.0706446065141692,0.08136041185541266,0.037012894478272204,0.06203193283769853,0.1192220653334531,0.9830976195337137,0.04252252374570308,0.16771420359910907,0.1090201548155621,0.027075278352862782,0.0015451862210764363,0.29387316471149766,-0.02882487404773169,0.011786043928827192,0.011256774872631591,0.03846777541856618,0.4690966999250803,0.9297826545005643,0.2819430681712336,1.7847269934500034,0.21762554703048725,0.08573640133163621,0.006790865681264996,0.0,0.0,0.6984143411753109,1.5033428835124707,-0.004572829227168933,0.03387895767354616,0.33584306524510604,0.02431364612262976,0.11369199595897918,0.6034446944334414,-0.08599865441202452,0.03622936444084027,-0.0069526558153437425,0.021420618112765372,-0.0074782788084899335,0.05849744413106067,0.011865992017572897,0.44116254814601497,0.007593941912762332,-0.06366715789633945,0.11492979997884968,0.45960001970519376,0.2627703260111523
1287,-0.002106384111798483,0.0,0.0005349600251335389,0.0394664486303763,0.061938772111215,-0.1697907342962362,0.13743331563737518,0.32825456244473844,0.38034996181928,0.17174002522963497,0.1840671108286528,-0.013324860480537147,0.0580154723004337,0.0,0.0,0.0,0.0,0.07837258220661826,0.08346200935561511,0.03172654316308763,0.046207144026035124,0.09628362288075064,0.9719507653820514,0.041010438262910884,0.15192280412680084,0.10845198480350414,0.03786463721218531,0.001718677933434216,0.30117927204107947,-0.006409410321285149,0.05137475565912369,0.0072563844620868335,0.03806206231843346,0.4852534531864952,0.9162860873994019,0.17233390654112443,1.8036207703834195,0.2266534471612483,0.08532268461498378,0.0068339968323215105,0.0,0.0,0.64571851578998,1.4429990447552687,-0.004572829227168933,0.03741655772192095,0.3253890760351548,0.030665107940255402,0.12082927303728223,0.5180851443721802,-0.07399673998530179,0.03551480091033121,-0.014227191066015577,0.04092031795636627,-0.00027985889402869316,0.060712827051539665,0.0113937259906065,0.4358168282851408,0.007009152647285104,-0.051062960972577315,0.07963447027503076,0.4286068780229038,0.2503291388378865
1288,-0.002106384111798483,0.0,0.0005349600251335389,0.03343858574655054,0.061938772111215,-0.1739263115609038,0.05662575972655036,0.2863429125943939,0.371976254162437,0.1735294140382635,0.18369457183785914,-0.017634303571475385,0.05073283302740859,0.0,0.0,0.0,0.0,0.05813380964903257,0.08198764062474527,0.03249172468541931,0.042638098774238485,-0.10841854494240614,0.9719567097563646,0.04283591458555501,0.13930222348501684,0.10975984894212487,0.03766076483387017,-0.04337366540666424,0.30269444256412514,-0.008292096853012163,0.05301177696114239,0.00730530064032915,0.03806206231843346,0.48104150817890473,0.9040662288157091,0.16652903691945306,1.819921732563717,0.2266534471612483,0.08532268461498378,0.006790865681264996,0.0,0.0,0.64571851578998,1.6494364886858548,-0.004572829227168933,0.034642912470166036,0.2819862067528485,0.02695405103641031,0.11914580602066198,0.4251333621481612,-0.08383965419088524,0.03388430476182658,-0.014227191066015577,0.017808582287608246,0.0004341400723041513,0.060742149425479335,0.0113937259906065,0.4310558201672655,0.007009152647285104,-0.05547345656881442,0.10364601307970371,0.4257679770247388,0.2508298997874211
1289,-0.002106384111798483,0.0,0.0005349600251335389,0.03625381302618441,0.062102720509237215,-0.1850812243528802,0.15547571699661514,0.3216630416959221,0.4301832278607124,0.1917282040463817,0.1750738819298658,-0.014373164161561654,0.05003783223648206,0.0,0.0,0.0,0.0,0.0686789739576023,0.08136041185541266,0.03263545393918715,0.06219597521772354,0.10470544762369516,0.9628540201870948,0.040697047423058956,0.1686461304647834,0.1077956897237611,0.029672553833764336,0.003104886639597384,0.2989260507853878,-0.011288085205119152,0.05199940838730565,0.012022840877603283,0.03863884172183033,0.47366921913547616,0.9297826545005643,0.2583536749621753,1.7849094719856193,0.20004579622411417,0.09015522612798837,0.006790865681264996,0.0,0.0,0.6525932645909824,1.5733013779216993,-0.004572829227168933,0.033867279973462304,0.34063698715356294,0.02431364612262976,0.11787696332137047,0.5880496358466225,-0.0854568464025862,0.03538543155725101,-0.018227877737219757,0.028475277565023212,-0.03767487295683351,0.06094838199363825,0.011865992017572897,0.4464311858570728,0.007009152647285104,-0.05167306463859211,0.11543628890963346,0.4545390632274538,0.26356494278793224
1290,-0.002207443410116113,0.0,0.002990036223586473,0.05112113132531101,0.09696715375392657,-0.1096549271878584,0.0419996405574194,0.34116671215552247,0.484786927817631,0.05513314652300687,0.15834791624170758,-0.021646951492837074,0.13560607751892248,0.0,0.0,0.0,0.0,0.06967766415552136,0.08814076136893893,-0.002756875306337187,0.04927796659616849,0.1325615487090387,-0.26963066166170374,0.04081965095613074,0.2379731292223498,0.16796881634691319,0.03701043723323036,-0.02321639956589508,0.40308527906358627,0.16312988660822256,-0.014563950819849424,0.0009689556334234071,0.022528356334876806,0.6884178103292916,1.3522749308125093,0.5517580338192289,-0.6898267421908894,0.5011171597927858,0.09590668884894178,0.010040877528397576,0.0,0.0,0.13569350975503877,0.745879740501343,-0.002667843905023334,0.01149673110193751,0.3082732669339547,-0.041107622973665964,0.25408819337146543,0.3522332521473711,-0.2215664448189903,0.03525999583736542,0.004855335908153948,0.010950753771868592,0.05199605486602096,0.027719466173810808,-0.015185183017129757,0.8295890557677099,-0.008040932338650152,-0.10441329785153401,0.05969801894638468,0.5695817607193442,0.23468666504966026
1291,-0.002207443410116113,0.0,0.003249247077232723,0.04531840582430252,0.09696715375392657,-0.11659960504458478,0.11757748382697529,0.35374619894160453,0.4560511333221925,0.04515348678437479,0.16136238878355208,-0.016708233265106155,0.14335403220109944,0.0,0.0,0.0,0.0,0.05780878649905248,0.08330096364338037,-0.008022350358255052,0.05873378934496384,0.11499324597109378,-0.27443804532314203,0.03930756547333854,0.17605494252127687,0.15409739026415742,0.03701043723323036,-0.010360982195273531,0.410461071067641,0.14958306436991575,-0.01343539208239428,0.00803802903794656,0.02239518583217715,0.6623039647515782,1.419360320266326,0.5494889954834382,-0.6902043591093268,0.508201780201544,0.09590668884894178,0.008864533333027648,0.0,0.0,0.1387103697508524,0.5400112651631752,-0.006571610184458739,0.005600198740537764,0.36378041345996814,-0.020354573929408006,0.257593468664569,0.3384306649014545,-0.20085574913788795,0.037443899320073644,0.004855335908153948,0.06463421256164903,0.00468012198617155,0.029625323129251178,-0.01420932380738213,0.7984093178800253,-0.008198556491355794,-0.07731675714322761,0.14059692141587996,0.5745329583015004,0.24094704784002166
1292,-0.0019473344242691023,0.0,0.0026373915716576112,0.05112113132531101,0.09696715375392657,0.052228685018280575,0.11802883415692508,0.358018219820286,0.4614013996463993,0.045810300521244685,0.16428401749988297,-0.020666359289905012,0.1459755066521121,0.0,0.0,0.0,0.0,0.06690068199941188,0.08814076136893893,-0.0017474055630967763,0.055522354605146755,0.12332851961784412,-0.2774797939546653,0.035118404252919046,0.18639044282978925,0.14676018432804228,0.02814987244327074,-0.017253210057867025,0.4105442958535407,0.1497002443962884,-0.010554155895313952,0.006995378273862377,0.02052938909318506,0.6752821751458069,1.4178525675085434,0.5989274374871552,-0.6892870695872061,0.5100982384138478,0.0942089961039461,0.008784539646487764,0.0,0.0,0.1381560543517076,0.5404505995138946,-0.006571610184458739,0.008874604941827284,0.32170901903979554,-0.01589897818273806,0.25529370583859123,0.38090447549680606,-0.21023644428145644,0.03722824754907725,0.006954169932428287,0.06509054522253388,0.007200367847844749,0.02958406049169267,-0.014599530086452192,0.8174059653604915,-0.012432957460584709,-0.09794800876962981,0.05688792291788451,0.5217619353357177,0.23982950136130868
1293,-0.0028016168462125157,0.0,0.002990036223586473,0.05075941978042673,0.09758309283100572,-0.12449211031719767,-0.1058882954614311,0.3966510302375242,0.6502303227055992,0.0574096994559392,0.13554628397600735,-0.02099325772347236,0.14795615241874915,0.0,0.0,0.0,0.0,0.06401765307742457,0.08722308239707036,-0.003370752101911439,0.053004126290038825,0.1339447370951092,-0.2747137106914822,0.03900016511540639,0.24725666709080396,0.17369863809903666,0.029100768037365075,-0.014775754019102954,0.4081234538280252,0.18377351301258332,-0.01601962297086656,0.011567503198134205,0.022600899089240005,0.7071450539200973,1.470621780345779,0.27644345275032217,-0.3654575542854277,0.563636183112058,0.14322679316648818,0.008984410297655876,0.0,0.0,0.13812725438863896,-0.29401647376624873,-0.006571610184458739,0.007346321414260921,0.27625940237709584,-0.024219166537838028,0.3085310963310874,0.5873171145018419,-0.2921309410037394,0.03525999583736542,0.004855335908153948,0.06292418290687828,0.02305343365995228,0.03226616529979787,-0.014420184857158156,0.8322021828106171,-0.008084428548935825,-0.10760943686529299,0.06839014854235438,0.6264675846570488,0.2583944872092987
1294,-0.002207443410116113,0.0,0.002990036223586473,0.05112113132531101,0.06976931304799397,-0.1160324777102086,0.11292624728653625,0.3536782163278486,0.4212370478887346,0.04505423345607589,0.12434445436933773,-0.01754113549972214,0.14738486107050822,0.0,0.0,0.0,0.0,0.06623946048405373,0.088655713442262,-0.009521979176808396,0.067320253642171,0.1048089387892924,-0.2769826640403056,0.038765708611637174,0.20877049488521876,0.16663113229471863,0.03796027375482774,-0.009801554261448159,0.3685650067966785,0.13156130008155176,-0.011197890969311865,0.007932317659291284,0.027463478287725634,0.6743997347974674,1.4267059537395734,0.5595625217469775,-0.6917589913246294,0.508201780201544,0.09590668884894178,0.008583619987029296,0.0,0.0,0.6365833963235681,0.5398807650354622,-0.0065016806118524334,0.00910050160127061,0.36792018900036977,-0.03182259406891377,0.2025126166710062,0.3506605444103174,-0.21014982053539855,0.0372621731722547,0.007061049721045438,0.05899956976113389,0.00716907423052542,0.02968803880656376,-0.014432355070196617,0.818560745646605,-0.008396315465767365,-0.06459370111091098,0.05084649693334811,0.5366641913590577,0.24096227602331657
1295,-0.002207443410116113,0.0,0.000854544581293998,0.03594655122123791,0.06513442206996274,0.16110193326411348,0.08741291921503397,0.30908146475917375,0.34896980279974243,0.18726665932879663,0.15567006580930975,0.08103941760930769,0.050293688816150664,0.0,0.0,0.0,0.0,0.06812484061265303,0.07668360891555658,0.04111642237939887,0.06361879648547691,0.12187959979884233,1.0145799903347097,0.036657120636690015,0.23318751558832232,0.10165267727883054,0.03075930936607785,0.004205617795533526,0.2695916749620265,-0.17562503347919248,0.015586803196617012,0.010046224133819542,0.028064585652412304,0.4779524399136996,0.8469691094503844,0.2827852322065882,1.9469997903526792,0.17315659595831387,0.08757078230382592,0.006081482983847888,0.0,0.0,0.7012007493202485,1.8426801053132849,-0.003918970175329292,0.031876983390803984,0.2981825371384042,0.046174735049855614,0.07932075171907434,0.5473418591870894,-0.1319422835980256,0.03868109289649399,-0.0052540247912685085,-0.011207063286941132,-0.1170677771556388,0.060095054074792015,0.008632384170110764,0.4217540344523886,0.005716978298654574,-0.006363817044700919,0.1243938393079004,0.3810603923420069,0.2392644869981567
1296,-0.002207443410116113,0.0,0.000961218546809431,0.03594655122123791,0.06513442206996274,0.29203997802940634,0.08415604151925798,0.3023511175011129,0.3571648149116532,0.18922353485587376,0.17853097703817433,0.07997459929177168,0.047403097508700545,0.0,0.0,0.0,0.0,0.06718837918524076,0.07568031970361247,0.027099289830839493,0.06357561781811147,0.1046795210417507,0.9344120885419882,0.036657120636690015,0.2182712431884731,0.09982959714263537,0.022304468909930146,0.0063451715671720785,0.2587867649435643,-0.1725008973574294,0.013156927518537203,0.010205457842443567,0.028064585652412304,0.4825703969052346,0.8879812534575677,0.05651796230225876,1.9582496376447793,0.1742728579011862,0.08796217493393609,0.006132218674594621,0.0,0.0,0.7036689046121726,1.8516417602589812,-0.003918970175329292,0.031876983390803984,0.2536706141813813,0.052397583944821975,0.08258134502195152,0.559546723266307,-0.1205256032341847,0.036850746643305114,-0.0049274665799676366,-0.010865993682810908,-0.11007096125534045,0.05923312387063641,0.008632384170110764,0.4323814715690775,0.0013772533435247286,-0.01731390033165329,0.08872367806767423,0.3249900459925774,0.234309728480056
1297,-0.002207443410116113,0.0,0.000961218546809431,0.03594655122123791,0.06499508007304178,0.2553366859105962,0.0834953890364089,0.31138689140648973,0.36062374558240606,0.18824854512419972,0.18133036077788312,0.07997459929177168,0.04788877359806033,0.0,0.0,0.0,0.0,0.06633979175201268,0.07551905574277104,0.026559198892307956,0.06375823724420639,0.1046795210417507,0.9372019431353538,0.036319052673504354,0.23364870380123814,0.10126310848016108,0.022637171821702953,0.017976480386480382,0.2716546727673937,-0.17970553354563756,0.011129462274245326,0.01107951136413271,0.028064585652412304,0.47758250672827496,0.8876465650276839,0.04864227154891367,1.9613689422652187,0.17315659595831387,0.08796217493393609,0.00841797363666592,0.0,0.0,0.7038593781026998,1.8137811964114245,-0.003918970175329292,0.031876983390803984,0.2583427508865683,0.05280069121210907,0.08299880853922116,0.5595171823004095,-0.12178941803138602,0.036850746643305114,-0.004639404043055658,-0.011546920469063892,-0.10651231728577228,0.059292094850999885,0.008220288422140195,0.43190667139089306,0.0013772533435247286,-0.012968839169469521,0.08811672030363618,0.3470469102306288,0.23688632102735016
1298,-0.002207443410116113,0.0,0.000961218546809431,0.035939707829844424,0.06513442206996274,0.2891694798894655,0.08422341272404271,0.29630608236274825,0.3493569894987491,0.18875274820269936,0.17893809909826042,0.08103941760930769,0.05016472002404175,0.0,0.0,0.0,0.0,0.06718837918524076,0.07672770981174554,0.026940056122215464,0.06361879648547691,0.11590502026163003,0.9344120885419882,0.036657120636690015,0.22911384744687927,0.09945865050529318,0.030409547671759473,0.004439365066551201,0.2579547241074968,-0.17146218965585674,0.01605325086314429,0.010046224133819542,0.028176057247081453,0.48663890492973794,0.8485057732631787,0.17090066839309542,1.9487183791591656,0.1737085330981417,0.08796217493393609,0.006034535535254515,0.0,0.0,0.7053555437568775,1.8510774354559365,-0.003918970175329292,0.031876983390803984,0.2719392886036487,0.04637799356728458,0.08201923047102967,0.5467181999373143,-0.12268121630306321,0.038734092216275495,-0.005435386566582431,-0.011207063286941132,-0.11618801582928999,0.05890573270997984,0.008632384170110764,0.4270059008948471,0.005716978298654574,-0.014227655319091384,0.12429337939248408,0.34280829990793965,0.23668789445086255
1299,-0.002207443410116113,0.0,0.000961218546809431,0.035939707829844424,0.06513442206996274,0.2278998868337613,0.08758237833917543,0.31849311080254594,0.34966249471581845,0.1867765349638392,0.1791122123765589,0.08103941760930769,0.050034536500003085,0.0,0.0,0.0,0.0,0.06761432114261062,0.07775341736595576,0.02671085301537706,0.06361879648547691,0.12046491257603972,0.9342823553990952,0.036657120636690015,0.23876696893452995,0.10114215780878813,0.031092012277850658,0.004175488442115785,0.26917927376740286,-0.17793166786758613,0.0156559873990907,0.01005258991671474,0.028176057247081453,0.47615465604505325,0.8454603836088797,0.27198136302039416,1.948332050181087,0.1737085330981417,0.08738856909943787,-0.0024673092041338045,0.0,0.0,0.6997330708728151,1.8432320424531126,-0.003918970175329292,0.031876983390803984,0.29760947317843994,0.046174735049855614,0.07932075171907434,0.5650765258109047,-0.12406874979084906,0.038708399400963885,-0.00496596225435653,-0.011208852505878232,-0.11801887172836192,0.05928507083561728,0.008632384170110764,0.4309018777864713,0.005716978298654574,-0.006363817044700919,0.10112978988282173,0.3863165465765514,0.2392644869981567
1700,-0.009531974446609165,0.0,-0.00010026162164822512,-0.055271846248920786,-0.02156429702085902,-0.03742712632658984,0.14031493184935245,-0.0374964348209672,0.023434642467655885,-0.0708983740839953,-0.3593981149226551,0.0024222303028606862,-0.2758899431356713,0.0,0.0,0.0,0.0,-0.10354956252679666,-0.04756558007926202,0.039281617825742916,0.01573814700145706,-0.051362295607699573,-0.4512841515305348,-0.029229005447885377,0.24016881187150355,-0.04250690354376293,-0.06817511113456398,0.2155626121083843,-0.06871688868128675,0.15418373526081675,-0.002719709939287933,0.09806848862586758,-0.019326538478138266,-0.1525311873095498,-0.16561020690284745,0.07845617468064034,-0.7650995540600029,-0.2422772816208347,-0.004333318805924399,-0.018907131180292656,0.0,0.0,-0.28852735780981537,-0.5252082616020607,-0.003315119729186426,0.0027212172198709714,-0.37366879894464533,0.15114149204756847,-0.11408373256765666,-0.09834776931866783,0.0024847876133567144,-0.01878292546960522,0.021865284200129256,-0.014938150158265122,0.10670210618762399,-0.1982205281076365,-0.09170056899247649,-0.4822386064440417,-0.01756469346488853,0.09367611549897542,-0.09480435708504602,-0.15310228971349588,-0.10493850715411064
1701,-0.009531974446609165,0.0,0.0002702812514868648,-0.036641611963607705,-0.010338471142942805,0.20930011903255719,-0.08029136560779791,-0.04655175722376706,-0.10002841132316037,-0.08431563752909976,-0.3536866999197635,0.004444827724707777,-0.08609345288889095,0.0,0.0,0.0,0.0,-0.06482249957308618,-0.03657915653886724,0.017276556950732894,0.024278504025673237,-0.0426402864100786,-0.3921813877857022,-0.02447967978432537,0.2049491345843812,-0.1848246339927902,-0.03366527551668788,0.2205511973426407,-0.042666485390060474,0.10835488614701172,-0.04899045689280526,0.07593497834510861,-0.019787913998797084,-0.1626301007244511,-0.1996961816309719,0.13798065081333952,-0.71104140585721,-0.22945724250324945,-0.009323714516898866,-0.014486589793305017,0.0,0.0,-0.17110685289899255,-0.5070744903437358,-0.0028462262178691224,-0.006858851732472309,-0.5263485648663828,0.17762943908543943,-0.10221967664572418,-0.0691542832197146,0.06395405217642582,-0.012178249399304708,0.04427544646992434,-0.0383721201735556,0.06151174349067773,-0.16829600158321723,-0.06923310144932313,-0.5228023967756208,-0.006294895798825645,0.14067917445697822,-0.048146576053414526,-0.058330917797122454,-0.11829521992894125
1702,-0.009531974446609165,0.0,-0.0007663484398760681,-0.04162169765307308,-0.01020514569247029,-0.027530083789969226,-0.12747981776388922,-0.03921141823219527,-0.11735293652084217,-0.12281668656634341,-0.27559030822939024,0.0022719923428667073,-0.1440448719031606,0.0,0.0,0.0,0.0,-0.11386523890534209,-0.07331741340743704,0.019541730079627635,0.043450899269146005,-0.026225813731633192,-0.4277112455621153,-0.029313995846670625,-0.1012942080310978,-0.23613491780684184,-0.04116023016828717,0.47513514645282,-0.0821023201601972,0.07257273079959825,-0.04392089690505048,0.05669823147815031,-0.04418730677329988,-0.13506577014908858,-0.17273077801046124,0.0796014867696002,-0.7559847987275962,-0.24880257936691497,-0.004303521075410627,-0.019850249552131605,0.0,0.0,-0.21250495775162545,-0.5204390067313795,-0.003315119729186426,0.0038866113742336197,-0.3624035929157695,0.16733344988642462,-0.11613787866464895,-0.013684430516323988,0.05590052811875378,-0.02988549322085538,0.02730026600673053,-0.04474725386950905,0.04703991691784134,-0.16489251256302206,-0.03896104081677012,-0.29180315427270365,-0.020836921257969633,0.09044468812553214,-0.07934254527951726,-0.17720741520455624,-0.10943700868678087
1703,-0.009531974446609165,0.0,0.0030034005021212533,-0.038385026908991246,-0.011200454815689946,-0.005791145019724723,-0.11895889739269794,-0.028311320834488337,-0.09713789824699962,-0.10380473845099297,-0.3021439210476923,0.0025037649727294334,-0.1880170637355537,0.0,0.0,0.0,0.0,-0.11354108159736048,-0.0661997824410911,0.017583868695291043,0.008960262747459678,-0.06599434094945583,-0.39031544193081247,-0.029294577943866078,0.3423939411332985,-0.23615146801662015,-0.04284585829748569,0.16216501086345356,-0.08226134092971586,0.15507856035543363,-0.05289655403357923,0.07026458202589128,-0.03087651425844126,-0.14188391978316986,-0.17287668377731882,0.09013715608829773,-0.7708366296854483,-0.24262680242035864,-0.004303521075410627,-0.018879322534521854,0.0,0.0,-0.2098688848477315,-0.5178314549385459,-0.0033098358282208445,-0.0037199802411411885,-0.3719859787503212,0.1701952900633097,-0.11165065506234988,-0.05242247512379001,0.018768592106014035,-0.0066067266674660185,0.026433988480736696,-0.0343079402550561,0.06149809788596423,-0.19500589982095673,-0.07120740351581167,-0.49220149267212626,-0.01744202542144964,0.09406021537067269,-0.07846467899824067,-0.15865846843785014,-0.11668188211634316
1704,-0.009531974446609165,0.0,-0.00022841365230793934,-0.044369734893723534,-0.02060984606224987,0.005911895879285142,0.17038033992537877,-0.02702287833991644,0.03641770308095511,-0.053666928874084294,-0.07507327319403584,0.006993338506554155,-0.19659718714291344,0.0,0.0,0.0,0.0,-0.13495704133809622,-0.06367694103520069,0.05774782704428221,0.09668171250682081,0.009063408365870133,-0.297130044008053,-0.021142057479995972,-0.13538562803284956,0.44131939291424266,-0.10856153913492037,0.21762869958480927,-0.09976411838891981,0.14619834827311573,-0.04907810871690442,0.10708238721181561,-0.03923950028578438,-0.10564807081232262,-0.14747267380274834,-0.04250516977596621,-0.670671059814775,-0.20128089004600824,0.07359883011988308,-0.017721377703056887,0.0,0.0,-0.19554870326441376,-0.48779062291545744,-0.003739278784354614,-0.021597417341660534,-0.4066286416270659,0.15264461748376024,-0.13628451933506733,-0.0422552789863044,0.038570469990804934,-0.027523610213634444,0.025872088131050488,-0.02245811385057887,0.10658033200517411,-0.07273605108014039,-0.06585320524667881,-0.5704181315679845,-0.024596867560010685,0.09433677921055288,-0.010382522850952248,-0.10221248643770622,-0.09320759533702815
1705,-0.002698922159458582,0.0,0.005826173686381926,0.04170143505434586,0.06274077369303827,-0.16965055440015983,0.11447244440014104,0.40657642614407374,0.5384874922299534,0.047712147447980705,0.16750215690677905,0.10658323316997614,0.006862939649142341,0.0,0.0,0.0,0.0,0.08761149413243684,0.04174725652024376,0.02355250295792293,0.043377512102525884,0.0963975018772546,1.0583762519966928,0.04518009290491665,-0.0028075832954265172,0.12942946940242928,0.018876791253569055,0.13274539430813412,0.31442309427239856,-0.1677876907223837,-0.3854589895671127,-0.0074538421192269135,0.0023855606784265785,-0.14256594863916303,-0.1546010820315315,-0.396497177566946,2.203869755232326,0.08701391047962505,0.09511010903764719,-0.011341453770651502,0.0,0.0,0.639632207988434,2.086330452792861,-0.003044454789633228,0.025383901340700805,0.18319085551286274,0.02461900430914064,0.07792558951187399,0.15008290655497983,-0.18291603261530154,0.06469150298346325,-0.0147382195858304,-0.01517781589983114,0.07546757352578325,0.035592753643222765,0.009713581809857404,0.49128525166025594,-0.03583616734694166,-0.10452397479128579,0.10010340986819809,-0.1298624007625652,-0.1231324450988145
1706,-0.002698922159458582,0.0,0.005826173686381926,0.04170143505434586,0.06274077369303827,-0.19372390626420288,0.10738281473680211,0.3763147340640207,0.5386154463628172,0.06001727854680464,0.16750215690677905,0.10658323316997614,0.007320898470115694,0.0,0.0,0.0,0.0,0.08761149413243684,0.04321436091304673,0.023752095865693094,0.043377512102525884,0.09670606900633241,1.0583762519966928,0.04518009290491665,-0.0036694830965861795,0.12413033501357733,0.020329618995435512,0.1428498316023112,0.3190940668017107,-0.16376555745128638,-0.48785773505191965,-0.0074538421192269135,0.0023855606784265785,-0.14595681549971823,-0.1541859362784277,-0.14235524346022876,2.1358457331021556,0.08564360986746343,0.09419831127654568,-0.011341453770651502,0.0,0.0,0.7697277965686226,2.0883414774712947,-0.003044454789633228,0.02551730982982303,0.17646934609711318,0.02461900430914064,0.07792558951187399,0.11659652987900018,-0.18195559458690744,0.06469150298346325,-0.0147382195858304,-0.01517781589983114,0.0777222708393042,0.035592753643222765,0.009713581809857404,0.48254875144136644,-0.03583616734694166,-0.10444011148914735,0.13152222079656886,-0.1968849255672212,-0.1231324450988145
1707,-0.002698922159458582,0.0,0.005826173686381926,0.04170143505434586,0.06274077369303827,-0.19372830964342966,0.1341373030351173,0.38184059107593993,0.5461208226542191,0.047125387679281906,0.16918589267423445,0.10557943775449088,0.002994510380743145,0.0,0.0,0.0,0.0,0.08761149413243684,0.04321436091304673,0.018310895662282865,0.0438337248419294,0.09670606900633241,1.202516158836053,0.04518009290491665,0.007568338949301231,0.12413033501357733,0.020329618995435512,0.13362816688849338,0.30934834873823686,-0.16452236098414652,-0.013071918914606438,-0.0074538421192269135,0.0023855606784265785,-0.14617462481756627,-0.15577836118661437,-0.1378167458405451,2.2347487070969314,0.08564360986746343,0.09419831127654568,-0.011341453770651502,0.0,0.0,0.7697277965686226,2.1594898417847586,-0.003044454789633228,0.02551730982982303,0.18795699349999817,0.007427760119214672,0.07709873184979198,0.1074679435654147,-0.183529090430717,0.06469150298346325,-0.0147382195858304,-0.01517781589983114,0.0777222708393042,0.035592753643222765,0.009713581809857404,0.48254875144136644,-0.03583616734694166,-0.10452397479128579,0.13152222079656886,-0.19821771131090676,-0.1231324450988145
1708,-0.002698922159458582,0.0,0.005826173686381926,0.04170143505434586,0.06274077369303827,-0.17087173922761364,0.1131479507411772,0.3714132413344088,0.5247466646977983,0.04695317258712501,0.16827785487649025,0.10658323316997614,0.007320898470115694,0.0,0.0,0.0,0.0,0.08761149413243684,0.04174725652024376,0.02355250295792293,0.044719652003982584,0.096522007562117,1.0546483997182219,0.04532943251174836,-0.07897286168317799,0.12942946940242928,0.01888363180424276,0.14223586512001488,0.31754579329864663,-0.16376555745128638,-0.491725587245544,-0.0074538421192269135,0.0023855606784265785,-0.15090055104740482,-0.16311541536253485,-0.4005550874739955,2.135771732889024,0.08701391047962505,0.09511010903764719,-0.011341453770651502,0.0,0.0,0.6410998864358673,2.0876725926943176,-0.003044454789633228,0.025383901340700805,0.15073104247233174,0.02461900430914064,0.07792558951187399,0.1484172423920612,-0.18942524738407174,0.06469150298346325,-0.0147382195858304,-0.01517781589983114,0.0424507090863679,0.03522617971083921,0.009713581809857404,0.48296223107981273,-0.03583616734694166,-0.10444011148914735,0.13152222079656886,-0.12988715019869426,-0.12313109450312358
1709,-0.002698922159458582,0.0,0.005826173686381926,0.038389584664545236,0.06274077369303827,-0.22538005006860473,0.11143289012460553,0.411175715062929,0.5029365382822085,0.06239565695407902,0.1668590528116916,0.10476214215366776,0.007970622988195937,0.0,0.0,0.0,0.0,0.08761149413243684,0.04174725652024376,0.018997806480832068,0.03996356570355197,0.070975165892273,1.0592315047096312,0.04532943251174836,-0.08367657338436532,0.12941398972307583,0.01888363180424276,0.13630084343117332,0.3205458892288934,-0.16102518966745932,-0.4885169376116367,-0.009290050653491538,0.0039947928134227775,-0.14960523021403055,-0.1591685245139746,-0.3807918887288458,2.125640935681446,0.08701391047962505,0.09511010903764719,-0.015826159496346023,0.0,0.0,0.6410998864358673,2.0893978895949683,-0.0021283574270385794,0.025318665360722557,0.1517103002293161,0.020209554771254867,0.07792558951187399,-0.04779464401565181,-0.18076953897316966,0.06538354592226654,-0.015002733376190387,-0.01517781589983114,0.06836400166198352,0.033645650395938066,0.009713581809857404,0.4864648962463337,-0.036544030214360146,-0.10472009735096871,0.12160561395546689,-0.1340645529208008,-0.12313109450312358
1710,-0.009531974446609165,0.0,-0.00022841365230793934,-0.04655501825234985,-0.026066282278132437,-0.07553049153474903,0.1902031115524552,0.021712888951846032,0.03681302581530174,-0.055876799605444734,-0.019401767996400296,0.007360245349225855,-0.21635238671594448,0.0,0.0,0.0,0.0,-0.1170503203106298,-0.0486279034952776,0.04122139534737458,0.03583534791558508,-0.028049378853681313,-0.3387248395672209,-0.02479578974453993,0.29134195722456957,-0.11711111296918088,-0.10619889671590178,1.114998769843236,-0.0018691078550590774,0.19857085264910168,-0.05495483882822305,0.12486694202242538,-0.021121818038663545,-0.06719303534237177,-0.15858029268958485,0.09694211008895598,-0.6038184239602513,-0.2610735662949965,-0.0003241522228532485,-0.01733758509148444,0.0,0.0,-0.11716720897104152,-0.48025472562051214,-0.0036918744921495767,-0.010233724250570692,-0.443476352729519,0.13890644602219054,0.05319657697398657,-0.03193067709442161,-0.010284935486371584,-0.013678141281689784,0.022063632539311314,-0.015084225142088235,0.11926892433795716,-0.22292244372923917,-0.07911921449542982,-0.3177747370423385,-0.017576967311874393,0.08622897541548959,-0.0659693255238405,-0.06885815668338702,-0.09011806834626257
1711,-0.009531974446609165,0.0,-0.00048762450595418955,-0.06274690029812291,-0.018865946295915904,-0.2505098119341225,0.17874258343030638,-0.027415355536596502,0.01677957251376822,-0.06503075781715513,-0.08830277736267109,0.0034564089295492195,-0.19476683033456374,0.0,0.0,0.0,0.0,-0.13379002384055103,-0.04890773820706386,0.04361762756374286,0.09078659774181444,-0.02670259646390792,-0.3062415861750084,-0.019958125396227995,-0.12230312815268822,0.5338379317374493,-0.060060958603878487,0.26297498135865605,-0.12081088296952333,0.09769907881906571,-0.06288641355021499,0.08955041140963182,-0.04281283832011842,-0.108423034503544,-0.1756596280232763,-0.04689251079622195,-0.7828909082208267,-0.18808775516545412,0.07357840215588973,-0.021174753426586857,0.0,0.0,-0.1475761875969988,-0.47562830645878074,-0.004155484102501299,-0.0020629352126885618,-0.2810682571622712,0.2190343808474631,-0.1287847566243166,-0.13505819110566133,0.033261477482983894,-0.03073290454787502,0.020826066880145634,-0.024191537010466974,0.11075533455575567,-0.05019930032175982,-0.04943476780491922,-0.5772485785976413,-0.02596372558563618,0.09276466855872811,-0.07579978289224738,-0.1290553971037065,-0.10541249497069553
1712,-0.009531974446609165,0.0,-0.00048762450595418955,-0.06274690029812291,-0.019176392658987275,-0.20438999501597455,0.17685615040770286,-0.031671197279276204,0.01564240834244772,-0.06217444395642941,-0.06686967927908169,0.005674069972933616,-0.19476683033456374,0.0,0.0,0.0,0.0,-0.13379002384055103,-0.047979688979567524,0.043090507437301355,0.09078659774181444,-0.008731640621785297,-0.3060450228238036,-0.019958125396227995,-0.13131127349433774,0.5322528213889149,-0.0913297838985472,1.213681676349958,-0.09252650136493021,0.10607059352710932,-0.02186933952486923,0.10015552949142024,-0.04281283832011842,-0.1049486961124092,-0.1557562325556055,-0.025176564763575673,-0.703978742034081,-0.19187612925485867,0.07357840215588973,-0.018016024352812375,0.0,0.0,-0.1653720060898377,-0.4736942364848941,-0.004155484102501299,-0.0020629352126885618,-0.32151016406278593,0.20560655958512772,-0.1397935977332808,-0.08593444329914403,0.03009289411394252,-0.03029844874194802,0.020934299586307905,-0.024191537010466974,0.11388946273448006,-0.051464900157636904,-0.04267076093453575,-0.31929090202661536,-0.02187458084388154,0.09677212138051393,-0.058200390898018435,-0.10252721274431166,-0.09179479842345184
1713,-0.009531974446609165,0.0,-0.0004993360765048284,-0.0421252038856455,-0.01020514569247029,0.026732956213233867,-0.09276316721440435,-0.03856059845212093,-0.16499011548779505,-0.11356878238570874,-0.3096840789064351,0.0027261218537208863,-0.14357765543302758,0.0,0.0,0.0,0.0,-0.09528080807919467,-0.06928558837969541,0.023344081761628888,0.06223982987978028,-0.04788535981078472,-0.38048151681792336,-0.029636675316956754,-0.09023987483340858,-0.2736081418567737,-0.04116035368302415,0.18338428802629825,-0.14132574788304053,0.06456186317193274,-0.0898237756586173,0.05070885576247584,-0.02857755829185056,-0.12168876898051023,-0.16137178508165884,0.23984361053242095,-0.7777121083503676,-0.24470086414254072,-0.004303521075410627,-0.02020696677940057,0.0,0.0,-0.21635369774975985,-0.4996814846096197,-0.002556061889512542,0.009564495673753299,-0.3763528118430999,0.18058473362422117,-0.08311405160170514,-0.04512780518230632,0.06267770694659341,-0.03163997949575104,0.02894363420004659,-0.0446335399427682,0.040428241975111225,-0.16258071514720634,-0.06909252826922709,-0.463946997965729,-0.01883011911799886,0.09448459347280232,-0.07624206018376652,0.0129687040048275,-0.08409563679653774
1714,-0.009531974446609165,0.0,-0.001648465177419793,-0.055271846248920786,-0.01600787419234033,-0.011952968989681704,0.14355052261950457,-0.04898667459859889,0.018887811611241402,-0.09749810931352727,-0.4173138909376568,0.003680921801291002,-0.2777117997961196,0.0,0.0,0.0,0.0,-0.10298994134390825,-0.04763041867426678,0.0393328372124986,0.047839792115205206,-0.026217341591231975,-0.3887157443545989,-0.02952732580816493,0.1502438380897935,-0.01119758117698439,-0.04205605354293645,0.12422120077815764,-0.09856892995013468,-0.20979964290595576,-0.07149336250971357,0.09154910038689358,-0.01655086072024854,-0.15601654015663335,-0.16505866309433975,0.09381890324401623,-0.7536010192312186,-0.24595346007720173,-0.0003445801868465902,-0.017619527836601825,0.0,0.0,-0.20253048361127052,-0.49325823056144835,-0.0033098358282208445,-0.0020940271638267465,-0.35086506036987364,0.12100987217834443,-0.10257700796058679,-0.09819551124948168,-0.003525443212825808,-0.022154624803257007,0.022247358109901746,-0.002983521071462677,0.11523144541267856,-0.19654347938988015,-0.05513877283433403,-0.5899047330679986,-0.015649919943922973,0.09176900427853156,-0.08950239918933095,-0.1777439280065703,-0.1014331202589011
1715,-0.002698922159458582,0.0,0.0035058592000663307,0.038389584664545236,0.06768042001550492,-0.03900546756939703,0.10180657738615187,0.38253081239369785,0.4680718962319177,0.048757990885631465,0.17130490925804942,0.10959494560079154,-0.006184427143678298,0.0,0.0,0.0,0.0,0.09288425581984229,0.04321436091304673,0.020724796822467077,0.03870290321791019,0.07772680547961563,1.0591643419208288,0.03985571552695366,-0.008086472534466054,0.12212538720267452,0.029779445413071915,0.34065435659434473,0.2856810384069892,-0.18056657237939955,-0.4837810443390099,0.012285969833105141,0.0012870316546595966,-0.14893781930631972,-0.16513969134029416,-0.12225161387852523,2.191878980661141,0.08837907143979946,0.09007491459632978,-0.016230782676179497,0.0,0.0,0.7542276449374827,2.0826152029805054,-0.0005328321883175126,0.025452073849844783,0.14942460967364932,0.009282493777934503,0.06739955079262351,-0.026069293463325836,-0.18185213582257428,0.0620945193673971,-0.01168761953117978,0.027788521113359266,-0.004777909139956159,0.03401222432832162,0.009713581809857404,0.4071706294026445,-0.04148835833360642,-0.1039246395044546,0.11270450477666297,-0.18331085153183113,-0.11368955842051445
1716,-0.002698922159458582,0.0,0.0035058592000663307,0.038389584664545236,0.06768042001550492,-0.10649109360682893,0.11099613921714535,0.3781309805514935,0.4678281362310653,0.06251006412153695,0.17130490925804942,0.10303294460085069,-0.007006772953058016,0.0,0.0,0.0,0.0,0.09288425581984229,0.04100394402785107,0.020088590143165105,0.040626594399734504,0.07671377848785506,0.918599459551237,0.03985571552695366,0.0513782420450376,0.12294614130215971,0.02905424587585832,0.3442081286596559,0.3077986647626236,-0.19717272040842065,-0.48915731386822936,0.00516043098674762,0.0012870316546595966,-0.15010739425790837,-0.15533456644033566,-0.7048908343507823,1.9999267861966548,0.09659194004797163,0.09150839429886165,-0.014601513292162827,0.0,0.0,0.6286493598258697,2.045601381449742,-0.0021283574270385794,0.025318665360722557,0.16376707252487352,0.009213937272591068,0.07586654402176822,-0.02019342619599035,-0.18282729384102558,0.06400672657656997,-0.01168761953117978,0.027788521113359266,0.06740549961388984,0.0341735265973502,0.009713581809857404,0.4192371216537028,-0.04070002140116115,-0.10543239434521925,0.11319563653670803,-0.1301787074622045,-0.11379062020750448
1717,-0.002698922159458582,0.0,0.0035058592000663307,0.038389584664545236,0.06511807190960177,-0.11505958099338576,0.03285745559253934,0.3774567897219043,0.46960118355316566,0.0489069841760423,0.14985421664628448,0.10303294460085069,-0.006184427143678298,0.0,0.0,0.0,0.0,0.09288425581984229,0.04174725652024376,0.019954469337668403,0.03837080386384507,0.0769626799211265,0.9194058274855027,0.03985571552695366,-0.020153474266990087,0.12294614130215971,0.02868924388554519,0.3351773129660284,0.30780007523517283,-0.18252831886977278,-0.4824983679842506,0.004636508148031066,0.0012870316546595966,-0.13930853464852752,-0.16426404552444285,-0.7073287184128602,2.022300995454312,0.08939092967169542,0.09098671235743128,-0.015089407745142008,0.0,0.0,0.6236379883143542,2.08163570794286,-0.0021283574270385794,0.025318665360722557,0.15651094935941315,0.005231457384921663,0.07792558951187399,-0.02124011595796742,-0.18253823771399597,0.062090820024883184,-0.01168761953117978,0.027788521113359266,0.033138768548593996,0.03342758877040642,0.009713581809857404,0.417295696878458,-0.041268652830625044,-0.1038770783783482,0.11174763730292567,-0.12514652999395806,-0.11368820782482354
1718,-0.002698922159458582,0.0,0.0035058592000663307,0.038389584664545236,0.06768042001550492,-0.11272599196202565,0.11230002711441406,0.37893346952929136,0.46960118355316566,0.04890020563214054,0.17130490925804942,0.10303294460085069,-0.006184427143678298,0.0,0.0,0.0,0.0,0.09288425581984229,0.04174725652024376,0.019954469337668403,0.0391443637769175,0.07862787752240363,0.9205422698585671,0.03985571552695366,-0.02461195410227255,0.12294614130215971,0.02905424587585832,0.3396748615566993,0.30780007523517283,-0.18056657237939955,-0.4844154739021219,0.004636508148031066,0.0012870316546595966,-0.13930853464852752,-0.16426774723006404,-0.7099735504893475,2.0221129671368634,0.08939092967169542,0.09098671235743128,-0.015089407745142008,0.0,0.0,0.6255997348047275,2.08163570794286,-0.0021283574270385794,0.025318665360722557,0.15688279190039997,0.009282493777934503,0.07792558951187399,-0.020685130967301082,-0.18253823771399597,0.062090820024883184,-0.01168761953117978,0.027788521113359266,0.033094687602669974,0.03401222432832162,0.009713581809857404,0.417295696878458,-0.041268652830625044,-0.1039246395044546,0.11270450477666297,-0.12535114509812398,-0.11368955842051445
1719,-0.002698922159458582,0.0,0.0035058592000663307,0.038389584664545236,0.06768042001550492,-0.03785934167354324,0.10140188723638027,0.3818009543446468,0.4679454386949369,0.06188837580071528,0.17138753475373528,0.10303294460085069,-0.007006772953058016,0.0,0.0,0.0,0.0,0.09288425581984229,0.04247104842065405,0.020288183050935268,0.041097904339163126,0.07980193532014326,1.0566647610554194,0.03985571552695366,0.06427340265919099,0.12251517422971511,0.029779445413071915,0.3451876236973013,0.30934834873823686,-0.19745573525479698,-0.4837810443390099,0.005144624853281191,0.0012870316546595966,-0.15268657700166738,-0.15533456644033566,-0.12469120095069139,2.0789189786950075,0.09575228211926633,0.09059659653776016,-0.014657839809592255,0.0,0.0,0.7572772699586248,2.0465808764873876,-0.0021283574270385794,0.025452073849844783,0.15630889029812287,0.009213937272591068,0.07586654402176822,-0.025625963448036304,-0.18298826502608878,0.06400672657656997,-0.01168761953117978,0.027788521113359266,0.06888410168820269,0.0341735265973502,0.009713581809857404,0.41854080655276676,-0.041268652830625044,-0.10543239434521925,0.11319563653670803,-0.16701787959906245,-0.11382375191983493
1720,-0.002698922159458582,0.0,0.0035058592000663307,0.04170143505434586,0.06768042001550492,-0.032920383543494726,0.12652536325037328,0.37689390124149574,0.5087157897782713,0.04972191499029697,0.1720099957626582,0.11349652648623805,-0.002680384863685464,0.0,0.0,0.0,0.0,0.09288425581984229,0.04247104842065405,0.024889566996332414,0.0460031332219223,0.09604251054193468,1.0573827365106434,0.03985571552695366,0.0691506730077931,0.12154487256393835,0.028409991371182997,0.21160659512381294,0.29542675647046324,-0.1861848881131611,-0.47616190805078873,0.02175752349758884,-0.000322200480336602,-0.14120966466845325,-0.16428122423686678,-0.10863793552548007,2.181485976347331,0.09558008181607565,0.09059659653776016,-0.015949055548124612,0.0,0.0,0.7654029439489081,2.0283934659110896,-0.0021923190517845964,0.02551730982982303,0.16251339857625177,0.0739366997273157,0.06534050530251773,0.1618151942287777,-0.18240867850490478,0.06746435671361216,-0.011423105740819794,0.027788521113359266,-0.04034906573804373,0.0341735265973502,0.009713581809857404,0.44923466750571,-0.04146186934916958,-0.10637959369184491,0.1171924411493884,-0.1881276067610344,-0.11193419828386052
1721,-0.002698922159458582,0.0,0.0035058592000663307,0.038389584664545236,0.06768042001550492,-0.04565205900133577,0.11202636882876724,0.41453378055487333,0.49711312244258044,0.04940058176671145,0.16948072423325697,0.1118053883595765,-0.0018580390543057458,0.0,0.0,0.0,0.0,0.09288425581984229,0.04174725652024376,0.026048983534792132,0.038736735801167016,0.07746884150508866,1.0591643419208288,0.03985571552695366,-0.009130642505919813,0.12255635427511911,0.02731978984365627,0.19255597331063132,0.29387848296739916,-0.1715754953165559,-0.48976781632858846,0.012285969833105141,0.0012870316546595966,-0.14620465089941262,-0.16897364941393306,-0.3656021082329404,2.187349208080476,0.08921872936850474,0.09098671235743128,-0.01696753442738351,0.0,0.0,0.6337709908461779,2.080341740408635,-0.0005328321883175126,0.025318665360722557,0.15428843770276943,0.026823959081385896,0.06739955079262351,-0.015759746093493083,-0.18118285767949627,0.06538724526478046,-0.01168761953117978,0.027788521113359266,-0.005424164255695462,0.033964008772529884,0.009713581809857404,0.4433000927122812,-0.04148835833360642,-0.10465990657743231,0.11635314660748548,-0.1472794073089399,-0.11708374048585524
1722,-0.002698922159458582,0.0,0.0035058592000663307,0.038389584664545236,0.06768042001550492,-0.038916177689967565,0.10140188723638027,0.38253081239369785,0.4697668607730584,0.048271171838864084,0.17130490925804942,0.10303294460085069,-0.006184427143678298,0.0,0.0,0.0,0.0,0.09288425581984229,0.04321436091304673,0.020154062245438566,0.0391443637769175,0.07785013014145045,1.0591643419208288,0.03985571552695366,-0.006160019145249903,0.12251517422971511,0.029414443422758785,0.34065435659434473,0.30934834873823686,-0.18056657237939955,-0.4837810443390099,0.004636508148031066,0.0012870316546595966,-0.14183660662410905,-0.16426404552444285,-0.1286076870870823,2.101543882331432,0.08855127174299014,0.09007491459632978,-0.015089407745142008,0.0,0.0,0.7542276449374827,2.0826152029805054,-0.0021283574270385794,0.025452073849844783,0.1490527671326625,0.009282493777934503,0.07792558951187399,-0.026069293463325836,-0.1826992088990592,0.062090820024883184,-0.01168761953117978,0.027788521113359266,0.033094687602669974,0.033964008772529884,0.009713581809857404,0.41688221724001173,-0.041268652830625044,-0.1039246395044546,0.11270450477666297,-0.16366891930929484,-0.11368820782482354
1723,-0.002698922159458582,0.0,0.0035058592000663307,0.038389584664545236,0.06768042001550492,-0.03993190081016166,0.12757630085152236,0.41987007754581007,0.5047018528580556,0.06188837580071528,0.16935930283260459,0.10423959194415043,-0.007656497471138259,0.0,0.0,0.0,0.0,0.09288425581984229,0.04247104842065405,0.020370762467620252,0.042144720219902516,0.07615098795793732,1.0563523268957558,0.03985571552695366,0.06288683230553083,0.12251517422971511,0.028409991371182997,0.1283699195339566,0.30934834873823686,-0.18762687833307518,-0.48922759679252614,0.005144624853281191,0.0012870316546595966,-0.15311683982855415,-0.16051068234418922,-0.11684873774565654,2.134291900933878,0.09284462024373959,0.09059659653776016,-0.015394591560796268,0.0,0.0,0.7654029439489081,2.03982833275417,-0.0021283574270385794,0.025452073849844783,0.16377849926657925,0.009602969033797948,0.0750396863596862,-0.0414402496465925,-0.18122686447610928,0.06729945247395333,-0.01168761953117978,0.027788521113359266,0.0682378465724634,0.033080680170573785,0.009713581809857404,0.4838405436345881,-0.041268652830625044,-0.106326612723675,0.12468592116221261,-0.16870570013251718,-0.11733265226438298
1724,-0.002698922159458582,0.0,0.0035058592000663307,0.038389584664545236,0.06768042001550492,-0.04422175976669275,0.11270471726418568,0.37893346952929136,0.46790621901202495,0.04940058176671145,0.17130490925804942,0.10959494560079154,-0.006184427143678298,0.0,0.0,0.0,0.0,0.09288425581984229,0.04174725652024376,0.020525203914696914,0.03870290321791019,0.07875120218423846,1.0591643419208288,0.03985571552695366,-0.014830743675589385,0.12255635427511911,0.02868924388554519,0.3396748615566993,0.28413276490392525,-0.18056657237939955,-0.4844154739021219,0.012285969833105141,0.0012870316546595966,-0.1464097473307382,-0.16513598963467296,-0.3689464040945209,2.1918307651053492,0.08921872936850474,0.09098671235743128,-0.016230782676179497,0.0,0.0,0.6255997348047275,2.08163570794286,-0.0005328321883175126,0.025318665360722557,0.15651094935941315,0.009282493777934503,0.06739955079262351,-0.020685130967301082,-0.18169116463751106,0.0620945193673971,-0.01168761953117978,0.027788521113359266,-0.004777909139956159,0.033964008772529884,0.009713581809857404,0.40758410904109077,-0.04148835833360642,-0.1039246395044546,0.11270450477666297,-0.1449930773206603,-0.11368820782482354
1725,-0.002698922159458582,0.0,0.0035058592000663307,0.04170143505434586,0.06768042001550492,0.05200203762551713,0.09885715818637617,0.36573980698255615,0.40629037169778415,0.05759205328855154,0.1713783664459745,0.10472408272751224,-0.0068659827754850135,0.0,0.0,0.0,0.0,0.09244189969725486,0.04106570088843704,0.019954469337668403,0.04368604174730797,0.09687086815822717,1.0940038060800565,0.040005055133785376,-0.06932327410402249,0.11820702331187682,0.02868924388554519,0.34024534483453933,0.3061140572819348,-0.18252831886977278,-0.48513589192821094,-0.007418496035690347,-0.000322200480336602,-0.14804429487733034,-0.15254560288040084,-0.17563668465196336,2.0986155061771217,0.09207139061466903,0.09098671235743128,-0.01464063503633912,0.0,0.0,0.7522658984471094,2.076081932373877,-0.0021283574270385794,0.025074953707235604,0.12243285957753773,0.012005925362582258,0.07623957155863596,0.1483892219469864,-0.18025584513227605,0.062090820024883184,-0.011423105740819794,-0.015094790483326211,0.06699282259017506,0.033964008772529884,0.010393318393630417,0.41657747263789907,-0.040673532416724306,-0.1038770783783482,0.11192875580412667,-0.1483976085145432,-0.11970223913790051
1726,-0.002698922159458582,0.0,0.0035058592000663307,0.04170143505434586,0.06768042001550492,-0.010762651902759962,0.10058187537144445,0.3660158895370781,0.48710936875162236,0.04683696975044011,0.17315443298835748,0.10472408272751224,-0.0068659827754850135,0.0,0.0,0.0,0.0,0.09244189969725486,0.04106570088843704,0.019954469337668403,0.0444596016603804,0.09820614459708456,1.0555074579001544,0.03985571552695366,-0.0027396869079234134,0.12298759966501112,0.028682403334871483,0.34220709132491256,0.3061140572819348,-0.18056657237939955,-0.48705299784608236,0.007501928914971879,-0.000322200480336602,-0.1394918831512405,-0.1614824853757504,-0.17986384481845594,2.098427477859673,0.09207139061466903,0.09098671235743128,-0.01464063503633912,0.0,0.0,0.7542276449374827,2.076081932373877,-0.0021283574270385794,0.025074953707235604,0.15490171722441695,0.012005925362582258,0.07623957155863596,0.1531682595102077,-0.18573189477630456,0.062090820024883184,-0.011423105740819794,0.027871546529864195,0.031677179891314744,0.03401222432832162,0.010393318393630417,0.41657747263789907,-0.040673532416724306,-0.1039246395044546,0.11192875580412667,-0.12660807278773475,-0.11365623571632308
1727,-0.002698922159458582,0.0,0.0035058592000663307,0.04170143505434586,0.06768042001550492,0.07381185798341812,0.09885715818637617,0.3657052226832353,0.4027572328450649,0.04695317258712501,0.1728354274442587,0.10472408272751224,-0.0068659827754850135,0.0,0.0,0.0,0.0,0.09244189969725486,0.04106570088843704,0.019954469337668403,0.04343152116287272,0.0948102094433984,1.0493046346350925,0.040005055133785376,-0.06654752372574312,0.12298759966501112,0.02868924388554519,0.34024534483453933,0.30611264680938555,-0.18280207458147552,-0.48513589192821094,0.007501928914971879,-0.000322200480336602,-0.14804429487733034,-0.16147878367012922,-0.1776253951820219,2.100024275945364,0.10423554663934122,0.09098671235743128,-0.01464063503633912,0.0,0.0,0.7522658984471094,2.076081932373877,-0.0021283574270385794,0.025074953707235604,0.12243285957753773,0.012005925362582258,0.07623957155863596,0.15546980859958098,-0.18275494674304896,0.062090820024883184,-0.011423105740819794,0.027871546529864195,0.03172126083723876,0.033964008772529884,0.010393318393630417,0.4162840151602696,-0.040673532416724306,-0.1038770783783482,0.11192875580412667,-0.12640345768356887,-0.11362175340830172
1728,-0.002698922159458582,0.0,0.0035058592000663307,0.04170143505434586,0.06511807190960177,0.2143831428195774,-0.02450633830711146,0.3638978418665386,0.40108696653899667,0.047281163686614926,0.15384054917396991,0.11228987914293832,-0.002539594686112461,0.0,0.0,0.0,0.0,0.09244189969725486,0.040269345114380864,0.01997599547683257,0.04302389318712224,0.05629309662347567,1.0480250778115983,0.04097485190963617,0.009795176104128724,0.12201097377737857,0.028437976846404932,0.3383593529997507,0.29136301690590866,-0.18107907506076246,-0.468930990583011,0.022293775985014787,-0.000322200480336602,-0.10642463935428201,-0.16191806466489442,-0.1228764994433077,2.1706464989252248,0.10406334633615051,0.09139044616572137,-0.012585507106501921,0.0,0.0,0.7517500694795709,2.024193972344376,-0.0021923190517845964,0.025074953707235604,0.22413914682260885,0.06863502603861278,0.0657135328393855,0.21730919383650313,-0.1763330765613503,0.06178338158966579,-0.011423105740819794,0.027871546529864195,-0.038210322436383316,0.03342758877040642,0.010393318393630417,0.406489668920923,-0.04032467054281172,-0.08722596006799141,0.11171435298266079,-0.1511783576380012,-0.10822329942777927
1729,-0.002698922159458582,0.0,0.0035058592000663307,0.04489169342386793,0.06768042001550492,0.055347176060223026,0.06983157351885194,0.3964589533378627,0.4090422307885157,0.06113382159451525,0.17315443298835748,0.10572787814299751,-1.0252904329852413e-05,0.0,0.0,0.0,0.0,0.12299597081115228,0.04245162721833826,0.025395669541078636,0.046482442072640795,0.0974333608014461,1.0852966223489848,0.04097485190963617,0.03892041963636009,0.12298759966501112,0.02905424587585832,0.3479662271956807,0.3135036146064481,-0.200144685307698,-0.4876488965326342,0.007576383862963594,-0.000322200480336602,-0.14094032684361038,-0.1513720254309392,-0.37804535216716095,2.0486924898596746,0.09927240099094524,0.09150839429886165,-0.01464063503633912,0.0,0.0,0.6276067687856699,2.014588947207369,-0.0021283574270385794,0.025353958791889408,0.17040859576280012,0.03154649998471304,0.07495693872864742,0.20803217635338853,-0.1833186615357046,0.06158919040409857,-0.011423105740819794,0.027871546529864195,0.06474857383215109,0.03391139850063981,0.010393318393630417,0.42189832812314904,-0.040673532416724306,-0.10468908185282656,0.047282586391774434,-0.1252942636588479,-0.11365623571632308
1730,-0.002698922159458582,0.0,0.0035058592000663307,0.04170143505434586,0.06768042001550492,0.057532849322532616,0.09957467404428044,0.36903143751022716,0.41285611317526716,0.056734452261798025,0.1735167904728317,0.10572787814299751,-0.002539594686112461,0.0,0.0,0.0,0.0,0.09244189969725486,0.04253280528124001,0.0255952624488488,0.04346535374612955,0.09516042478380118,1.0894207010886474,0.03985571552695366,0.004350576673015175,0.12255663259256652,0.029414443422758785,0.339428467183813,0.3174066383759234,-0.18280207458147552,-0.4850973610516508,0.007501928914971879,-0.000322200480336602,-0.1426721058877788,-0.15128698241942493,-0.13226715526976282,2.0660544812149517,0.09153751212611845,0.09007491459632978,-0.010779094514913903,0.0,0.0,0.7522658984471094,2.0716943874730256,-0.0021283574270385794,0.025074953707235604,0.1474435349976663,0.02954739066603367,0.07623957155863596,0.15087683969636764,-0.1818073558765996,0.06123556731194496,-0.011423105740819794,0.027871546529864195,0.0673442999662174,0.033964008772529884,0.010393318393630417,0.4162665061392115,-0.040673532416724306,-0.1038770783783482,0.11192875580412667,-0.16280960607080364,-0.11362175340830172
1731,-0.002698922159458582,0.0,0.0035058592000663307,0.04170143505434586,0.06768042001550492,0.07381185798341812,0.0668068183790056,0.36573980698255615,0.41077111884461287,0.05753587109015546,0.1728354274442587,0.10472408272751224,-0.0068659827754850135,0.0,0.0,0.0,0.0,0.09244189969725486,0.04106570088843704,0.019954469337668403,0.04343152116287272,0.09477131528864899,1.048449381922154,0.041124191516467894,-0.07594561913048564,0.12298759966501112,0.02868924388554519,0.34089515510004836,0.30611264680938555,-0.18280207458147552,-0.4857317906147629,0.007501928914971879,-0.000322200480336602,-0.1493828076789937,-0.15246426157450776,-0.3745145818900293,2.0986857631437004,0.10423554663934122,0.09098671235743128,-0.010779094514913903,0.0,0.0,0.6236379883143542,2.0291031523961642,-0.0021283574270385794,0.024941545218113377,0.1460307985876074,0.012722970628312175,0.07623957155863596,0.2083516063388286,-0.17424999968985833,0.06123556731194496,-0.011423105740819794,0.027871546529864195,0.0673442999662174,0.033964008772529884,0.010393318393630417,0.4166799857776578,-0.040673532416724306,-0.1038770783783482,0.11192875580412667,-0.12580564098851965,-0.11362175340830172
1732,-0.002698922159458582,0.0,0.0035058592000663307,0.04170143505434586,0.06768042001550492,-0.015727886605352875,0.06813131203796945,0.36597784290765223,0.49550178623620195,0.05737026459897624,0.17292775821918624,0.10472408272751224,-0.0068659827754850135,0.0,0.0,0.0,0.0,0.09244189969725486,0.04106570088843704,0.019954469337668403,0.04368604174730797,0.09812215554141797,1.0545812369294196,0.04097485190963617,-0.009149321644383824,0.12298759966501112,0.02868924388554519,0.3428569015904216,0.30780007523517283,-0.18056657237939955,-0.49239073649874165,0.00657977031106996,-0.000322200480336602,-0.14083039595290386,-0.15246426157450776,-0.3737363569089892,2.0987267674554557,0.09207139061466903,0.09098671235743128,-0.010779094514913903,0.0,0.0,0.6255997348047275,2.0291031523961642,-0.0021283574270385794,0.024941545218113377,0.17849965623448663,0.01440898858155019,0.07792558951187399,0.20595438273199113,-0.17722694772311393,0.06123556731194496,-0.011423105740819794,0.027871546529864195,0.06730021902029339,0.033964008772529884,0.009713581809857404,0.4169734432552873,-0.040673532416724306,-0.1039246395044546,0.11192875580412667,-0.12601025609268557,-0.11365488512063217
1733,-0.002698922159458582,0.0,0.0035058592000663307,0.04170143505434586,0.06768042001550492,0.05433562665687721,0.06813131203796945,0.36597784290765223,0.42056255295198836,0.057419668253470564,0.17315443298835748,0.10472408272751224,-0.0068659827754850135,0.0,0.0,0.0,0.0,0.09244189969725486,0.04106570088843704,0.019954469337668403,0.04368604174730797,0.09799883087958314,1.0894207010886474,0.04097485190963617,-0.00884302559957254,0.12298759966501112,0.02905424587585832,0.3428569015904216,0.3061140572819348,-0.18056657237939955,-0.49239073649874165,0.007501928914971879,-0.000322200480336602,-0.14083039595290386,-0.15246796328012896,-0.3733645143680024,2.09708896505801,0.09207139061466903,0.09098671235743128,-0.010779094514913903,0.0,0.0,0.6255997348047275,2.0291031523961642,-0.0021283574270385794,0.024941545218113377,0.17887149877547345,0.012722970628312175,0.07623957155863596,0.20605005724945527,-0.17722694772311393,0.06123556731194496,-0.011423105740819794,0.027871546529864195,0.06730021902029339,0.03401222432832162,0.010393318393630417,0.4169734432552873,-0.040673532416724306,-0.1039246395044546,0.11192875580412667,-0.12601025609268557,-0.11365623571632308
1734,-0.002698922159458582,0.0,0.0035058592000663307,0.04170143505434586,0.06768042001550492,0.053963784115890374,0.06813131203796945,0.3659432586083314,0.41610298964743614,0.04678756609594579,0.17292775821918624,0.10472408272751224,-0.0068659827754850135,0.0,0.0,0.0,0.0,0.09244189969725486,0.04106570088843704,0.019954469337668403,0.04368604174730797,0.09812215554141797,1.0894207010886474,0.04097485190963617,-0.00606737148405751,0.12298759966501112,0.02868924388554519,0.3428569015904216,0.3061140572819348,-0.18056657237939955,-0.49239073649874165,0.007501928914971879,-0.000322200480336602,-0.14083039595290386,-0.16139744236423614,-0.37741474535730685,2.097040749502218,0.09207139061466903,0.09098671235743128,-0.010779094514913903,0.0,0.0,0.6255997348047275,2.0291031523961642,-0.0021283574270385794,0.024941545218113377,0.17849965623448663,0.012722970628312175,0.07623957155863596,0.20595438273199113,-0.18124829084687016,0.06123556731194496,-0.011423105740819794,0.027871546529864195,0.03202865726735709,0.033964008772529884,0.010393318393630417,0.4169734432552873,-0.040673532416724306,-0.1039246395044546,0.11192875580412667,-0.12601025609268557,-0.11365488512063217
1735,-0.009531974446609165,0.0,-0.00048762450595418955,-0.06274690029812291,-0.01827691522546488,-0.21271343513560037,0.16495294117857554,-0.023467304222371695,0.010764599650955348,-0.06829597647287723,-0.04865974468271637,0.0036431507664559204,-0.19476683033456374,0.0,0.0,0.0,0.0,-0.13379002384055103,-0.04833412891039717,0.022148191746794086,0.07959668201774989,-0.00917807988665654,-0.30241722795889703,-0.019958125396227995,-0.10372443771927407,0.527831534635698,-0.06271646726853433,1.2181630994992876,-0.1227754367469684,0.09909068284798608,-0.0264973817966444,-0.11951040714967716,-0.04278999586010464,-0.11226400603977861,-0.15978292628387408,-0.032781175707566404,-0.7110352464519427,-0.1924709355419225,0.07354071371422141,-0.01992653638695205,0.0,0.0,-0.16544105546116306,-0.4737169904204406,-0.004155484102501299,-0.00020241618023292073,-0.32140626893363816,0.2076040422607087,-0.14320640479317454,-0.08224004921963185,0.015525631202884362,-0.03456178464990893,0.020934299586307905,-0.04980314280810433,0.05594757931851607,-0.04667322076016282,-0.037274287595473486,-0.2255473674680382,-0.023720086273443193,0.09257099646125717,-0.07093239300546983,-0.11291993707125747,-0.1074758851059943
1736,-0.009531974446609165,0.0,-0.00022841365230793934,-0.06274690029812291,-0.01303029191444585,-0.21433937804703507,-0.10539627548688875,-0.04818851822299429,0.04944812618048176,-0.059900986534211616,-0.049541492195826826,0.005217953793882556,-0.19283828267339703,0.0,0.0,0.0,0.0,-0.13378155565644412,-0.07512519485934287,0.04405138118006552,0.0578009705309026,-0.03059604669185507,-0.32742822970359226,-0.020186259603281867,-0.1442232202968696,0.5431901438687345,-0.09494410831222141,0.19660523394637272,-0.12390393317337381,0.08097706087893863,-0.04725531471333271,0.07312707237657753,-0.04281283832011842,-0.12326090651175761,-0.17933078407564895,-0.05182667656224053,-0.6678560944274948,-0.19936313687300863,0.07359883011988308,-0.021888811801553176,0.0,0.0,-0.13747261988113382,-0.47410246442802506,-0.004155484102501299,-0.004390137979534764,-0.28112234299906175,0.25052606226564383,-0.12624122093708073,-0.15452851531529216,0.025751547068660955,-0.030195448551674914,0.024449352009025125,-0.04802652190015977,0.1084605983620166,-0.07055000632716112,-0.0731597962779477,-0.5352037687222638,-0.025089905138082142,0.09185751118531293,-0.057959589187837765,-0.12387422321106141,-0.10464134578602892
1737,-0.009531974446609165,0.0,-0.00035947247529447533,-0.04736647423717154,-0.024145427076212093,-0.20028917534038973,0.15120581110169998,-0.04208774556533061,0.023030302800528014,-0.0543389021181762,-0.4659045613347601,0.0015910522765468097,-0.2769263392051946,0.0,0.0,0.0,0.0,-0.10280084787066096,-0.048266996881586144,0.04097509314978195,0.01591930492994024,-0.011226238741418168,-0.38703109773506605,-0.030404680534793362,0.2526199003317957,-0.01305911509026918,-0.05415206621984137,1.174106725408534,-0.0947496134383917,0.161425239608886,-0.046295306368735134,0.10150666982591283,-0.020921388264054125,-0.13734283666607022,-0.16507636100001735,0.11817525599775146,-0.6531369472569367,-0.2499227729847577,-0.0003445801868465902,-0.017473259779724346,0.0,0.0,-0.2638413008963707,-0.5016230633664053,-0.002556061889512542,0.008564565820477208,-0.3669869941251958,0.1158545625119626,-0.09636599957889401,-0.11731711749379169,0.0060502148317875416,-0.017773672467140657,0.020892662115201188,-0.014547424134143594,0.11795166063723699,-0.19725194229459478,0.06453455996836077,-0.35047263682017077,-0.018028169768401776,0.09939733242382398,-0.03197060366846461,-0.13489716671850835,-0.09182983197907178
1738,-0.013316562904938678,0.0,-0.0010212338360472098,-0.04254563618831066,-0.014774191680779813,0.21588847949152498,-0.09989533759998961,-0.022057726114899874,0.011286095144161722,-0.06531905161017727,-0.05934528570701968,0.006908589606108907,-0.23604879879183058,0.0,0.0,0.0,0.0,-0.13158768209944055,-0.07768367821277118,0.04817376706812315,0.04929839364057342,-0.0042399261504155504,-0.33693442324843814,-0.02195345730281456,-0.2101379656426745,0.0019513331616888762,-0.11653105858483521,0.13066812950234044,-0.17793610277533392,0.08363975421943155,0.04840708907418809,0.06286339839059457,-0.031869191262539634,-0.13541467477880198,-0.1684803492559148,-0.04827438135821093,-0.7124808839571676,-0.2794584321150687,0.0002604899030964446,-0.019285387341029546,0.0,0.0,-0.16689161870616445,-0.5122169475281947,-0.003739278784354614,-0.021848756201621498,-0.5121047620907765,0.18177910096870906,-0.12071136255199126,-0.035633268110049965,0.016922581135925343,-0.029051453213356646,0.03786436130235357,-0.048063527409294364,0.09470624766734337,-0.1876775438932772,-0.05986011484448689,-0.383676634212332,-0.023760502834608448,0.08862665110726121,0.04498309585040656,-0.09985762738177247,-0.08015116962392357
1739,-0.009531974446609165,0.0,-0.0007663484398760681,-0.039902769256668,-0.010856933026349129,-0.06439422727250246,-0.1495222046778488,-0.03736873517861091,-0.1297935683577324,-0.1325024577307282,-0.34949480649906206,0.0023238627627408877,-0.14417785207014572,0.0,0.0,0.0,0.0,-0.115133472374431,-0.07840903425637033,0.01722932574558506,0.019117709250751937,-0.024876202887196663,-0.35110834503479166,-0.02514703092350628,-0.20669067123592377,-0.2608378290067702,-0.04707398715124875,0.17775921066353081,-0.11316072291193982,0.0706802461252397,-0.042455955590625975,0.054362562877413256,-0.044140319761839256,-0.09435925088675629,-0.16847092046359843,-0.01581480069729431,-0.733386641912599,-0.24047150933729924,-0.004292814139184359,-0.02010404470025723,0.0,0.0,-0.14875227625945442,-0.5174236400534598,-0.0036665363619152514,-0.00534574002560981,-0.45661707933148876,0.17257997594882768,-0.1135831077550966,0.002177366162448696,0.02604719194900833,-0.035979293437522285,0.0322040942703834,-0.047481627137211616,0.040384761384567,-0.1672287483479288,-0.05779393110962775,-0.36331714953613886,-0.025372645348593747,0.07149672494036505,-0.07031470943696981,-0.0989648346026534,-0.10422588121434463
1740,-0.002698922159458582,0.0,0.00470071712399171,0.038389584664545236,0.06511807190960177,0.03518886677660406,0.019444186806369997,0.384865216273916,0.39917326380677953,0.058853870341894536,0.14969353850996006,0.10248386432739294,-0.0068659827754850135,0.0,0.0,0.0,0.0,0.09244189969725486,0.04253280528124001,0.020154062245438566,0.03970351535994979,0.08055774000828915,1.0933936768708987,0.03985571552695366,-0.009441559616545957,0.11632370025666203,0.029414443422758785,0.3516439934766902,0.3076623307849988,-0.18056657237939955,-0.4837810443390099,-0.009425253659584628,0.0012870316546595966,-0.14297499695302912,-0.1551584227017951,-0.13804749696982177,2.0983792623038813,0.09153751212611845,0.09007491459632978,-0.015140824200956854,0.0,0.0,0.7575217743185646,2.0783288644254645,-0.0021283574270385794,0.025009717727257356,0.1490527671326625,0.001982283206672068,0.07623957155863596,-0.166823242293297,-0.18202845992291034,0.062090820024883184,-0.01168761953117978,-0.016094393453680387,0.06677648557890759,0.03342758877040642,0.010393318393630417,0.42358793337136524,-0.04070002140116115,-0.1039246395044546,0.11570438128123367,-0.18604913525050204,-0.11970223913790051
1741,-0.002698922159458582,0.0,0.0035058592000663307,0.04170143505434586,0.06511807190960177,0.08355585827325153,-0.024201808272833174,0.36742739933591656,0.39949455668199274,0.04681095784061593,0.15020667032520288,0.11228987914293832,-0.002539594686112461,0.0,0.0,0.0,0.0,0.09244189969725486,0.04253280528124001,0.02616599702587731,0.044051973684629916,0.09423256949941214,1.0480250778115983,0.041124191516467894,-0.06951615835171106,0.12216684556552593,0.029414443422758785,0.3408427346410609,0.2937407385172252,-0.1788435728586865,-0.4870144669695222,0.015166547560045835,-0.000322200480336602,-0.13993647507951845,-0.1610921073193834,-0.11944610451050176,2.1527965839385423,0.10352946784759991,0.09007491459632978,-0.012144714119920491,0.0,0.0,0.7537118159699442,2.024715607495313,-0.0005328321883175126,0.025074953707235604,0.1385726163608567,0.06863502603861278,0.0657135328393855,0.2220674585065208,-0.17532193386482217,0.06195140491696749,-0.011423105740819794,0.027871546529864195,-0.003940594180784142,0.03342758877040642,0.010393318393630417,0.4073595296769482,-0.04032467054281172,-0.1039246395044546,0.11097188833038937,-0.1845559198063494,-0.10751926335625796
1742,-0.002698922159458582,0.0,0.00470071712399171,0.038389584664545236,0.06511807190960177,-0.029537569242046292,0.016766719033869316,0.3845545494200732,0.4635640000135546,0.05901947683307376,0.14901217548138704,0.10248386432739294,-0.0068659827754850135,0.0,0.0,0.0,0.0,0.09244189969725486,0.04253280528124001,0.020154062245438566,0.03892995544687736,0.07922246356943176,1.0586251809694673,0.040005055133785376,-0.0780814827001641,0.11632370025666203,0.029414443422758785,0.3516439934766902,0.3076623307849988,-0.18056657237939955,-0.48852288430511726,-0.009425253659584628,0.0012870316546595966,-0.15152740867911896,-0.1551584227017951,-0.13600197582260978,2.0983792623038813,0.09153751212611845,0.09007491459632978,-0.015140824200956854,0.0,0.0,0.757005945351026,2.0783288644254645,-0.0021283574270385794,0.025009717727257356,0.11658390948578325,0.001982283206672068,0.07623957155863596,-0.166823242293297,-0.18202845992291034,0.062090820024883184,-0.01168761953117978,-0.016094393453680387,0.06677648557890759,0.03342758877040642,0.010393318393630417,0.42358793337136524,-0.04070002140116115,-0.1039246395044546,0.11570438128123367,-0.18604913525050204,-0.11970223913790051
1743,-0.002698922159458582,0.0,0.0035058592000663307,0.04170143505434586,0.06768042001550492,0.08569848239005125,0.12427633197601443,0.3714972734501671,0.4215815988545827,0.05981101590265829,0.16964651219610963,0.10742545508464027,-0.0033619404954921793,0.0,0.0,0.0,0.0,0.11124429907511522,0.04178949278884733,0.02581196267103049,0.04854930094938372,0.0962298603377478,1.0477894635278169,0.03985571552695366,0.1391514982003606,0.11970442935200244,0.028409991371182997,0.15334474494182432,0.3174080488484727,-0.18618450522729646,-0.47906220177269276,-0.006919096273985265,-0.000322200480336602,-0.16836810630551033,-0.15307916068020624,-0.14797153801709456,2.0954466329307717,0.10928931274126046,0.09059659653776016,-0.010641325224662036,0.0,0.0,0.7654029439489081,2.02607108856838,-0.0021283574270385794,0.025074953707235604,0.16416229161240264,0.031337972767804985,0.07389540735410159,0.14818417861471672,-0.17933659376508818,0.06858149103912094,-0.011423105740819794,-0.015094790483326211,0.06794222429582092,0.03684690233902775,0.010393318393630417,0.48323795507879275,-0.04070413722705578,-0.10145209243811038,0.11779533065955632,-0.20754020257788358,-0.122369711313395
1744,-0.002698922159458582,0.0,0.00470071712399171,0.04170143505434586,0.06768042001550492,0.053963784115890374,0.09925738171248058,0.36581243791130286,0.405797913226135,0.05753587109015546,0.17056265942315785,0.10472408272751224,-0.0068659827754850135,0.0,0.0,0.0,0.0,0.09244189969725486,0.04106570088843704,0.019954469337668403,0.0444596016603804,0.09604497310246365,1.0945301192439632,0.040005055133785376,-0.07231913989596706,0.11820702331187682,0.02868924388554519,0.34220709132491256,0.3061140572819348,-0.18056657237939955,-0.48705299784608236,-0.007418496035690347,-0.000322200480336602,-0.14804429487733034,-0.15254560288040084,-0.17865335926943743,2.0983792623038813,0.09207139061466903,0.09098671235743128,-0.01464063503633912,0.0,0.0,0.7542276449374827,2.076081932373877,-0.0021283574270385794,0.025074953707235604,0.12243285957753773,0.012005925362582258,0.07623957155863596,0.14822704065509035,-0.18025584513227605,0.062090820024883184,-0.011423105740819794,-0.015094790483326211,0.06694874164425105,0.033964008772529884,0.010393318393630417,0.41657747263789907,-0.040673532416724306,-0.1039246395044546,0.11192875580412667,-0.14860222361870912,-0.11970223913790051
1745,-0.002698922159458582,0.0,0.0035058592000663307,0.04170143505434586,0.06768042001550492,-0.01272439839313319,0.11046993323318346,0.36597784290765223,0.4917817863213135,0.05742644679737232,0.17374346524200293,0.10472408272751224,-0.0068659827754850135,0.0,0.0,0.0,0.0,0.09244189969725486,0.04106570088843704,0.019954469337668403,0.04368604174730797,0.09812215554141797,1.054652205187216,0.03985571552695366,-0.009043347979495997,0.12298759966501112,0.02868924388554519,0.33890683203287597,0.3061140572819348,-0.18252831886977278,-0.4857317906147629,0.007501928914971879,-0.000322200480336602,-0.14083039595290386,-0.15246426157450776,-0.3780463546829401,2.0972769933754583,0.09207139061466903,0.09098671235743128,-0.010779094514913903,0.0,0.0,0.6236379883143542,2.076081932373877,-0.0021283574270385794,0.024941545218113377,0.15490171722441695,0.012005925362582258,0.07623957155863596,0.15635667670985656,-0.18171055165254832,0.06123556731194496,-0.011423105740819794,0.027871546529864195,0.0673442999662174,0.033964008772529884,0.010393318393630417,0.4169734432552873,-0.040673532416724306,-0.1038770783783482,0.11192875580412667,-0.12580564098851965,-0.11365488512063217
1746,-0.002698922159458582,0.0,0.0035058592000663307,0.04170143505434586,0.06768042001550492,0.0761454470147782,0.1474809663128951,0.36605047383639894,0.4281068907633024,0.057363486055074485,0.17292775821918624,0.10472408272751224,-0.0068659827754850135,0.0,0.0,0.0,0.0,0.09244189969725486,0.04106570088843704,0.019954469337668403,0.0444596016603804,0.09804392578050032,1.048449381922154,0.04097485190963617,-0.011859700217046609,0.12298759966501112,0.02905424587585832,0.3474692677025922,0.3061140572819348,-0.18056657237939955,-0.4876488965326342,0.007501928914971879,-0.000322200480336602,-0.14083039595290386,-0.15246796328012896,-0.3746915110672173,2.09708896505801,0.10423554663934122,0.09098671235743128,-0.010779094514913903,0.0,0.0,0.6255997348047275,1.8484150683211233,-0.0021283574270385794,0.024941545218113377,0.22431058154399441,0.01387432900217077,0.07623957155863596,0.24181222510420086,-0.1644070854842749,0.06123556731194496,-0.011423105740819794,0.027871546529864195,0.06730021902029339,0.03401222432832162,0.010393318393630417,0.4169734432552873,-0.040673532416724306,-0.1039246395044546,0.11192875580412667,-0.12601025609268557,-0.11365623571632308
1747,-0.002698922159458582,0.0,0.0035058592000663307,0.04170143505434586,0.06768042001550492,-0.005231840205744463,0.057321941224189564,0.36911732588535034,0.4956674634560947,0.056734452261798025,0.17292775821918624,0.10472408272751224,-0.0068659827754850135,0.0,0.0,0.0,0.0,0.09244189969725486,0.04253280528124001,0.020154062245438566,0.04368604174730797,0.09722108349862996,1.054652205187216,0.04097485190963617,-0.0008572716205642748,0.12255663259256652,0.029414443422758785,0.3433785367413586,0.3076623307849988,-0.18056657237939955,-0.49175630693562955,0.007501928914971879,-0.000322200480336602,-0.1426721058877788,-0.15246426157450776,-0.1278712691206888,2.097040749502218,0.09153751212611845,0.09007491459632978,-0.010779094514913903,0.0,0.0,0.7542276449374827,2.0296247875471014,-0.0021283574270385794,0.025074953707235604,0.17104147400773592,0.012722970628312175,0.07623957155863596,0.2005702202359664,-0.17732375194716515,0.06123556731194496,-0.011423105740819794,0.027871546529864195,0.06730021902029339,0.033964008772529884,0.010393318393630417,0.416559963616841,-0.040673532416724306,-0.1039246395044546,0.11192875580412667,-0.1643280303038564,-0.11365488512063217
1748,-0.002698922159458582,0.0,0.0035058592000663307,0.04170143505434586,0.06768042001550492,-0.015727886605352875,0.05691876051726657,0.36581243791130286,0.4854974978636877,0.05753587109015546,0.17224639519061324,0.10472408272751224,-0.0068659827754850135,0.0,0.0,0.0,0.0,0.09244189969725486,0.04106570088843704,0.019954469337668403,0.0444596016603804,0.09691596305914435,1.0545812369294196,0.041124191516467894,-0.07377133119613766,0.12298759966501112,0.02868924388554519,0.3428569015904216,0.30780007523517283,-0.18056657237939955,-0.48705299784608236,0.00657977031106996,-0.000322200480336602,-0.1493828076789937,-0.15246426157450776,-0.1743433614954866,2.0987267674554557,0.09207139061466903,0.09098671235743128,-0.010779094514913903,0.0,0.0,0.7542276449374827,2.0291031523961642,-0.0021283574270385794,0.025074953707235604,0.1460307985876074,0.01440898858155019,0.07792558951187399,0.20295365083386405,-0.17722694772311393,0.06123556731194496,-0.011423105740819794,0.027871546529864195,0.06730021902029339,0.033964008772529884,0.009713581809857404,0.4169734432552873,-0.040673532416724306,-0.1039246395044546,0.11192875580412667,-0.12601025609268557,-0.11365488512063217
1749,-0.002698922159458582,0.0,0.0035058592000663307,0.04170143505434586,0.06768042001550492,0.05200203762551713,0.09885715818637617,0.36573980698255615,0.40629037169778415,0.05759205328855154,0.1713783664459745,0.10472408272751224,-0.0068659827754850135,0.0,0.0,0.0,0.0,0.09244189969725486,0.04106570088843704,0.019954469337668403,0.04343152116287272,0.0948102094433984,1.0940038060800565,0.040005055133785376,-0.06788137262344976,0.12298759966501112,0.02868924388554519,0.34024534483453933,0.30611264680938555,-0.18280207458147552,-0.48513589192821094,0.007501928914971879,-0.000322200480336602,-0.14804429487733034,-0.15254560288040084,-0.17563668465196336,2.100024275945364,0.09207139061466903,0.09098671235743128,-0.01464063503633912,0.0,0.0,0.7522658984471094,2.076081932373877,-0.0021283574270385794,0.025074953707235604,0.12243285957753773,0.012005925362582258,0.07623957155863596,0.1483892219469864,-0.17798269937407757,0.062090820024883184,-0.011423105740819794,0.027871546529864195,0.06699282259017506,0.033964008772529884,0.010393318393630417,0.4162840151602696,-0.040673532416724306,-0.1038770783783482,0.11192875580412667,-0.12640345768356887,-0.11362175340830172
1950,-0.0025589121938461674,0.0,0.0013907926001438986,0.033253726279762356,0.06768042001550492,-0.11489372954732054,0.0826532086894254,0.3381241918527199,0.4368427002340747,0.17540353486395355,0.14156410596996888,0.16997980972371476,-0.01829412979113575,0.0,0.0,0.0,0.0,0.10329908284975564,0.042543082572739206,0.004980370838421219,0.04009818242984611,-0.131024220114687,0.8934245409355562,0.04273906922056111,0.08000974813083317,0.11810289936849788,0.02693879640821161,-0.014021232978390554,0.24530521652636092,-0.21719003047403287,0.05690828479854456,0.0024913056610533766,0.05546988657958257,-0.22067805487180361,-0.22057522636260762,-0.7503223592133227,2.4271037646110125,0.12417413340830345,0.087558441125646,-0.01187848376481503,0.0,0.0,0.6074500964220548,2.084148515334639,-0.0063900214145261635,0.028594945116690366,0.18679797906572804,0.015854383740965334,0.08280107612700621,0.46243996159704936,-0.1713864593084987,0.03723699683213821,-0.022087792067055797,-0.024440395352021322,-0.07100597153013702,0.038621501245397,0.008792765894391256,0.4339299257728146,0.002731373058251234,-0.10162730755891061,0.076409240673264,0.01933131664761515,-0.15496821441092654
1951,-0.0025589121938461674,0.0,0.0009193213609570676,0.033253726279762356,0.06768042001550492,-0.10374373217452895,0.08082636176265201,0.33207389201008186,0.4417843954254013,0.17540353486395355,0.1429554058931685,0.16934267815429244,-0.017836170970162397,0.0,0.0,0.0,0.0,0.10329908284975564,0.042543082572739206,0.004980370838421219,0.04009818242984611,-0.12217218685551594,0.8952571393776497,0.04273906922056111,0.0666466306356989,0.11769851834166148,0.026205510866813973,-0.019377060662857402,0.24825188824517755,-0.19319134841658245,0.009720131278109464,0.002613516249827533,0.05546988657958257,-0.2018705194772027,-0.22454948067113167,-0.7806822439406909,2.423324317990794,0.12417413340830345,0.087558441125646,-0.015554288264143474,0.0,0.0,0.6135262953926355,2.084148515334639,-0.0063900214145261635,0.028594945116690366,0.1830041799341382,0.01449133363815762,0.08483642594789344,0.4571876527602138,-0.17078161330654754,0.03763707307282243,-0.01837768036330703,-0.024180976671140154,-0.06725645770803268,0.04140173262659043,0.008792765894391256,0.4314663979695925,0.003676832032929662,-0.10655361330468235,0.09364631214659846,0.019243514939859957,-0.15684032447936402
1952,-0.0025589121938461674,0.0,0.0013907926001438986,0.033253726279762356,0.06768042001550492,-0.10657047716933629,0.15919953077499593,0.31402689281886065,0.4432792125963768,0.17647754523382947,0.14156410596996888,0.17011468847929292,-0.016880831186649445,0.0,0.0,0.0,0.0,0.12278623553714313,0.043498422356252155,0.004980370838421219,0.04030890089758302,-0.12001164166059479,0.8908016599956016,0.04273906922056111,0.11542838491786679,0.11953611037885961,0.02693879640821161,-0.00715322377312256,0.2483386980471517,-0.2192009704124821,0.05709394978937334,0.0025222687545196896,0.05546988657958257,-0.21852909574302382,-0.22035527345519354,-0.7704378811900854,2.4238387698212702,0.12468357939088279,0.08726301300950973,-0.015554288264143474,0.0,0.0,0.60816980757274,1.9118958651462952,-0.0063900214145261635,0.02915753239451742,0.23289116506999077,0.016998243923344914,0.09771565957038823,0.49308362082801965,-0.16152114186501546,0.03771071670278903,-0.022087792067055797,-0.03221157869330526,-0.06770946782465612,0.03888907628965839,0.008792765894391256,0.43194891502392024,0.003868571864609094,-0.10894588046971618,0.10448793367630395,0.00279444704426221,-0.15496821441092654
1953,-0.0025589121938461674,0.0,0.0013907926001438986,0.033253726279762356,0.06768042001550492,-0.11503274092885934,0.16362858132278124,0.3045926636101513,0.4423359159622336,0.17647754523382947,0.14156410596996888,0.17045092128673886,-0.015724568232314905,0.0,0.0,0.0,0.0,0.12278623553714313,0.043498422356252155,0.0069471165688497795,0.040360455310164856,-0.131024220114687,0.8937288602831308,0.04273906922056111,0.11788586681996795,0.11953611037885961,0.02693879640821161,-0.006383022777602995,0.24949354972147902,-0.22281041976279187,0.05690828479854456,0.0024913056610533766,0.05546988657958257,-0.21862896620938405,-0.2199323018643553,-0.7484831807812307,2.423074885775225,0.12417413340830345,0.087558441125646,-0.015664309585439858,0.0,0.0,0.6074500964220548,1.9017878406614732,-0.0063900214145261635,0.02927969842621747,0.23223706183424903,0.025484152381810354,0.08280107612700621,0.521764401981999,-0.1615841798575283,0.037541316179712736,-0.022087792067055797,-0.0233663849821454,-0.07091576213206988,0.038621501245397,0.008792765894391256,0.4339417584400302,0.002731373058251234,-0.09714976749120097,0.07749720032478906,-0.0016589104864285183,-0.15496821441092654
1954,-0.0025589121938461674,0.0,0.0013907926001438986,0.033253726279762356,0.06768042001550492,-0.08729853619170204,0.0797719169646369,0.3356252150928183,0.43517010963595104,0.17540353486395355,0.14156410596996888,0.17058580004231702,-0.01736146364763457,0.0,0.0,0.0,0.0,0.10285672672716821,0.04186152694093249,0.0069471165688497795,0.04069116659613523,-0.11692258585665609,0.8934245409355562,0.04273906922056111,0.08074454413926346,0.11812887805199584,0.02693879640821161,-0.013811828360501455,0.24925931486554526,-0.21719003047403287,0.05709394978937334,0.002613516249827533,0.05546988657958257,-0.22109406751831515,-0.21997981273885006,-0.7848052487537648,2.4175662607121318,0.1278746290223314,0.087558441125646,-0.011768462443518653,0.0,0.0,0.6074500964220548,2.076458653670167,-0.0063900214145261635,0.028152588994102938,0.18745208230146979,0.024250313901682707,0.08280107612700621,0.4614534600113237,-0.17062259966106932,0.037406397355214505,-0.022087792067055797,-0.024357369935516394,-0.06977199908158896,0.04140173262659043,0.008792765894391256,0.4354481523303804,0.003868571864609094,-0.10121519599519523,0.07707979779339572,0.007777975618111454,-0.15493489170673516
1955,-0.011155111636765422,0.0,-0.003489436248325972,-0.036938793842253716,-0.00023175140161588658,-0.2216429016837976,0.11894869568204926,-0.06901045345332621,0.05385661610416237,-0.021060334095430296,0.08941686201745964,0.07470964776425912,0.14170562525795471,0.0,0.0,0.0,0.0,-0.1142417644514698,-0.026219503912619756,0.055725361121467365,0.07947810348711598,-0.13938985780451923,-0.213468387022146,-0.13081637738993518,0.3036062235278366,0.08409601431328861,-0.12096923834566561,-0.04361089497738533,1.6460961850874891,-0.17492630797447214,0.1248948026129419,-0.041602039155631966,-0.017935200240614426,-0.06442426215149626,-0.12527595266788394,0.059897162076878604,-0.5735456437803914,-0.19767377402695832,-0.015912583615527956,-0.08019986976165311,0.0,0.0,-0.18954935004729725,-0.4564258514178822,-0.025699236953563152,0.024303572679445325,-0.49695971918404663,0.19693205328026894,-0.0048938357596201385,-0.1750759482296197,-0.11235848369230973,-0.10287196191130711,0.02898308383667417,-0.12852056736514886,-0.060291646506392786,-0.09091243626737235,-0.010596709519140164,0.3579181027212504,0.005889631401724082,-0.10619231728820644,0.2474637359503296,-0.057216394525918764,-0.11753643010108406
1956,-0.013401806163136399,0.0,0.010646979054338928,-0.014408606845664144,0.012824991421779336,-0.24636315351224672,0.1434214120142069,-0.06310285435159416,0.08757471369474638,-0.0684947274914542,0.1430527658647189,-0.06353978469102575,-0.009147508750505904,0.0,0.0,0.0,0.0,-0.07188470937570647,-0.024035388827992225,0.023489164705250042,0.06281140784135174,0.0446510770387441,-0.3940480153410704,0.06954023874951372,0.19953351618300844,0.1431786824355868,0.004952064092279251,-0.08084882708201162,0.5421684369409054,-0.6587448805474465,0.07498480625132797,-0.049124668318885234,-0.015871803736915536,-0.4835836794497706,-0.33648340362755136,-0.5415826012715612,-0.629378205089888,0.11771668699244782,0.019007143556135926,-0.04816477709761316,0.0,0.0,-0.20165123895790898,-0.47440208540804235,-0.015181595411703925,0.00280535313943784,-0.28084088346200137,0.11814121652309668,0.2532790339144505,-0.1329704086136878,-0.49140933829806444,0.020651722735485777,0.035727836170773,-0.017175111140988155,-0.15555361541544643,-0.01368763956826436,0.05858851897474136,0.26113213003842867,0.005939573500875635,-0.30107128344670414,0.12285547322773643,0.16928765895674455,-0.15364230837807982
1957,-0.013401806163136399,0.0,0.010646979054338928,-0.01989173202260898,0.012824991421779336,-0.24835904966530922,0.16348386859931013,-0.06427303176883196,0.07744697865659919,-0.0690019371892889,0.06693127188791961,-0.0644821722967113,0.02711448353400923,0.0,0.0,0.0,0.0,-0.07174203241503889,-0.024751245699713213,0.023489164705250042,0.06066511636904611,0.07449285801587265,-0.44084122880430504,0.07095852028312574,0.22337790787452932,0.20395482015630084,0.0020773687225933406,-0.03853013898268341,0.5674932939103977,-0.6242766090508128,0.08813982355087877,-0.04842444374406187,-0.019628690054456888,-0.6038833240676027,-0.22994717600148254,-0.4580184792109746,-0.6787937415257397,0.109877357988005,0.007326344411362017,-0.05892105082116633,0.0,0.0,-0.24146842836083837,-0.48414594057264376,-0.012224845096008423,0.002969718553702318,-0.3226518348207968,0.11524441403287647,0.2682349281441438,-0.16901490568167982,-0.4720335891012866,0.028074994888213783,0.028664270962523518,-0.03908423081982975,-0.17692139735504403,-0.014562958914241975,0.055897518273931475,0.3125956712835601,0.019619777370254457,-0.27853253460325217,0.049514289172174236,-0.35345875355565226,-0.14245800868567374
1958,-0.013401806163136399,0.0,0.010646979054338928,-0.01949457624420503,0.01026264331587618,-0.23928213682867824,-0.10742393447504417,-0.0646559048585255,0.0952095401598323,-0.07008738682510045,0.10793044930792262,-0.04662926038586333,-0.02126933720699074,0.0,0.0,0.0,0.0,-0.05990098568446596,-0.0291331936806208,0.023489164705250042,0.06447010735190843,0.04177553696498082,-0.4232069493967904,0.06931210454245984,0.2396592427978026,0.13342418707750642,0.004952064092279251,-0.08340780675851793,0.5460342770312334,-0.651615383225518,0.0706846392747108,0.03915094524415215,-0.015871803736915536,-0.48507491008280046,-0.33746602670113185,-0.465407295442612,-0.6488037365781424,0.15074693640371006,0.019007143556135926,-0.04850512690981844,0.0,0.0,-0.2393368873651183,-0.4528814248330771,-0.015181595411703925,0.0027172612289152976,-0.2442548199959158,0.11851057948760436,0.21297531237153908,-0.13351064526689654,-0.4813353371137335,0.027430402429191002,0.03876587542743348,-0.025708116597872314,-0.1587815866439256,-0.026682437909834267,0.055040270702281235,0.2808269492139026,0.005939573500875635,-0.3021542454845326,0.22426587492476974,0.2238149678161796,-0.15364230837807982
1959,-0.009443918854454997,0.0,0.010646979054338928,-0.01964687663881555,0.0099923546097747,-0.2540109514024851,-0.11468738062686726,0.1564296992673952,0.12346896173336269,-0.06107519641475479,0.12941214890076647,-0.07322463210215102,-0.01581975136391034,0.0,0.0,0.0,0.0,-0.06124228505801323,-0.03517890652216696,0.022264663787369837,0.06266132304732742,0.0405697380979818,-0.4355451975719844,0.07462993986222034,0.09940909446795648,0.15187297812842768,0.00033903515093350713,-0.04065491817212318,0.6561420811426282,-0.05643481096030485,0.15696895864786,-0.007249817883689606,-0.018673178322661993,-0.6094599407486471,-0.2461294842585041,-0.4089824757372712,-0.7010878581266589,0.22054114844471662,0.019007143556135926,-0.05904028608130386,0.0,0.0,-0.28103495117655425,-0.44499423979654595,-0.012501668365093886,0.025808999073047657,-0.281003889975007,0.11640362333460927,0.2791660418823432,-0.15361924869478666,-0.48824488607638805,0.03921651758243741,0.04582025915675922,-0.06277035659931146,-0.1525694583780237,0.003911517598688323,0.054397300041787916,0.3241459072262844,0.019414274582151853,-0.21549012269392898,0.30043296829467536,-0.3668399828151777,-0.13881440300035727
1960,-0.0025589121938461674,0.0,0.0013907926001438986,0.034674931615409084,0.06768042001550492,-0.045556522390584366,0.16308319643537697,0.325308494284147,0.42988266862406693,0.17540353486395355,0.14435396056333455,0.16997980972371476,-0.017850352933641688,0.0,0.0,0.0,0.0,0.12210148222761602,0.042373924069802796,0.004980370838421219,0.04582061295428332,-0.13344440883634323,1.0320608220315188,0.04273906922056111,0.15767389299705714,0.11988656732746245,0.02693879640821161,-0.010175759543277589,0.24924842036063355,-0.21365665263933462,0.05690828479854456,0.0023466005074477526,0.05546988657958257,-0.23003848651346792,-0.2245380956729336,-0.3249185674215054,2.502858221773685,0.12417413340830345,0.087558441125646,-0.011886903265278859,0.0,0.0,0.6080251024191344,1.903499367679177,-0.0063900214145261635,0.03260028838534549,0.23223706183424903,0.01703494610321316,0.08392520823344239,0.5448037935316642,-0.15498349375245143,0.03921107833610911,-0.021785627669989965,-0.02440145893244117,-0.06991966483657436,0.038621501245397,0.008996245550629885,0.42866271464599043,0.002731373058251234,-0.0976952108407432,0.09517831262183642,0.002928042948535915,-0.15496821441092654
1961,-0.0025589121938461674,0.0,0.0013907926001438986,0.033253726279762356,0.06768042001550492,-0.10456010229595808,0.1605639657421576,0.28965903189306647,0.42339618337763596,0.17647754523382947,0.14156410596996888,0.17011468847929292,-0.017338790007622798,0.0,0.0,0.0,0.0,0.12278623553714313,0.043498422356252155,0.004980370838421219,0.04179550794601039,-0.11707605656049676,0.8897796906581492,0.04273906922056111,0.14497677142870197,0.11991254601096041,0.02693879640821161,-0.005617817078674428,0.24553945138229472,-0.22211380447193216,0.05709394978937334,0.002453065630382382,0.05546988657958257,-0.2175106045729783,-0.22025802839022904,-0.7706945053284374,2.425835423419285,0.12417413340830345,0.087558441125646,-0.011824505231512655,0.0,0.0,0.6073053912684493,1.9034604312595969,-0.0063900214145261635,0.02927969842621747,0.23289116506999077,0.016981044856284107,0.08309835057136038,0.52167702526777,-0.16086065408950015,0.03938047885918541,-0.022087792067055797,-0.023283359565640472,-0.07227679525281307,0.04140173262659043,0.008792765894391256,0.4349348867579297,0.003813418077429293,-0.0967376559274856,0.07929166919931492,0.004716676609369623,-0.15493489170673516
1962,-0.0025589121938461674,0.0,0.0013907926001438986,0.033253726279762356,0.06768042001550492,-0.11406797621528351,0.07987671743214175,0.33211508050978067,0.4368527599409779,0.17540353486395355,0.14435396056333455,0.16997980972371476,-0.017836170970162397,0.0,0.0,0.0,0.0,0.10329908284975564,0.042373924069802796,0.004980370838421219,0.04009818242984611,-0.14568878746016609,0.8932871952413926,0.04273906922056111,0.08175288181874524,0.11795819421489225,0.02693879640821161,-0.0021439546061528866,0.24924842036063355,-0.21568053611928584,0.05690828479854456,0.0023466005074477526,0.05546988657958257,-0.22067805487180361,-0.2244421758992639,-0.7311926759083063,2.4252813804176476,0.12417413340830345,0.087558441125646,-0.009488373255089163,0.0,0.0,0.6082155759096618,2.0474042134299544,-0.0063900214145261635,0.028594945116690366,0.18852377756299904,0.01449133363815762,0.09771565957038823,0.4531208655436282,-0.1700580875385194,0.03723699683213821,-0.021785627669989965,-0.03328558906318118,-0.07012314449281298,0.038621501245397,0.008792765894391256,0.43084963551911093,0.002731373058251234,-0.10208669745752473,0.09479010798155234,0.025901434293931706,-0.15496821441092654
1963,-0.0025589121938461674,0.0,0.0013907926001438986,0.033253726279762356,0.06768042001550492,-0.11489372954732054,0.07989922388501655,0.33211508050978067,0.4368427002340747,0.17540353486395355,0.14156410596996888,0.16997980972371476,-0.017836170970162397,0.0,0.0,0.0,0.0,0.10329908284975564,0.042543082572739206,0.004980370838421219,0.04009818242984611,-0.1341045103683907,0.890497340648027,0.04273906922056111,0.0782211694288886,0.11810289936849788,0.02693879640821161,-0.014015195911508987,0.24645856576726788,-0.21568053611928584,0.05690828479854456,0.0024913056610533766,0.05546988657958257,-0.22067805487180361,-0.22057522636260762,-0.7495555984930656,2.4252813804176476,0.12417413340830345,0.087558441125646,-0.01187848376481503,0.0,0.0,0.60816980757274,2.084148515334639,-0.0063900214145261635,0.028594945116690366,0.18679797906572804,0.015854383740965334,0.09771565957038823,0.4533505600004065,-0.17078161330654754,0.03723699683213821,-0.022087792067055797,-0.03328558906318118,-0.07012314449281298,0.038621501245397,0.008792765894391256,0.43084963551911093,0.002731373058251234,-0.10162730755891061,0.09479010798155234,0.01933131664761515,-0.15496821441092654
1964,-0.0025589121938461674,0.0,0.0018866488689666078,0.033253726279762356,0.06768042001550492,-0.11497964179756955,0.16344399915717522,0.3320291921346575,0.442805283770366,0.17540353486395355,0.14108129018288423,0.17113620258866205,-0.016221949194854503,0.0,0.0,0.0,0.0,0.10329908284975564,0.042543082572739206,0.003975912509666925,0.040529717080449876,-0.14520452159466968,0.8967166252038341,0.04273906922056111,0.07913236361363313,0.11721311997836005,0.026810731340392097,-0.008849708132071922,0.2517516118093462,-0.21568053611928584,0.05690828479854456,0.002286768978876809,0.05546988657958257,-0.2678631894957668,-0.22192728908393408,-0.79755503630441,2.5069027736518525,0.1289414030128541,0.087558441125646,-0.011795326978132289,0.0,0.0,0.6080482754479931,1.8900653896255657,-0.0063900214145261635,0.02888221738366979,0.23046978526176076,0.025401672275541288,0.08611548250723913,0.48774725959662224,-0.16000706512740845,0.03961745423385624,-0.02196373949750728,-0.024440395352021322,-0.04969637865427996,0.038621501245397,0.009882987276528147,0.42745509424324035,0.002731373058251234,-0.10112403069750488,0.09517831262183642,0.009381013327100281,-0.15500241638668052
1965,-0.003507704412998887,0.0,0.009354906999060353,-0.006984580060820368,0.00794386331741656,-0.258059379699334,0.10723014755607471,0.16625864502982104,0.15038714426671626,0.0024803429759696597,0.12973560437406884,-0.05425776416128744,-0.07682545262153086,0.0,0.0,0.0,0.0,0.16113760213992884,0.020799984089804883,0.0222604746768878,0.06851138147776764,-0.3430374267628781,-0.3589080321165937,0.04863024703071351,0.1620114347358361,0.10192091040522093,0.001744668814688476,-0.06144647733196616,0.413375156772061,-0.8507018329509802,0.07494435782160395,0.003717847065521244,-0.008233629649369488,-0.5572055792954104,-0.33980044098599127,-0.5176745468348621,-0.7685063499650735,-0.0921897776540707,0.1450003031182967,-0.04472165384332555,0.0,0.0,-0.07438227131310474,-0.411473762881612,-0.015098628422430654,-0.011583189987031603,0.08337297278733272,0.09065555599761123,0.2514396532227784,-0.1605240881703688,-0.5075194769587199,0.012131293899236437,-0.029262045816252982,-0.00027991590221219075,-0.14962784830620146,0.024685708325171127,0.05826050189737564,0.6181186811103835,0.012986248939385403,-0.2182651454864469,0.09630915431364331,-0.020128676976954408,-0.18620874578687785
1966,-0.004510968940803183,0.0,0.010072209215355064,-0.01081027567545982,0.010078873762327122,-0.16174518158533557,0.10962489033666852,0.09854234971008949,0.1387399522775515,-0.04356405697352555,0.1285318691316178,-0.054616982210604785,-0.07925720909933781,0.0,0.0,0.0,0.0,0.02889576801979252,0.044762109892021534,0.022180612426684163,0.09964364127212401,0.014224971847116165,-0.39966894857833635,0.1316896918512663,0.20735409123065973,0.10802170363973909,0.005837182406206371,-0.06409808240002744,0.4421708517274201,-0.8402347589759916,0.07488853640832308,0.010144381600926256,0.01550637572742033,-0.5730190264556679,-0.33625844372227315,-0.5093983290671825,-0.7839365432628895,-0.09430291469609402,0.1452045171949413,-0.044245091530634204,0.0,0.0,0.022765637450420487,-0.4116704494115463,-0.015098628422430654,-0.0014478700500825206,0.10018368010192653,0.09378181128411926,0.29349130779745103,-0.2665132419455368,-0.5343686857291198,0.017399130756020672,0.10130963740967179,-0.034934743890968546,-0.1514978777557823,-0.005044030605797457,0.05556950119656574,0.6631563421984674,0.014866502787683098,-0.23620763027045621,0.13636001645799486,0.019686595352145394,-0.18604396304791096
1967,-0.00869973779993797,0.0,0.010646979054338928,-0.018928549343130773,0.010078873762327122,-0.14681342193858457,0.10588401395918397,-0.09471214910422014,0.13190399959441895,-0.05837702159166048,0.04865388452598697,-0.06992996334581787,-0.07695893976665467,0.0,0.0,0.0,0.0,-0.08117593051007382,0.0070873891784190325,0.02015397311432653,0.09689956145621305,-0.03435451950535748,-0.3966232865064453,0.12449669233048694,0.07155779336158487,0.1230907245930451,0.0019479544470779673,-0.043846170356557405,0.49801013469383987,-0.6415820467930294,0.08813425167301737,0.014287935269238905,0.023480377689384005,-0.5852203957290567,-0.23427720438981628,-0.3809459650533342,-0.6745961499940117,-0.09623618916209374,0.132607255104431,-0.0526145544538714,0.0,0.0,-0.24171238387508204,-0.4230838758564045,-0.012224845096008423,0.0016405955371693204,0.05078152790497733,0.1044976658644724,0.25277166288553626,-0.26333353450964747,-0.5456093974217168,0.026799019847302104,0.0736868657257185,-0.033771538835626634,-0.15597118724091566,-0.020087494084313685,0.0558784701346788,0.6819085178833157,0.030476266306652004,-0.2598363915415515,0.1708620356142607,-0.35186889582749425,-0.14718554578368934
1968,-0.003507704412998887,0.0,0.009354906999060353,-0.014384210404163931,0.00794386331741656,-0.205872685060596,0.12037829809836911,-0.08658190947363092,0.21107403067281208,-0.0367239576346914,0.21002924816698343,-0.05810733442688478,-0.07524288626807356,0.0,0.0,0.0,0.0,0.16775664277146468,0.02395842848571258,0.024753154656422912,0.07820685888249485,-0.16490952897540878,-0.4172191911946895,0.05797517157146255,0.22403288576549452,0.10774151489221012,0.0014471219276403543,-0.08604463737515639,0.4464759336152747,0.17213477568176344,0.028031726940227382,0.006905134244453123,-0.010495310846712765,-0.4302551767202227,-0.3340770778913279,-0.3256879347355215,-0.510196975499752,0.006040830950410906,0.1452045171949413,-0.043519789277244564,0.0,0.0,0.034149864657110104,-0.3813384073689586,-0.015234031014332771,0.008373205866702635,0.04977121883344538,0.09522456296759647,0.434468939045319,-0.20681803313465374,-0.5103758407278504,0.015409538187887149,-0.03285826846966447,-0.03253316870973278,-0.17092044553875335,-0.01901404220296455,0.05782693238745908,0.5099989322918759,0.0165216651645093,-0.3014610595992866,0.10503731384128702,-0.011887635751554635,-0.18613746816906798
1969,-0.00869973779993797,0.0,0.010646979054338928,-0.018928549343130773,0.010078873762327122,-0.20358449051617894,0.11782602280885629,0.1160948521148572,0.13802746694979157,-0.04628088993313043,0.1382490501062377,-0.05421680736093943,-0.07928753318857606,0.0,0.0,0.0,0.0,-0.07827198802530642,0.009362722504324492,0.022433684657342717,0.0819584624709932,0.03827025898192474,-0.40445275614179793,0.11223327641898638,0.2015927612802455,0.11752223319947609,0.006876775272835529,-0.06783583130618617,0.4532920450097377,-0.6053546407007702,0.06811713105094272,0.0024126133992368732,0.01929907612627931,-0.5107406974252855,-0.34162211899374717,-0.4458193143729291,-0.6384500000590811,-0.0975366382138191,0.14483525348169982,-0.04497664027380924,0.0,0.0,-0.2388766797440138,-0.41509134408492343,-0.015181595411703925,-3.886400402944019e-06,0.06445764584417256,0.08574121871016534,0.26644381158501834,-0.23642302430003231,-0.529340046152418,0.018743631936110103,0.07481220853694047,-0.030200426501923467,-0.14864279070757216,-0.002882916112679221,0.05826050189737564,0.6779777056600768,0.006904107044435229,-0.22815812311849423,0.08176257859122144,0.12794602778719852,-0.19530172266500914
1970,-0.009443918854454997,0.0,0.007582395423030058,-0.01989173202260898,0.01026264331587618,-0.26316768204135443,-0.1142955979458669,-0.09514103622087264,0.06665579555233254,-0.07437082673870662,0.029989833449665895,-0.06182833887827395,0.026507378560018974,0.0,0.0,0.0,0.0,-0.0723324836888382,-0.04195619690513045,0.02130729313538231,0.0570299885415211,0.0597724805371989,-0.47061952268621,0.07004610125273755,0.19739080048984725,0.20668187627145151,0.0016727207786319481,-0.05170312782708297,0.5888451948994369,-0.6260082730046163,0.07942997197610344,-0.010669874524104103,-0.019628690054456888,-0.5364726294973312,-0.23930220570470845,-0.4252699541812585,-0.702923503408615,0.10520928723369137,0.007326344411362017,-0.06102825734970989,0.0,0.0,-0.2424716447332251,-0.4818198101215116,-0.012224845096008423,0.0032807443713755565,-0.32110289012239296,0.10796079618101517,0.15164958679635523,-0.2841624024329455,-0.4754996209731424,0.020832336187769213,0.03406256757153377,-0.057563363740586036,-0.15990965163071022,-0.014917209287648853,0.02727806502150517,0.26558023513523665,0.030237672621667194,-0.2825099027706664,0.04998139398341422,-0.3297361997484151,-0.14224068636568943
1971,-0.009443918854454997,0.0,0.010646979054338928,-0.019458929177633692,0.0099923546097747,-0.2506910544893792,-0.14665617594112207,-0.08053818101766234,0.12989400573643387,-0.07812698284149167,0.19313360486057196,-0.06288625813374014,-0.001965631064524309,0.0,0.0,0.0,0.0,-0.061236619081459304,-0.029631269962550215,0.022410434083465502,0.07001953031561564,0.08224599100618095,-0.43841978063731085,0.07358109516618386,0.07813230930291346,0.1579588177366157,0.002799082536007226,-0.05146161760797186,0.6524831016785503,0.018197526536715525,0.15542430183684514,-0.011382246324206029,-0.018673178322661993,-0.5597061294006768,-0.25346110605056715,-0.4314625670984996,-0.7134279871754874,0.21765044117898574,0.019007143556135926,-0.05979894767934026,0.0,0.0,-0.2656734658842026,-0.44768305126364577,-0.012501668365093886,0.026054170654975783,-0.2812421383448481,0.0851303769008006,0.32988433091064046,-0.14925684140542445,-0.4900945485935556,0.03805559377483858,0.04582025915675922,-0.06362820399756046,-0.10157785576962139,-0.014547245436426565,0.05365027692212949,0.277551222009241,0.019462153217548808,-0.2815492087253565,0.3001659520065734,-0.3261908177528054,-0.1424292525558554
1972,-0.009923745200636984,0.0,0.007582395423030058,-0.033725721267116995,0.0099923546097747,-0.2482149301320915,-0.10347888760761444,-0.10953050489825604,0.06581796129135971,-0.06165152375852268,0.03658509093558199,0.016186241929995557,-0.0020553473873215792,0.0,0.0,0.0,0.0,-0.061236619081459304,-0.03517890652216696,0.022815983902716462,0.05959351059647215,0.11358171949156616,-0.4567152315736192,0.07369528408077795,0.05700661474094572,0.1969793463398119,0.0010623837840997058,-0.04166311228509538,0.7435258163703714,-0.5042902737979195,0.08155669547504217,0.006458300283465822,-0.018680465918246823,-0.4190307106979984,-0.2313446027329474,-0.3400960053337848,-0.7034211927718338,0.013218051917279655,0.013697533353863173,-0.07798689654847345,0.0,0.0,-0.2372535277365546,-0.46265595503842766,-0.012224845096008423,0.009115137600303127,-0.28194870189018145,0.10763083026015169,0.1198288081287775,-0.20090942001115183,-0.34269419392160955,0.03742734494282875,0.03406256757153377,-0.09294709269130019,-0.10365027050464534,-0.008966671453191022,0.027660214695644725,0.2518229602676891,0.030080048468961545,-0.24918759255215958,0.2469920356395956,-0.4053406924285876,-0.14046321253183094
1973,-0.00565933039612548,0.0,0.010646979054338928,-0.01989173202260898,0.01026264331587618,-0.2608543589546362,-0.1456346506006143,-0.13945104454728477,0.06898584388954125,-0.06006641476938412,0.14855484925219853,0.017293359143782584,0.044956119118287334,0.0,0.0,0.0,0.0,-0.0724600479844273,-0.03943020851140645,0.026482073052546642,0.06310671381021456,0.11822513043040266,-0.43724215955264856,0.07168204257721672,0.0598407251531536,0.20852337748671773,0.000916902727836327,-0.04503277793430721,0.5932018389339684,-0.6152685749370052,0.07942997197610344,-0.012802676555576986,-0.021547088557200635,-0.6169143962844549,-0.24489777601194118,-0.4608937067783745,-0.6955798194440701,0.10520335928112277,0.007310001318214863,-0.06068049055549357,0.0,0.0,-0.24259437807411316,-0.4795536910170365,-0.012224845096008423,0.009299852969122134,-0.3340180409196903,0.08828265888289817,0.21230210215543657,-0.16714349920047644,-0.4755658736772664,0.034975832226379414,0.040043174671439814,-0.07866366748160246,-0.08590336610456707,-0.014944483996462542,0.05629186949608685,0.26345266150152497,0.030080048468961545,-0.28074139521427516,0.03145723894735224,-0.41312148260384574,-0.14128434989543132
1974,-0.00737052317843591,0.0,-0.0026738806186848733,-0.03890674115388956,0.013921457631216771,0.26298691483371245,-0.20048108992467917,-0.05464290027018781,0.058012332162784806,0.07465286084776063,0.2128629850540222,0.02547068691639818,-0.2512987148186782,0.0,0.0,0.0,0.0,-0.07504322594752857,-0.032720904327477526,0.04970249507414507,0.04223164253751345,-0.007716284625947585,-0.44112043524133343,-0.043179725312929886,0.40713805199875414,0.12744101651422426,0.0978865848656993,-0.01281017475889615,0.8148299990538561,-0.2348733537264401,0.05979066938135812,0.08004115039926524,-0.01806907154159028,-0.00999527100947622,-0.08954808989709521,0.3714590242029326,-0.5799432461103253,-0.16687416465262256,0.05827879706642414,-0.10171402037776675,0.0,0.0,-0.06518064666691206,-0.44429412333595586,-0.011872893975797848,0.044364795201356284,0.2541403581228354,0.10019822163118784,0.07675629793294743,-0.13479092495220085,-0.22562367703265457,-0.04380522113351547,0.03467830731038462,-0.03667857233643048,-0.0659492698878466,0.08070635941967032,0.03600915423712046,0.10067604927388178,0.01811254212216633,-0.10104365604752127,-0.1335819366622066,0.03374252953768688,-0.08295930310493775
1975,-0.003440212744388351,0.0,0.0134952338457499,0.04193825394992032,0.09623244678429532,-0.32883362426426066,0.1970980217764699,0.2037679089700087,0.6813616500888984,0.03873391312639416,0.14697090281653014,0.11043884296243532,-0.0467295282623783,0.0,0.0,0.0,0.0,0.08356824990389318,0.039722880727436974,0.026772711037017904,0.04664881483603438,-0.379179141691917,0.8999644471447031,0.05000115340911706,0.13461432103452894,0.16561219566558485,0.01478205003891554,-0.0398684508663699,0.3601624451835527,-0.6780907677549648,0.0524856128516132,0.009173190886976488,0.002984358811909719,-0.5986105514891147,-0.3200250837168946,-0.6127122056905916,-0.7552147981333818,-0.019335873586602624,0.1432838567532029,-0.04173022617280116,0.0,0.0,0.0885247969634888,-0.356804991379194,-0.013031634599865864,0.009625356197583016,0.32560240017290704,0.10143085681241515,0.21567582399111526,0.4396384041070588,-0.2293046504261627,0.043082260238806194,-0.036424038510309384,0.021744099716434626,-0.13013918331924756,0.01183632247313859,0.04539049201525847,0.4922705150446078,0.01644379426486452,-0.18814281220086848,0.08519291217994865,-0.09412512164604242,-0.16298643892533848
1976,-0.003440212744388351,0.0,0.0134952338457499,0.041950239491424006,0.09736242334141759,-0.33516188227510635,0.15186271614224334,0.17993195354171285,0.6521260425166429,0.032789193311176544,0.15546397361755548,0.11208239326504012,-0.047049726170671595,0.0,0.0,0.0,0.0,0.08356824990389318,0.041164092617788396,0.025272895427016415,0.04639848018960059,-0.41241539047261333,0.8970429954388135,0.051259934277657224,0.16158496460508295,0.1628062253239657,0.01478205003891554,-0.03708175238418889,0.3769394970226804,-0.7192215276132911,0.04439063094069909,-0.006287900567113466,0.004425570702261131,-0.5907121278135844,-0.32326084622488005,-0.600511556130469,-0.7651458463621278,-0.01814306743206425,0.1432838567532029,-0.04226965522606319,0.0,0.0,0.09016323927286336,-0.3555009535087061,-0.013031634599865864,0.007222048417847341,0.3274876991685652,0.10141365774535434,0.21679995609755143,0.4647305091727447,-0.22981720254061155,0.039425025932857,-0.036205404992644186,0.01637315461464842,-0.1432263095602966,0.01183632247313859,0.04539049201525847,0.49406781734742355,0.01624652632664743,-0.19165579789323775,0.0869303827057373,-0.09995581856698962,-0.16501579327120797
1977,-0.003440212744388351,0.0,0.0134952338457499,0.04181911715745851,0.09623244678429532,-0.2991324161499638,0.1430907179740161,0.2613617804804822,0.6658276599193427,0.019849874084105223,0.16687844136394706,-0.04825740547972395,-0.047049726170671595,0.0,0.0,0.0,0.0,0.08356824990389318,0.041164092617788396,0.0255819571429576,0.046001591407698175,-0.37132687167315476,0.8796846257370216,0.05000115340911706,0.1467353137515236,0.16724202297713597,0.0014072302914427473,-0.03729250680735654,0.3712205939353196,-0.6818159132874398,0.04425042580617876,-0.006287900567113466,0.004272962329170975,-0.6015286034507311,-0.33148902487367576,-0.613293956703849,-0.7599936945905477,-0.01814306743206425,0.1432838567532029,-0.042002624261398724,0.0,0.0,0.0896241250846657,-0.35676885251503176,-0.015098628422430654,0.004592520456123844,0.3081229690090606,0.10141365774535434,0.21579273775871696,0.48978601502397107,-0.22815398056899874,0.03855886703480581,-0.036205404992644186,0.016418395806870285,-0.14357411480232793,0.01183632247313859,0.04539049201525847,0.5013007569745173,0.018052580437884356,-0.20054329752553068,0.082573506847422,-0.13250234536290081,-0.17146602407808312
1978,-0.003440212744388351,0.0,0.0134952338457499,0.04181911715745851,0.09623244678429532,-0.3325313159643535,0.14987323772721411,0.24867296291158095,0.6657378936902874,0.019525363651914842,0.16687844136394706,-0.04825740547972395,-0.04601871270151261,0.0,0.0,0.0,0.0,0.08356824990389318,0.041164092617788396,0.0255819571429576,0.0439959555601267,-0.37440716192685847,0.8769089801773575,0.05000115340911706,0.15624820476036033,0.16399607215555917,0.0014072302914427473,-0.03710134606436289,0.38423574032481556,-0.6653846688568238,0.04425042580617876,-0.006287900567113466,0.004272962329170975,-0.598873557624147,-0.331780176066713,-0.6081543656621897,-0.7595695410142945,-0.01814306743206425,0.1432838567532029,-0.04555044779743104,0.0,0.0,0.0903438362353509,-0.35676885251503176,-0.015098628422430654,0.004592520456123844,0.3081229690090606,0.10141365774535434,0.21883789507209622,0.4808539148787609,-0.2275491345670476,0.03741939008528551,-0.036205404992644186,0.019107576967938706,-0.13488939705603376,0.01183632247313859,0.04539049201525847,0.49821604469230185,0.018052580437884356,-0.20398966389950993,0.14513803044863383,-0.15137882763591415,-0.167851174522585
1979,-0.003440212744388351,0.0,0.0134952338457499,0.041950239491424006,0.09832849729856447,-0.18755955858609782,0.18649322691325035,0.23748316260751323,0.6791691295605657,0.02767477660563047,0.16165443590755582,-0.08916443161319067,-0.048362454393444027,0.0,0.0,0.0,0.0,0.08165357909765499,0.04818510718590939,0.03041228956583282,0.04751237579308136,-0.22517345137957664,1.1144407721370984,0.05267821581126925,0.1907287014305818,0.17492433415450442,0.002323835963952265,0.007765222738676693,0.4661080400257142,-0.7190480518657173,0.05985014974786302,-0.020188503848263078,0.010907100953660835,-0.6986914390436023,-0.20479709202972285,-0.3436113749683713,-0.7236668152324518,-0.045751573999643684,0.1432838567532029,-0.0436884338946638,0.0,0.0,0.025423467679678822,-0.3649399792568876,-0.004627511915414274,0.007321623450049927,0.3012679428084841,0.10512411302317114,0.2610523157243977,0.46501721348182273,-0.2256512453790796,0.04754852152115221,-0.036205404992644186,0.02530676810097406,0.10744417991316421,0.009164906558180561,0.04539049201525847,0.5855892401874235,0.0386148972393791,-0.18433245557231195,0.11275738965121096,-0.5119763607938944,-0.12281209496619742
1980,-0.008380943469444962,0.0,-0.004833055477168915,-0.039482938057502553,0.0015666956657952689,-0.264328129691557,-0.20282901201754325,-0.12958022647248477,0.048602680197514965,-0.015077775071540706,0.006784465274728162,0.040958988269707834,-0.23456406966048896,0.0,0.0,0.0,0.0,-0.10129268519133508,-0.08419895555147425,0.03532266596395072,0.05108255055802876,0.04961518171986529,-0.2807717047165495,-0.04395099190960397,0.024483917838742934,-0.10634780599810706,-0.031174223706998096,-0.010222809493406091,0.16908506021706454,-0.05234859916536318,0.13149062129955646,-0.02203274684230039,-0.032127075500767724,-0.05913014977946504,0.026196197525569793,0.059210875270425053,-0.74239724355409,-0.2185782009915605,-0.011562583720933198,-0.050900499609223236,0.0,0.0,-0.2843916636011773,-0.5107849131532062,-0.0259960998485369,0.08618682799816367,0.026578353227244025,0.08111175784117756,-0.053798910708262385,-0.07624861019318467,-0.19543887822547196,-0.08445600860262091,0.04142787284402216,-0.0453482099421625,-0.07767765812353225,-0.13472275566791073,0.07759860572141528,0.2587690262530323,0.012386988643618023,-0.10371636199133161,-0.15110304694728963,-0.17345473909330714,-0.11226880769936379
1981,-0.00737052317843591,0.0,-0.004987298192993159,-0.03352083346021115,0.0015666956657952689,-0.29231660757362576,-0.23973492197535431,-0.14575201640190363,0.047349542222079426,0.024740656885218728,0.20712402621287562,0.062221911398279,0.17230449279902535,0.0,0.0,0.0,0.0,-0.08332829462815393,-0.10404983628948436,0.05519308503497415,-0.02954218465839082,0.08385099377943421,-0.2813758945805599,-0.12673412218331023,0.20577252177664862,0.05110205296407413,0.04335162036578841,-0.04732705645651044,1.3073605694690245,-0.06607159183781368,-0.08128261390760733,-0.15214674404840536,-0.02887140199474252,-0.10185991530006318,-0.09832435039958609,0.27486937727163013,-0.7316047221968836,-0.1620164647245359,-0.017963041769191387,-0.07103114271432567,0.0,0.0,-0.32538279140219445,-0.4728390073017443,-0.012501668365093886,0.011770541752042805,0.0008778756282498614,0.18997680602944741,-0.06388828299616858,-0.13395523203777313,-0.27897382017157063,-0.12405846804525061,0.03516642960624359,-0.1420079031506733,-0.017512902101963764,0.18132524683354836,-0.00029587421061145065,0.2815435009174165,0.025698985971624483,-0.16092852143940567,0.07453487446461304,-0.2224934007077751,-0.13025832979727617
1982,-0.008380943469444962,0.0,-0.0024130531179381897,-0.03983909159567469,-0.00025751692148153225,-0.239304186232886,-0.1635092210675055,-0.1390630385170634,0.014651604056701855,-0.02520940427162483,0.019941543396297112,0.050579732824159986,0.16932897787200438,0.0,0.0,0.0,0.0,-0.11634262442987348,-0.10372015674273999,0.04290482287092629,0.01868725404035168,-0.03012555211025131,-0.28617262280544353,-0.13399068449599177,-0.2388006568289534,-0.013238748745192075,0.024542487799540734,-0.01962302166706953,0.5382879751561965,-0.02259608019658495,0.10739765946624236,-0.0344948319697888,-0.03149967209631223,-0.17115664580086568,-0.022000171472758734,0.18038316219555184,-0.7466297606245016,-0.23204192158794504,-0.017963041769191387,-0.049910245467967095,0.0,0.0,-0.2466257452129014,-0.4901592792468808,-0.026298012270138265,0.015101408031947643,-0.00990459552237588,0.193727319495169,-0.029009121720072337,-0.1924044075446365,-0.24725243960469911,-0.14750195554792414,0.03496816519466604,-0.16773578057783528,-0.05018226576041845,0.08152753680631351,0.04385507873515528,0.07778971070456456,0.019097771517897436,-0.14043790825550748,0.054153608571461787,-0.21320538613304954,-0.10607071372813931
1983,-0.00737052317843591,0.0,-0.003306348457464336,-0.03463372041793799,-0.0018297670564118896,-0.11398745427921951,-0.16047445665156937,-0.08552720578108607,0.04510405340085823,0.09027586521345388,-0.5319382273473099,0.04473884710613437,0.17131293489832383,0.0,0.0,0.0,0.0,-0.11353382893742472,-0.07746406395549998,0.053165145143106746,0.039510714294132596,-0.002617018368942899,-0.2542693551541047,-0.08776987554117362,-0.00958357491230796,-0.06442752968349569,-0.13714933426088835,-0.019999317970727522,1.3234547276138637,-0.10194283129790857,0.05709804597632959,0.007726439874664978,-0.03228348199160512,-0.11438250469793418,-0.08981043655676202,0.15743514037763412,-0.6326032527444436,-0.17221638980139914,0.005784175854453422,-0.07340894096966097,0.0,0.0,-0.2440640503059214,-0.48049875779680884,-0.025398587916509646,0.018763622252243255,-0.5126808319907029,0.2262188384292674,-0.06372722152912613,-0.14935337007213115,-0.12359717663662599,-0.1298218270920629,0.03714462355244294,-0.08104114751355508,-0.08499256519022115,-0.16500129208865655,-0.010705204534732313,0.041659374059079095,0.009548044724327577,-0.11336272025929581,0.06389155079859608,-0.06863102950899654,-0.11205035304337996
1984,-0.012165531927774476,0.0,-0.002248038269595508,-0.033101256821295506,-0.0001092236300289784,-0.27249498842382985,-0.12873320164940016,-0.1383233912546747,-0.06342632452136641,-0.04460474964474284,0.2020970263734741,0.03996630489397097,0.13268200799816138,0.0,0.0,0.0,0.0,-0.11389600847117737,-0.08615318099533696,0.04553428621780452,0.032482264831491546,0.034672272493785315,-0.2617104268410723,-0.11940541391031997,-0.15703244960693458,0.007469277723885393,-0.016644615698148856,-0.03978465690529665,0.49663933924958004,-0.049451642298546934,0.0691857761450884,0.01259909795739763,-0.016919887940320986,-0.19084655231687994,-0.1449363744992009,0.24812214528203216,-0.7310168829246901,-0.21836741190835518,-0.0048959257853448245,-0.06363134478772058,0.0,0.0,-0.3079241028634143,-0.4853522864722164,-0.01203455432563646,0.01479401346857607,-0.3313201994180254,0.13049860579034409,-0.032766381745164004,-0.15192739176770773,-0.298871538618905,-0.1394924742217777,0.028445012219216585,-0.10328023300901971,-0.07486180238907546,0.09896737307661738,0.035807679460703574,0.138613437054077,0.0010119470256927197,-0.1270558652618758,0.256248868609814,-0.2517225745498044,-0.08741356384792849
1985,-0.0025589121938461674,0.0,0.0013907926001438986,0.033253726279762356,0.06768042001550492,-0.08729853619170204,0.1588072360885811,0.3298585369510929,0.44400850656035723,0.17540353486395355,0.14156410596996888,0.17011468847929292,-0.01851772660196911,0.0,0.0,0.0,0.0,0.12165912610502859,0.04186152694093249,0.004980370838421219,0.04058242059169654,-0.12014758126396537,0.8934245409355562,0.04273906922056111,0.11543700289825036,0.11941738390875194,0.02693879640821161,-0.00558176353458435,0.24645856576726788,-0.21576096729299138,0.05709394978937334,0.0024688110962219063,0.05546988657958257,-0.2206061979866161,-0.22008558635730968,-0.7839525996583846,2.4223855289888188,0.1278746290223314,0.087558441125646,-0.011768462443518653,0.0,0.0,0.6080251024191344,1.8974431601932487,-0.0063900214145261635,0.028152588994102938,0.23289116506999077,0.017005742114823922,0.08280107612700621,0.4857464788008793,-0.15946068009536588,0.037406397355214505,-0.022087792067055797,-0.024357369935516394,-0.06888917204426492,0.04140173262659043,0.008792765894391256,0.4328503791310045,0.003868571864609094,-0.0967376559274856,0.09584886974196813,-0.0009970517233592287,-0.15493489170673516
1986,-0.0025589121938461674,0.0,0.0018866488689666078,0.033253726279762356,0.06768042001550492,-0.10543849029741431,0.08307828070664458,0.3381241918527199,0.4373120680422071,0.17540353486395355,0.14108129018288423,0.17066509102563795,-0.01829412979113575,0.0,0.0,0.0,0.0,0.10329908284975564,0.042543082572739206,0.0020091667792383645,0.040495884497193047,-0.13068465940279625,0.8967166252038341,0.04273906922056111,0.08212093427276948,0.11723909866185801,0.026810731340392097,-0.013468111311124038,0.24664416422925486,-0.21719003047403287,0.05690828479854456,0.002408979567650966,0.05546988657958257,-0.26776331902940664,-0.22235026067477232,-0.8203224957686853,2.511505924777784,0.1289414030128541,0.087558441125646,-0.011685305656835909,0.0,0.0,0.607328564297308,2.0724260642987313,-0.0063900214145261635,0.02888221738366979,0.1863981297345601,0.01449133363815762,0.08611548250723913,0.4633945249566338,-0.17045482533494302,0.03961745423385624,-0.02196373949750728,-0.024357369935516394,-0.04934523324305591,0.038621501245397,0.009882987276528147,0.4316228313345377,0.003868571864609094,-0.10112403069750488,0.076409240673264,0.017241945901321103,-0.15496909368248915
1987,-0.0025589121938461674,0.0,0.0013907926001438986,0.033253726279762356,0.06768042001550492,-0.10350016466035764,0.08082636176265201,0.331869323806068,0.4368427002340747,0.17540353486395355,0.14156410596996888,0.17011468847929292,-0.017836170970162397,0.0,0.0,0.0,0.0,0.10285672672716821,0.042543082572739206,0.004980370838421219,0.0406573340128784,-0.12001164166059479,0.8934245409355562,0.04273906922056111,0.08012151630246703,0.11812887805199584,0.02693879640821161,-0.014015195911508987,0.24645856576726788,-0.21568053611928584,0.05709394978937334,0.002613516249827533,0.05546988657958257,-0.22057818440544344,-0.22057522636260762,-0.7743396814395427,2.4219030119344906,0.12417413340830345,0.087558441125646,-0.011768462443518653,0.0,0.0,0.60816980757274,2.084148515334639,-0.0063900214145261635,0.028152588994102938,0.18608903219866207,0.01449133363815762,0.08280107612700621,0.4533505600004065,-0.17078161330654754,0.037406397355214505,-0.022087792067055797,-0.024357369935516394,-0.06888917204426492,0.04140173262659043,0.008792765894391256,0.43193708235670464,0.003868571864609094,-0.10121519599519523,0.09653042537377485,0.015609701631958656,-0.15493489170673516
1988,-0.0025589121938461674,0.0,0.0013907926001438986,0.034674931615409084,0.06768042001550492,-0.015179297551759858,0.07985780533976006,0.33766324797292624,0.3697319874480304,0.17540353486395355,0.1429554058931685,0.16970365486298863,-0.01851772660196911,0.0,0.0,0.0,0.0,0.10285672672716821,0.04186152694093249,0.004980370838421219,0.04480827030268014,-0.11934277457831229,0.9310538596881498,0.04273906922056111,0.08686013389944555,0.11798417289839021,0.026205510866813973,-0.018636046287080266,0.24656587029193952,-0.2103240482993902,0.04339209124249165,0.0033909697001238246,0.05546988657958257,-0.23159334599559742,-0.22470587714093265,-0.6949207934874088,2.419990560511948,0.1278746290223314,0.087558441125646,-0.011768462443518653,0.0,0.0,0.6133815902390299,2.0781312442682904,-0.0063900214145261635,0.032157932262758065,0.18608903219866207,0.012805315684919613,0.08111505817376821,0.5102264530942477,-0.16929422789109008,0.037406397355214505,-0.01837768036330703,-0.024357369935516394,-0.06920851658121538,0.04140173262659043,0.00947250247816427,0.43236786207667677,0.003868571864609094,-0.10260952187835126,0.09584886974196813,0.018580408946515338,-0.15493489170673516
1989,-0.0025589121938461674,0.0,0.0018866488689666078,0.034674931615409084,0.06768042001550492,-0.036354417549273356,0.07278999931880109,0.3402729357765794,0.44553865223610895,0.17540353486395355,0.1438711447762499,0.17079996978121612,-0.017850352933641688,0.0,0.0,0.0,0.0,0.10329908284975564,0.042543082572739206,0.0020091667792383645,0.044646820786994786,-0.11830185666546862,1.0381285518594607,0.04273906922056111,0.1030430688085609,0.11735782513196569,0.02693879640821161,-0.01803178931115874,0.25058736806352755,-0.21568053611928584,0.0567364105774422,0.002462437225948745,0.05546988657958257,-0.2784007667571566,-0.2266144170664365,-0.1981208469525796,2.58916267133478,0.1289414030128541,0.087558441125646,-0.011685305656835909,0.0,0.0,0.7361522987124893,2.0724650007183114,-0.0063900214145261635,0.03401193972299261,0.18705223297030185,0.014530270057737783,0.08582821024025972,0.5233179160056755,-0.17057350510102,0.03978685475693254,-0.02196373949750728,-0.02440145893244117,-0.04793041949524149,0.04140173262659043,0.009882987276528147,0.42854254108083406,0.003868571864609094,-0.10082219219213645,0.09697278149636228,0.017585192433821152,-0.15496821441092654
1990,-0.013401806163136399,0.0,0.010646979054338928,-0.013959193039408572,0.010728940907510188,-0.20643013518784661,0.10907595416436815,-0.10341332050880238,0.09447467430035796,-0.05530665810845442,0.12184783778242748,-0.04333318821962887,-0.02134447857800952,0.0,0.0,0.0,0.0,-0.060601518514270133,-0.017347754073167264,0.021773606254636778,0.04318297322272189,-0.19252161460828834,-0.39093742548609234,0.06954023874951372,0.0514468513824347,0.12973206270689916,0.004376628485953164,-0.09294800263428593,0.542442172792636,-0.6874145412927254,0.05698560025160194,-0.042711460743774035,-0.02144217578071054,-0.4763966930407081,-0.33130211277295035,-0.5097267116408396,-0.636180693654152,0.11187605674728836,0.019007143556135926,-0.04687149357637405,0.0,0.0,-0.2149846434349806,-0.4508571441669949,-0.015181595411703925,0.002547057081960197,-0.25646429949852156,0.11485107031856907,0.23092035182954312,-0.16117683831429747,-0.4643520035728288,0.01690463489362955,0.037531419733891215,-0.003682152103437683,-0.17481838313840548,-0.022853391038763722,0.057334042086977524,0.2665021414887311,0.014731648025581728,-0.2956665248416994,0.17959601214848156,0.11173461407156929,-0.15377478385794202
1991,-0.00869973779993797,0.0,0.010646979054338928,-0.02004403241721949,0.007516525656423965,-0.23598582716036598,-0.06871747831610885,-0.06446379476853105,0.18479953699580662,-0.07691171542988257,0.21432691924675573,-0.06513591798311599,0.015286626607369458,0.0,0.0,0.0,0.0,-0.09011533578765693,0.04848252996506963,0.022433684657342717,0.15401725890672038,0.13327416503570444,-0.4498654125068768,0.13135719293450068,0.2399735275726975,0.11941331411515942,0.003617564003426586,-0.04122218393795897,0.5802017073167529,0.012698275181065666,0.15441603092466255,-0.05116352572053678,0.018305740564284502,-0.5497081368645678,-0.2403573221174847,-0.37352815651918014,-0.700042264734327,0.21502540249139418,0.1527127005582424,-0.05885587292599166,0.0,0.0,-0.25735608246197267,-0.39115904482796876,-0.012501668365093886,0.02219899511826833,0.043527351944171996,0.0844402548887382,0.3422425952405495,-0.24442353017095042,-0.5412819262689765,0.02790470867830448,0.10966208442145038,-0.05585110445635245,-0.17022619284280605,-0.015346766319742583,0.05513593168664919,0.3106281186524531,0.021255806104611648,-0.28372663167626233,0.13822337967852502,-0.3626740926137202,-0.1488521046886187
1992,-0.00737052317843591,0.0,-0.004856769671082608,-0.04281014179272861,0.0014059581730753337,-0.2577615004481922,-0.1723804640037668,-0.11182155083543244,0.04420501233710544,-0.011640930105351804,0.18817213017138884,-0.03813305558660833,0.14279627043304607,0.0,0.0,0.0,0.0,-0.10544812253769517,-0.05159720903156161,0.05612964218075767,0.06157723286479938,0.013741379568062812,-0.31295016359306,-0.05724790918365795,0.26732667935810045,-0.11666310068906613,-0.10851647410452214,-0.025692636553226195,1.2486537471277162,-0.11086632419298106,-0.06319025842249677,-0.07857490225645931,-0.031876592465069215,-0.13988864367713238,-0.10572837826193657,0.15250662625384181,-0.5828004357210677,-0.14797720940703285,0.005784175854453422,-0.08302734427989353,0.0,0.0,-0.24786050845215415,-0.48607980199074274,-0.011732641904035095,0.002955879214405913,-0.3821378254505488,0.21707158784272687,-0.017532981890413774,-0.1764633840682631,-0.1808930444812874,-0.11806103760939539,0.02880764678629339,-0.08814046350983816,-0.06342948641806159,-0.1574574116483423,-0.001262251805274761,0.3333617564126371,0.006030716703518117,-0.13213819791166123,-0.18748796576065557,-0.21502871554357383,-0.13580641834516458
1993,-0.013401806163136399,0.0,0.010646979054338928,-0.013959193039408572,0.010728940907510188,-0.19162838625598175,0.1030171906473783,-0.07844774532459,0.06334273501046865,-0.056158018237552204,0.1104523060461978,-0.04333318821962887,-0.009288424576271737,0.0,0.0,0.0,0.0,-0.060601518514270133,-0.017347754073167264,0.021773606254636778,0.051148379164771676,-0.18521367860575028,-0.403321320233788,0.06954023874951372,0.13542978879324163,0.1448786770121646,0.003652483892754887,-0.09182951201475886,0.5423982043444516,-0.6813077974186326,0.05698560025160194,-0.04139290011719586,-0.02144217578071054,-0.45483917461270906,-0.3308312411195628,-0.5104500323429552,-0.6371259601592378,0.11771668699244782,0.019007143556135926,-0.0471495459645536,0.0,0.0,-0.2149846434349806,-0.4722976504256089,-0.015181595411703925,0.0022360312642869594,-0.25646429949852156,0.11483387125150826,0.24561923948989994,-0.16414046633274457,-0.46482063893039127,0.01919283597150686,0.037531419733891215,-0.007346076128166873,-0.17817602168101068,-0.012032226420026004,0.054643041386167636,0.26444928111031707,0.014731648025581728,-0.2966249247870043,0.17955204370029723,0.1179404222700758,-0.15364230837807982
1994,-0.013401806163136399,0.0,0.010646979054338928,-0.01949457624420503,0.0099923546097747,-0.251235019874206,0.09614863227242906,-0.08129033974809853,0.0823936361382772,-0.07086819318086637,0.06175565238131082,-0.062820214896401,-0.0011318832290993766,0.0,0.0,0.0,0.0,-0.06043216250426778,-0.02404919527224284,0.022264663787369837,0.07179959306647969,0.04519553819292012,-0.42421814418395687,0.07095852028312574,0.0682403258908457,0.15218624465557035,0.0035857780843681127,-0.048526525442284085,0.5905393441955287,-0.6221513667020743,0.09008592475008291,-0.03613125441548289,-0.018405861145190366,-0.5989823204269938,-0.25335772464160666,-0.45684751630265746,-0.678683781407002,0.11834048776861708,0.019007143556135926,-0.05947139778523572,0.0,0.0,-0.24041010153000522,-0.485093818198225,-0.012224845096008423,0.004060730349360872,-0.2834396217087858,0.1142627645516323,0.24531637906118398,-0.161234753597041,-0.49179805710102437,0.05269548024293145,0.03604229663942799,-0.04061874096248209,-0.12318775852646695,-0.016076245735329255,0.053547216983595027,0.3131957364237526,0.019462153217548808,-0.2813041717139892,0.21938617172065186,-0.3717764139158999,-0.13881440300035727
1995,-0.0031530856299425702,0.0,0.0134952338457499,0.04193825394992032,0.09623244678429532,-0.2940807417346061,0.16826499209271864,0.31842746543333056,0.6626836705472223,0.037642849851648286,0.1444226831397342,0.1100131228343036,-0.048649324464748206,0.0,0.0,0.0,0.0,0.0727973076005884,0.0389283338186179,0.02510576884643972,0.044392844342029114,-0.4106252508484577,0.9065129323314846,0.04806937490590584,0.16074461591714995,0.14791391433545653,0.014910115106735055,-0.03942878300802459,0.3789333832210337,-0.658105064431384,0.0444880141288564,-0.005626454902312313,0.004196665843302808,-0.6180938003398444,-0.31882926153512225,-0.60549573100419,-0.7596333129039694,-0.024177736999210567,0.1432838567532029,-0.04518489130531163,0.0,0.0,0.07419774454714521,-0.3585257092796398,-0.013031634599865864,0.005140569970653206,0.3083840289998449,0.10379879563493363,0.2185186040580136,0.5140975473752415,-0.2308405719192654,0.03849321655503288,-0.03596441901433278,0.0049478916113406555,-0.1336284045415717,0.01183632247313859,0.04539049201525847,0.47398798671216924,0.05119198075572671,-0.19165390405381955,0.08358131171664468,-0.10380898209329986,-0.1668997103200219
1996,-0.0031530856299425702,0.0,0.0134952338457499,0.041950239491424006,0.09623244678429532,-0.2976559973635613,0.15001901386402958,0.3329709920906021,0.6825367794360016,0.033939805263443645,0.1445332106898456,0.11047776195204387,-0.047049726170671595,0.0,0.0,0.0,0.0,0.048551373570215536,0.041164092617788396,0.025272895427016415,0.04360947596251717,-0.41241539047261333,0.8895780800156191,0.050092949160104566,0.09856789981553767,0.13923107885708846,0.01478205003891554,-0.040678335149322335,0.36509796014372514,-0.6795682340963018,0.04332741220860809,-0.006284865252072953,0.00563787773365422,-0.6202032628696922,-0.32470020630008795,-0.6052939258579331,-0.7595628129466404,-0.024177736999210567,0.1432838567532029,-0.04543433773244618,0.0,0.0,0.07394876231704617,-0.35676885251503176,-0.013031634599865864,0.005427842237632628,0.32589560309519444,0.1021931346328006,0.21567582399111526,0.469577861649061,-0.23088035051260317,0.035445308581314616,-0.03601527028103248,0.017782565279392513,-0.1433774765732877,0.01183632247313859,0.04539049201525847,0.48248083728427515,0.016997113020085084,-0.19604554105846742,0.08077879119369563,-0.08634529912265046,-0.16693715323487632
1997,-0.0031530856299425702,0.0,0.0134952338457499,0.04180713161595482,0.09623244678429532,-0.297010827374358,0.17663521825590625,0.30999579675406896,0.6773606425551176,0.03674890863788264,0.14732650795505778,0.11087166450767683,-0.047049726170671595,0.0,0.0,0.0,0.0,0.048551373570215536,0.039722880727436974,0.025279580785291328,0.04260012134993134,-0.4027369809458908,0.989748288926528,0.050092949160104566,0.0933553734191561,0.13923359246939812,0.01478205003891554,-0.04772784243761926,0.36643461730523574,-0.6789458366129685,0.04332741220860809,0.001362614823587174,0.004196665843302808,-0.6122045047075985,-0.3280163237875857,-0.6320949662529318,-0.7585732866494329,-0.05187384331202622,0.1432838567532029,-0.045161939643848625,0.0,0.0,0.07394876231704617,-0.3567672451459949,-0.013031634599865864,0.005050873687490488,0.32589560309519444,0.1021931346328006,0.21650268165319728,0.4369869980525027,-0.23764224973779338,0.0346356981932626,-0.03601527028103248,0.017782565279392513,-0.14092668297688668,0.01183632247313859,0.04539049201525847,0.485524251282214,0.017194380958302172,-0.1924707215225889,0.08406734833498052,-0.09374888795072456,-0.1669339122957759
1998,-0.0031530856299425702,0.0,0.0134952338457499,0.04180713161595482,0.0960155234553116,-0.2964517341992772,0.16739836946118739,0.3247534562644998,0.6906708662316854,0.042390099424527816,0.14205919957318558,0.11032970269925681,-0.04785477755592913,0.0,0.0,0.0,0.0,0.06975265535600671,0.03921250648491794,0.026598899098166297,0.04299939383435966,-0.41234229049382504,0.9055687283334922,0.056372713732107234,0.11728243031183128,0.1469130310467813,0.015240859499091543,-0.03952827038064513,0.36341022938747813,-0.6613940046483645,0.046730096099246325,-0.012590871293101403,0.004196665843302808,-0.610664157280054,-0.31071761625415467,-0.6258191994495057,-0.765713064858807,-0.024177736999210567,0.1432838567532029,-0.04121856004761894,0.0,0.0,0.07419774454714521,-0.35691184145520943,0.0019373084121742236,0.005050873687490488,0.321222607456932,-0.0667289719830282,0.1868375797727367,0.5174133344929456,-0.22063824744268376,0.03635793015391707,-0.03620493198301429,0.0049478916113406555,-0.010423367178952585,0.01183632247313859,-0.011869253701575523,0.5139301158323758,0.017194380958302172,-0.19326275910066087,0.08026647300853858,-0.11035564130604242,-0.1660591842981076
1999,-0.0031530856299425702,0.0,0.0134952338457499,0.041950239491424006,0.0960155234553116,-0.22529625531472244,0.1479166833456187,0.33526223803827937,0.6669661667970296,0.034489835903861454,0.1420557569013391,0.07658389077635168,-0.047877786693061274,0.0,0.0,0.0,0.0,0.06975265535600671,0.03921250648491794,0.02537471943394917,0.04527468970243083,-0.4220207000205476,1.0244907311947304,0.05419574103364681,0.14375352170978378,0.14564135121706587,0.01478205003891554,-0.036947098021466854,0.3998495233059967,-0.6772518356587033,0.04673009609924631,-0.032237752049715754,0.004196665843302808,-0.6071826686910804,-0.31165114428181995,-0.3901877075676564,-0.7759106749123167,-0.02373817784721198,0.1432838567532029,-0.038530048866395265,0.0,0.0,0.07419774454714521,-0.35692206193445997,-0.005517268408544985,0.005427842237632628,0.32623729853120415,-0.06667184579447478,0.221691075075561,0.44792264613991684,-0.22499873477093732,0.03826995657600876,-0.03620493198301429,0.005022216866954887,0.05851974387310314,0.01183632247313859,-0.011869253701575523,0.536202058854016,0.01746617421005306,-0.193192612579914,0.07416340980280091,-0.09153484239872367,-0.1662053683374357
2100,-0.002207443410116113,0.0,0.00566389127628369,0.04694877845181245,0.062299630598592746,-0.14088847956376493,0.18266071741378612,0.33793963270051813,0.5407231753851485,0.056554421224789035,0.15227754501653087,-0.020534588228734767,0.0797730504506214,0.0,0.0,0.0,0.0,0.050581331615453626,0.08610539039512986,0.0007282591922058781,0.03413374466722737,-0.10116954128434395,1.1817876751911962,0.03288864891917236,-0.01883285491937713,0.1292279202336351,0.014334406078673395,-0.014152434754394656,0.3282061509150426,-0.2714540264531894,-0.005999350427451833,0.014230695637731057,0.01917422310535315,0.7492819532595771,1.5605576989593517,-0.11074724316189508,-0.8856519255872372,0.0856861264626707,0.09516172222836841,-0.016509360106643126,0.0,0.0,0.5990479930671542,1.700444725089172,-0.006376380454124874,0.021436078568220548,0.19342788349126144,0.10419366772485036,0.09197903908356724,-0.2307161323266621,-0.1655159431541106,0.03268283662142989,0.008614749349735365,0.0025475067686335797,-0.0285877668525517,0.030663943274877866,0.013150138475005608,0.6920266886445188,-0.010840794702473231,-0.11268993260030141,0.014753774360825091,0.5421594714302861,0.2329742515223589
2101,-0.0019473344242691023,0.0,0.00030985482742254555,0.04680388167551829,0.06586300616826928,-0.05386643770046042,0.16047144293055826,0.3560867899107756,0.5381435062566624,0.061567293434006895,0.172832775473598,-0.017325316814016677,0.12365227285322827,0.0,0.0,0.0,0.0,0.048416612168220144,0.07639079880613923,0.0027888240648608863,0.0366801910848044,0.04508253897036074,1.2016068948952243,0.027777601561796546,-0.03369391488213183,0.11715628765735908,0.01304212350274729,-0.0164538293840506,0.3579085510030337,-0.2730723496628047,-0.004709206730252926,0.009178028265079142,0.013662734684627111,0.6798082322868255,1.5269133498029175,0.01242386033979594,-0.8828345549739531,0.1119451806002356,0.09129843453399951,-0.015788347232593702,0.0,0.0,0.5965502578661662,1.6549252472409681,-0.006376380454124874,0.021264817663978593,0.1561434916918255,0.08177966861853424,0.08717064694753411,-0.19671600632682132,-0.1651531072293375,0.03689467619866091,0.010712097213104309,0.02258164404943143,-0.010028813076669266,0.04745133998919805,0.014585811026779751,0.7305439918993994,0.057160216549814145,-0.10461892537353318,0.025832237706168305,0.45522318247139004,0.25324595491524227
2102,-0.0019473344242691023,0.0,0.0006624994793514068,0.04681114794678236,0.06283130460754376,-0.12866275539569133,0.16981566305834359,0.363192926113487,0.5297590315276848,0.06087697153895655,0.1577195192232517,-0.019798110337094013,0.11976907102658847,0.0,0.0,0.0,0.0,0.05047763221638221,0.07730422082392972,0.0010536176995510523,0.037292656915487825,-0.1831644488863107,1.1871252185803052,0.033226716882358016,-0.03039278147040964,0.12966758335974485,0.02363641304145654,-0.040784262752282016,0.3278862774618543,-0.27512386472852135,-0.0008527636141870388,0.007747860126622836,0.01917422310535315,0.7433531864638998,1.3511871690794857,0.22001234564786787,-0.8850098451591807,0.09487487577644185,0.09423584644638608,-0.015490645839313573,0.0,0.0,0.5992669537644257,1.712401247653237,-0.006376380454124874,0.021436078568220548,0.22747902253075966,0.0740351318554523,0.08236881734613163,-0.22911251112263661,-0.16306625412739195,0.03487244305112563,0.009822550062062648,0.0031175718477654893,-0.0396123772573158,0.03462074103518834,0.014585811026779751,0.7428128563555035,-0.0066988287217549635,-0.0956153549122131,0.03137625052316249,0.5486225101830576,0.23536510036817854
2103,-0.002207443410116113,0.0,0.00030985482742254555,0.04700423157366932,0.07330069790450722,-0.056359297633595075,0.21751893155158708,0.38255415252574154,0.5227599394838677,0.037919266368386745,0.17841965397445794,-0.0258801665380496,0.15396557210894987,0.0,0.0,0.0,0.0,0.0513333525753992,0.08974813621633229,-0.001399422711381449,0.030725428346223292,0.08362321662324892,1.0292673420041538,0.03311373761861714,-0.0699443938286965,0.12956936267235208,0.027318781356145308,-0.04510963293262011,0.34082151798131827,-0.2879071413710456,-0.0013582267022395616,-0.004066494800878199,0.01285630459414587,0.7420453042571051,1.40466539041862,0.46495798255636134,-0.8882193757563756,0.16578649813984858,0.09195765708550994,-0.011980028865300111,0.0,0.0,0.5871013309886078,0.776950661948684,-0.006409657991373255,0.04145463891006856,0.20618742824971703,0.11620549210835927,0.08241701731661952,-0.18327201984038258,-0.12322358044351944,0.03206276143263386,0.01474257427693034,-0.03897335973971181,-0.03022667245249127,0.03815252550020289,0.014655549219295306,0.6712227032193068,-0.010864829394063972,-0.06528304261253363,0.03902618424248395,0.5641123943281833,0.2526740110426979
2104,-0.002378237126107717,0.0,0.00030985482742254555,0.041001156174509806,0.06586300616826928,-0.05964547797110341,0.1589970741996884,0.2662477102429101,0.5270284731855084,0.0634586196995425,0.16648467984043613,-0.019674915962511138,0.10849215924578061,0.0,0.0,0.0,0.0,0.05461797234098127,0.08126559266957128,0.0026115681268550697,0.0366801910848044,-0.09715992539367764,1.198275112382522,0.029037555661938528,-0.03230502547456415,0.11586594705310828,0.01304212350274729,-0.023865496718626627,0.33656025856945704,-0.27502603473185,-0.004691037513922972,0.007485198917229714,0.01092997597509305,0.7426289201717419,1.5730905725194488,-0.04819183997609599,-0.8817012299253568,0.10090954534358822,0.09103832554815251,-0.017393978905827737,0.0,0.0,0.6044538965326642,1.7403677906823312,-0.006376380454124874,0.03173835124380941,0.15401845904397443,0.11202362846076555,0.08570021706486282,-0.2239387017237026,-0.16551033489507672,0.03371842226901641,0.011248630459702032,0.0028855747318192403,-0.04850572305799965,0.0475991500731056,0.014585811026779751,0.6856274500226063,-0.015075195671702145,-0.11008616027847486,0.07834087179054508,0.48426446971785925,0.2329742515223589
2105,-0.002207443410116113,0.0,0.003834610885468763,0.04700423157366932,0.07330069790450722,-0.04689312464608441,0.18496471249605495,0.3670444139166518,0.5020365692816227,0.04049412325524272,0.23314105915766467,-0.018083856314611107,0.16169822799895564,0.0,0.0,0.0,0.0,0.05176047351445642,0.07978440740262703,-0.000604625086976836,0.04809579977147164,-0.040949296706078706,0.797473466506215,0.036106231360121664,-0.12370528057344891,0.1306183861798813,0.02799472004552561,-0.04913560006601119,0.36846826721307496,-0.22530823765139935,-0.0021716451604123247,0.0010152546952210747,0.013560588176226369,0.6222388825443897,1.3787828330676009,0.4539463295938167,-0.8810784623420329,0.2562993867290057,0.09355940974150087,-0.011980028865300111,0.0,0.0,0.5952832547011834,0.6788852224492898,-0.006409657991373255,0.009727323247674087,0.21679978881021517,0.08752298722028659,0.08325602571447091,-0.17974949699481327,0.11931434740355727,0.0439596894313145,0.010741887605726162,-0.003232378483078159,0.008082120418958472,0.02568357855372096,0.014655549219295306,0.7643157758446473,0.06163709525233834,-0.06251473530292574,0.03988018587857468,0.5282892206515871,0.2464968276284912
2106,-0.002378237126107717,0.0,0.0017564213158350142,0.0470734651501659,0.07026899634378171,-0.01563762771497949,0.1716344879192811,0.291033336607089,0.4678385254891171,0.06618405900972385,0.32926543218900683,-0.020365681295015665,0.1334869490629254,0.0,0.0,0.0,0.0,0.058378178267128586,0.07614166158142459,0.002765746914145587,0.08533273589503403,0.045152905344877786,-0.31453036585583644,0.05984713711477053,-0.21949467679517673,0.14617830519367797,0.014076616759153292,-0.01921120114765532,0.3706175648091568,-0.3296675271010941,-0.014451371611782561,0.010890772483884021,0.013523991840972343,0.7436262371353692,1.670299658634616,-0.0035852604747159244,-0.8882076867041866,0.3725478976963286,0.10082376772469649,-0.01506097930860774,0.0,0.0,0.6105623965572229,0.64097833262143,-0.006409657991373255,0.04130923525998243,0.17526610890480945,0.09862028284847645,0.1298314463479328,-0.1886388200538749,0.7170796442465602,0.03216300602457023,0.010555764170421825,-0.0042071497392776325,-0.04766335494727137,0.0354074547910208,0.014655549219295306,0.7951434919699983,-0.01540231332360538,-0.11303870115197069,0.03166545718237673,0.511370323774375,0.2531208542801978
2107,-0.002118128140260707,0.0,0.0017564213158350142,0.0469915223211944,0.07026899634378171,-0.0027162191991868777,0.17722758971523841,0.24861639181962825,0.45621874468854107,0.06369145989583189,0.31562111074011256,-0.019470167223959344,0.13574100458001068,0.0,0.0,0.0,0.0,0.058378178267128586,0.08701881241292035,0.0030951712556701195,0.08500218819288102,-0.006660709951617594,-0.31474006697579854,0.05907550854309462,-0.23632166264892532,0.14403666057026757,0.02337862372193644,-0.04725209241091439,0.3697810763200171,-0.32242967223353125,-0.010659072973656527,0.011056630442830229,0.004823680172921201,0.7343563802459018,1.4576797492029983,0.3082402075198111,-0.8803540366370195,0.36980105641464195,0.09989789194271416,-0.013736409575485628,0.0,0.0,0.6108513273992657,0.6412384416072769,-0.006409657991373255,0.04130923525998243,0.23761086272470663,0.11984965574325714,0.12365231895801551,-0.2022327423768197,0.7126979612485432,0.03022163196641717,0.008472235233096703,-0.0042071497392776325,-0.03948866033827699,0.03628433393643661,0.014655549219295306,0.8159304130923465,-0.011062588368475543,-0.09347627861335371,0.04266719851330806,0.6020164521032855,0.2811385069690903
2108,-0.002378237126107717,0.0,5.617932506345885e-05,0.04708545069166959,0.07330069790450722,-0.03962190417937949,0.15441959120934526,0.2686620498916772,0.5494963280085183,0.06005938195762872,0.2575449333273778,-0.02162883419784227,0.15329172795796078,0.0,0.0,0.0,0.0,0.05931463969454086,0.0911893481066837,0.00501486811446669,0.0512425247270642,0.054127658301794904,0.7111265346218445,0.038243077216262085,-0.06989086221214749,0.1338073050991407,0.022344130465530437,-0.03743553382411934,0.3410777495810383,-0.2596310695013066,-0.0009886036609935572,0.003097128857429867,0.006264892063272613,0.7627825753016186,1.5331465212811786,0.37676797362254877,-0.8998327048635612,0.21092965118860374,0.09593092818899597,-0.014629422227322822,0.0,0.0,0.6056221995813245,0.5872060261943693,-0.006409657991373255,0.04130923525998243,0.24261466768976733,0.11466219044586022,0.08904061860590232,-0.18912462470255964,0.2861412569245629,0.040283199909034825,0.00866226607965697,-0.0042071497392776325,-0.2262246595398653,0.03653934845036032,0.013523648340390168,0.659969427047815,-0.011062588368475543,-0.11096833464308843,0.043958442678285234,0.5762285709706616,0.2811511898441033
2109,-0.002118128140260707,0.0,0.0011501011615470665,0.04680388167551829,0.06586300616826928,-0.0009657691140267829,0.22309408291324936,0.1812688794157407,0.42518104879941415,0.0631028121958582,0.29151443627874096,-0.021392962771819207,0.09626478201242433,0.0,0.0,0.0,0.0,0.058378178267128586,0.08701881241292035,0.0043783151115319545,0.08552119182032501,-0.008209290867151137,-0.2971190861788658,0.05577623152264256,-0.15128385712624393,0.13352573457291972,0.02337862372193644,-0.022897094468187093,0.3510078824699849,-0.28100426520027244,-0.005724657034354803,0.01089545643222076,0.004258139434495471,0.8004160579754483,1.4892353300168937,0.28286138754601164,-0.9027666766663351,0.36686879907114617,0.09508043027998811,-0.01816847721129012,0.0,0.0,0.606761640790058,1.4433756201693337,-0.006538710242975146,0.020423621338854704,0.2912378945658515,0.1082812614901459,0.12529520976145261,-0.21815348245852484,0.7188876300518688,0.032072966499285774,0.00826031976666549,-0.0317407742714554,-0.22299924676217903,0.04832821913461385,0.013453910147874613,0.7701794115984119,-0.010864829394063972,-0.09135356161935103,0.03813196891225738,0.6074710401216793,0.28126360760413477
2110,-0.002378237126107717,0.0,5.617932506345885e-05,0.04681114794678236,0.06283130460754376,-0.0383612362607506,0.15812428038303353,0.27696418550365787,0.5408136161191708,0.06317379921435308,0.16665424268087256,-0.022073156934058556,0.11482563158048258,0.0,0.0,0.0,0.0,0.05804011030394292,0.08418117329079254,0.003890646148537546,0.036559841142428336,0.04229451640555684,1.1930539132129325,0.028699487698752867,-0.030993429450524686,0.12718886505699975,0.01304212350274729,-0.016908785776155007,0.33443849198647335,-0.2750025090054234,-0.004691037513922972,0.007392170413587494,0.012371187865444461,0.8116764739713388,1.5379851363408312,-0.032151440838968835,-0.9002851121374228,0.10280600355589196,0.09103832554815251,-0.01656871514177101,0.0,0.0,0.6044538965326642,1.7196959174783146,-0.006376380454124874,0.021436078568220548,0.14605496629850453,0.11332464772019392,0.08442140044457778,-0.21437901717284855,-0.16359149416857638,0.031532074778203224,0.0105846481919104,0.015012523369611692,-0.20058157288878598,0.0475991500731056,0.013453910147874613,0.6462675440395141,-0.015272954646113716,-0.12805652216900884,0.04750817052862438,0.48771300474968377,0.24681900814264207
2111,-0.002207443410116113,0.0,5.617932506345885e-05,0.04680388167551829,0.06533133215931827,-0.05342226667053832,0.20256347274986208,0.3395561753129269,0.5114197769457368,0.0628610150049109,0.15725480446561632,-0.022949046400995016,0.11574121353264154,0.0,0.0,0.0,0.0,0.05005882318480126,0.0802694510823792,0.03671392727621482,0.032802622609143475,-0.1004897221845903,1.1309952915919523,0.028699487698752867,-0.027299099333997698,0.13020762284547313,0.01304212350274729,-0.015060436758449034,0.31274075597244244,-0.27080728823189587,-0.002707681750180265,0.013728639736420727,0.011195717970370847,0.7089514372061325,1.4877209468349726,-0.04991943810924896,-0.38111390356233976,0.09368206962190348,0.09103832554815251,-0.013892470241031947,0.0,0.0,0.5965374026009904,1.712409076328684,-0.006376380454124874,0.019290134734748488,0.1648683568949541,0.09883611127537074,0.09188118232897137,-0.23256228385332753,-0.1562401561655676,0.030367123933909827,0.0105846481919104,-0.03235566745223026,-0.13340484815706458,0.04745133998919805,0.012018237596100469,0.607711264998282,-0.015223868022402411,-0.09828847906296914,0.026532345760305824,0.4855862602349427,0.22653462187474563
2112,-0.002207443410116113,0.0,0.0035034841953384363,0.04694877845181245,0.06533133215931827,-0.011638932121555633,0.19670678178616094,0.34672996468331757,0.3989668726588662,0.05584896056598585,0.28799175055120896,-0.022239575404673348,0.02988817351536885,0.0,0.0,0.0,0.0,0.05271781930638038,0.07903809063497859,0.029009240938925686,0.07948471445557476,-0.03177140230007776,-0.2909151148865465,0.05567568654469877,-0.14480261968132105,0.14352480453183783,0.014076616759153292,-0.02530254360708326,0.33942702779799233,-0.27061291985508995,-0.013050905548565112,0.017187813429654086,0.011195717970370847,0.7447552172595188,1.5188434684289476,0.07854191770512453,-0.37863494073048826,0.3534020736268786,0.09600630606197044,-0.016010736612421132,0.0,0.0,0.597157039443103,1.429843089375223,-0.006376380454124874,0.029592407410337352,0.23312836665304212,0.10544517834959785,0.13563868321594502,-0.32923589082919485,0.6731063815654136,0.02867591141660248,0.011119695277602728,-0.01989065085125214,-0.13411296528933436,0.04745133998919805,0.012018237596100469,0.7078121292045181,-0.013422066993810863,-0.09842268689495846,0.028726227259718164,0.484751368563751,0.24680632526762902
2113,-0.002378237126107717,0.0,5.617932506345885e-05,0.04101386542698473,0.06586300616826928,-0.04889254519015523,0.20358880666731088,0.18801574075590172,0.49224202198367695,0.04601171890983717,0.18952033825849238,-0.02120863109288186,0.11219254354871831,0.0,0.0,0.0,0.0,0.05289543764681441,0.0821359649582649,0.037043351617739355,0.03381701851383204,0.0593451632955269,0.9312944769762759,0.02805041948519704,-0.01520285015420012,0.11616058078520039,0.027318781356145308,-0.024514957379022227,0.32437958569099634,-0.24726794656776355,0.0007608670996119811,-0.0021447513586448624,0.0003452605544586908,0.6912519198107662,1.4375775539936455,0.4439008835084539,-0.3871721917081232,0.19241464301889405,0.0871401954227839,-0.015163868209588056,0.0,0.0,0.6001839531130096,1.642893372024043,-0.006538710242975146,0.01889973998472214,0.214339650868711,0.09313315211621136,0.07720183502808381,-0.21131069561277951,-0.11216172711787599,0.03423503031116257,0.009659608822322825,-0.028876358254664412,-0.15873632420605846,0.04971909627297169,0.013453910147874613,0.5974905341763864,-0.010840646856986899,-0.07860245209299202,0.08523008483630334,0.6088233515492093,0.26888581545206675
2114,-0.002207443410116113,0.0,5.617932506345885e-05,0.04680388167551829,0.06586300616826928,-0.040892471883165436,0.19069371776385885,0.34354921183081966,0.5279508771948871,0.06578988325171331,0.2106137812526792,-0.02081705927005418,0.11707968709756783,0.0,0.0,0.0,0.0,0.0513333525753992,0.08638270722164358,0.005018933948646049,0.04809303298407786,0.05581889769696689,0.857097285992668,0.03160873995319286,-0.049608114118585234,0.11769554988396098,0.02220612743318884,-0.020040974058134972,0.3284026630689768,-0.24688612559418532,-0.0005259405857295798,0.0033947253111124495,0.01092997597509305,0.7681314779878076,1.455081103300177,0.16546482032510426,-0.9004042131675204,0.20777392693140384,0.09111346652626992,-0.015068509440859605,0.0,0.0,0.5921846198256447,1.5299455520035874,-0.006376380454124874,0.021436078568220548,0.24325799889873218,0.10654793805569872,0.08376840520320912,-0.17748708970825947,0.20412229874335136,0.03405123186795141,0.010395694233955179,0.015350591332797354,-0.22385127364525653,0.04858323364853756,0.013453910147874613,0.62988827641163,-0.010735470716572305,-0.10441501853579237,0.05682787159831533,0.556323726437227,0.25553644149566956
2115,-0.002378237126107717,0.0,0.0015027458134759279,0.046816590927993215,0.06283130460754376,-0.09561133517496397,0.12014368194691744,0.22873023919193605,0.3723884376034233,0.034985711923165956,0.0772717091960563,-0.02011062526225766,0.09963405355525595,0.0,0.0,0.0,0.0,0.06249614424677239,0.08268083645618102,-0.005489939792495855,0.03443693851025979,0.09280386050259251,-0.321464575007613,0.03345516176872084,-0.07166530042578458,0.14798095048019866,0.029658969203139728,-0.019558540654008395,0.3733594906987997,-0.2272823077242559,-0.01647760309235828,0.006935581667499319,0.008043491058299773,0.6889954022207075,1.4264008299310953,0.8384798086258898,-0.3817927987896904,0.38260863948455826,0.08965143524420102,-0.015018871977218335,0.0,0.0,0.593760654925225,1.5386455916284958,-0.006376380454124874,0.029737811060423478,0.25252755585948555,0.09722162508859179,0.0805838707671887,-0.16062992636245854,-0.18605836121721853,0.03501908565664681,0.011256985015867022,0.015886921733062588,-0.14920391239198277,0.050196410698380135,0.013453910147874613,0.6696451952289507,-0.006606245887757985,-0.07096308851336845,0.04281758932991351,0.546188168995502,0.24680948788528298
2116,-0.0019473344242691023,0.0,0.0011501011615470665,0.046816590927993215,0.06283130460754376,0.015956202722876983,0.1459879399056058,0.3685196286588865,0.3795157381242183,0.03648825312316556,0.06429892712893748,-0.017690756362578382,0.10869487909014242,0.0,0.0,0.0,0.0,0.05201206971721156,0.07959001216379026,0.0009110402599202053,0.03428009160908658,-0.033140556075943954,-0.31831976957123254,0.02877767501983528,-0.06699059208208893,0.1272670360059786,0.02872992549460366,-0.018455954115886276,0.3893872646896369,-0.22202005992576074,-0.014907563552804563,0.008923948032919434,0.011232314305624873,0.5644553284185697,1.4187647346432257,0.8548021458308328,-0.36892472962154155,0.37103837225259456,0.08795374249920535,-0.014934988705216297,0.0,0.0,0.5888359729946848,1.4909674740337238,-0.006376380454124874,0.029628018462466394,0.23855025232222415,0.0869051490411146,0.08169832002509707,-0.20101667048300068,-0.18789583168076518,0.03824050769351384,0.010930741319647507,0.03653163306267987,-0.14882821052014933,0.049649541387743246,0.013453910147874613,0.7059908027825706,0.061394765364529404,-0.0751202572785539,0.039298717408659326,0.490882971666718,0.23906475213720954
2117,-0.0019473344242691023,0.0,-0.0003047068475584171,0.03346105533357526,0.06536736047144047,-0.043302160627404475,0.12004649058173333,0.3367575664857242,0.4456524910544786,0.06360917753045979,0.16238257301109216,-0.01908401165735305,0.05296822841115389,0.0,0.0,0.0,0.0,0.05399234869697833,0.08340698688267634,0.008019947319464857,0.031453988478993396,0.05697059432149511,1.1996029807113973,0.029037555661938528,-0.04029460343521386,0.1061544889112979,0.022643418272858387,-0.014990707596160066,0.2818549472468916,-0.1965868984480509,0.0066720212442425006,0.013505720634358842,0.011195717970370847,0.6129179663302473,0.9495068444890358,0.24144062942180117,1.9409903359450955,0.09458268717851347,0.08977182285612599,-0.006826261168548394,0.0,0.0,0.700861000043192,2.0084312967729834,-0.004515888127250403,0.029592407410337352,0.215106518156163,0.07897934914347195,0.07642196449865876,-0.16340400871442828,-0.1638465172342991,0.03167954599737837,-0.007940749428451868,0.014643027632166935,-0.12453193851202425,0.04884374564454366,0.014964471387836886,0.4258937289210269,0.000667369486570428,-0.08118909070455183,0.03927622742224777,0.45781447571678174,0.24918449123843556
2118,-0.002118128140260707,0.0,-0.0003047068475584171,0.0335127088431944,0.06233565891071495,-0.02135036673676412,0.18371499112410986,0.22077851214643968,0.4479977998723414,0.06098949685932979,0.18399437264208462,-0.020229412744500137,0.05296822841115389,0.0,0.0,0.0,0.0,0.06103717438870772,0.08067766307926438,0.041008032149220025,0.033577635135799234,0.05768412151934239,1.15979384722678,0.02854352093139963,-0.03382510443527051,0.11278167818065846,0.022344130465530437,-0.015410222635389237,0.28391139618963773,-0.19483401929252758,0.0029424749739240894,0.013505720634358842,0.0024954063023197052,0.6063124627723374,0.9613848458968424,0.22966869137767737,1.9476115700528582,0.10176471319058057,0.09011244976617018,-0.006919035240482891,0.0,0.0,0.7165369267805465,1.993027539277842,-0.004678217916100675,0.029056609010224877,0.2090637161323713,0.06965203785621195,0.07809615036809894,-0.19643210901908226,-0.1553304090449927,0.03159390678454217,-0.008858196615398143,-0.028869060492612716,-0.1241989105553063,0.048588731130619955,0.014964471387836886,0.4346994759829544,0.000667369486570428,-0.07831203153116312,0.04733056728457045,0.477939696477469,0.25581168050779607
2119,-0.002207443410116113,0.0,0.00040882397699232005,0.04101386542698473,0.06283130460754376,-0.12841260747052138,0.20299502586338536,0.3453155421562004,0.4616573314628007,0.036892885079159936,0.16539816416312433,-0.022192617494239987,0.11353228901303439,0.0,0.0,0.0,0.0,0.04809565507990428,0.08120646772531118,0.030819627503329117,0.03177274575221202,0.0003112965648917062,0.9178402048702076,0.03372602797744755,-0.019654447807569597,0.13265299800211444,0.02892376375406168,-0.01698861312731516,0.3280640958340596,-0.2203507523616795,-0.0061754273176454376,-0.001352684975978697,0.011675510270802433,0.6445522363504641,1.3862567449339378,0.632424918194284,-0.37859438654837274,0.18948572983094314,0.08909799715362657,-0.013580587540013863,0.0,0.0,0.5923678207811462,1.5179664521532148,-0.006376380454124874,0.029737811060423478,0.2669505593350301,0.09198946069590458,0.07901063011304775,-0.16592178077753036,-0.10406432859761618,0.035200811804465756,0.008831907295373169,-0.019744148426202486,-0.14996021301240578,0.05026596558360858,0.013453910147874613,0.592627085509288,-0.006606245887757985,-0.06943500436903081,0.090024444131891,0.5567948848229428,0.2199105952230391
2120,-0.0019473344242691023,0.0,0.0015027458134759279,0.04680388167551829,0.06283130460754376,-0.08555801079078998,0.1815226855704943,0.4191764230602677,0.42627165430088204,0.06571673628315888,0.2965777031605858,-0.020684705812074405,0.0966333744031318,0.0,0.0,0.0,0.0,0.04722502105710941,0.08518771142326129,0.03177796269075257,0.08564643079932074,-0.015676315582754608,-0.2922408526118768,0.06045942747360094,-0.156766705137241,0.15516441491894192,0.023672306748841195,-0.016684359483056303,0.3593772713717361,-0.2546620480189508,-0.0055227742149636366,0.011171641023120082,0.01900315680208899,0.8157877465048099,1.4961331907940791,0.14238167919739955,-0.9026413739213048,0.35459487978141696,0.09626641504781744,-0.016758055381164386,0.0,0.0,0.6001091992847399,1.4342029949716428,-0.006376380454124874,0.018183467408947745,0.2682542958676078,0.10715976494159486,0.1244683520993706,-0.182515621132564,0.6730152551104955,0.032248397211488006,0.010076728205295607,0.014276580962921434,-0.20069551170269784,0.04832821913461385,0.013453910147874613,0.7516675255817329,-0.007548459855476468,-0.1215021037686818,0.04082555837245578,0.4976532123800257,0.24918449123843556
2121,-0.0019473344242691023,0.0,0.0011501011615470665,0.047056865647977474,0.06283130460754376,0.014700029535262471,0.1854318916069509,0.3952446597234446,0.391190367578867,0.029243171248077293,0.21022252317371767,-0.020735195554352714,0.09725900699601116,0.0,0.0,0.0,0.0,0.0513333525753992,0.08003354462734168,3.789993177090315e-05,0.07436163459203167,0.06395260711442335,-0.3158700834650428,0.03585242278836775,-0.16291874599713266,0.1329693947650041,0.02872992549460366,-0.02116663430092249,0.36932715320376264,-0.22782714269352164,-0.010388761559033123,0.0015340230625550983,0.01229076385572014,0.752698873868144,1.4201155417802136,0.2552509296185201,-0.9027709691610617,0.4015882545361049,0.09236828492244882,-0.016463670456433793,0.0,0.0,0.5899868164136259,1.5013126191967379,-0.006376380454124874,0.021520013912021803,0.24597032261595236,0.08224218687658505,0.09932853124434063,-0.20473618949049047,0.22680877142503125,0.037130103291332414,0.010394208073049784,0.02024220838252897,-0.21624667461314356,0.050196410698380135,0.013453910147874613,0.7681650026503316,-0.010691974506286632,-0.07993634942537028,0.05185864258174315,0.5472493656907537,0.24018229861592252
2122,-0.002207443410116113,0.0,5.617932506345885e-05,0.04680388167551829,0.06586300616826928,-0.042701214531381156,0.15985597432956664,0.3394017730323654,0.48624347090460335,0.06383642811528809,0.2106362829622644,-0.01980223585147669,0.11761629514194852,0.0,0.0,0.0,0.0,0.050396891147986914,0.08131684119051227,0.020106840071549996,0.045424659646472326,-0.02260804065268539,0.7091334697816084,0.03543783492634891,-0.03326298381886984,0.12219024616715995,0.02144649007190457,-0.016366042724951853,0.31739438233279865,-0.27406859932889155,0.006310139913301596,0.0036315086324543756,0.011195717970370847,0.7182327290147906,1.4536494905076314,0.14572253878418867,-0.3877808055623548,0.187184833148326,0.09264007820414344,-0.013553822977253193,0.0,0.0,0.597611464083752,1.4332967223156299,-0.006376380454124874,0.019290134734748488,0.25263713081783173,0.09255937529820146,0.09444467932489445,-0.1966125718247697,0.2783549740619385,0.033202553523232425,0.010076728205295607,0.01463572987011524,-0.1538403583345333,0.04832821913461385,0.013453910147874613,0.6620078961529239,-0.009744678763509502,-0.0978721446364326,0.03959078961705186,0.4997680473139592,0.2556241208860488
2123,-0.002378237126107717,0.0,0.00030985482742254555,0.04101386542698473,0.06586300616826928,-0.05350696099742083,0.1685436596976633,0.20072034224445104,0.5002981067875365,0.03696596759794446,0.22339479786220437,-0.018848217304571303,0.11032607353111502,0.0,0.0,0.0,0.0,0.05289543764681441,0.08490833849077374,-0.000604625086976836,0.04788923707154236,0.057505771780993246,0.817159181071764,0.031192209704354507,-0.048677970434334514,0.11583020009135636,0.02799472004552561,-0.04333032074416927,0.3523902412668373,-0.2303915803023787,-0.007029307202324495,-0.001136783593441479,0.001561977060215436,0.7006159814232201,1.3135323966240824,0.41070359552603714,-0.8746961213608322,0.2425581564090143,0.08874194807877482,-0.015852862104100883,0.0,0.0,0.5982767014313944,1.5076459449747406,-0.006376380454124874,0.021520013912021803,0.25814326201555243,0.10507052560814584,0.08311797054503411,-0.16736971836119785,0.14016780816800053,0.037554858015997596,0.009322611697698314,0.016325362588996833,-0.029608373880254592,0.05026596558360858,0.014585811026779751,0.677139304265417,-0.010691974506286632,-0.06574488757864723,0.0892036045989478,0.6110734728281869,0.27226141498162165
2124,-0.002378237126107717,0.0,0.00040882397699232005,0.04680388167551829,0.06283130460754376,-0.04314254206695949,0.17417596746295363,0.2155844162891732,0.48974732442572827,0.06357376108559776,0.16714025790198495,0.07481567759288599,0.1202859025794872,0.0,0.0,0.0,0.0,0.06197363581612001,0.08391219690358165,0.03674732134934789,0.03258342948395829,-0.08375405074738958,1.143616700742476,0.028265927090262617,-0.01711911160934591,0.1380095368285447,0.02582648560876766,-0.023338207600770558,0.3311628915307297,-0.2429660784335808,0.0011456780384972982,0.007805798342479254,0.003120232848661051,0.6606250943157288,1.3466949898684533,0.2872766195702167,-0.38471147898252667,0.11792631777068312,0.089511713870279,-0.014465206339198478,0.0,0.0,0.5992948777245838,1.6088733211494455,-0.005617132713353492,0.030347329507651077,0.21842479130227327,0.09269801178538527,0.08151178069289171,-0.22981561580566756,-0.15544256586055705,0.035005388179695826,0.009355132368937178,0.000845701580590937,-0.1568942217061944,0.04858323364853756,0.013453910147874613,0.6221088422788222,-0.007914402209016475,-0.0789834827338273,0.04395910426373935,0.5684197653186338,0.2362461428232909
2125,-0.0019473344242691023,0.0,0.0007892149889251903,0.033540497176844195,0.06536736047144047,0.0021717423871332065,0.13380030422779457,0.29754877414774794,0.33442075601734095,0.030294451220248965,0.2126169231677478,-0.018504106221785693,0.032316379386922625,0.0,0.0,0.0,0.0,0.05399234869697833,0.0832924598031319,0.008120507100421694,0.07875675894652968,-0.03305963300524185,-0.3051972742824052,0.03585242278836775,-0.1641891125890264,0.10969863412614071,0.028254792244364085,-0.014667397717408234,0.321408683944315,-0.1520035184774867,-0.013036594579019177,0.007724890908536475,0.009803133282319127,0.6035389903390013,0.8946689703110066,0.2659757872502403,1.9075648467043973,0.41774659118227847,0.09236828492244882,-0.008152978726752177,0.0,0.0,0.7033173372042376,1.7016139712431047,-0.010844317004910791,0.029982169351609824,0.26518889221604797,0.0846821973354579,0.09587361263903729,-0.15171162816195408,0.2327555193615189,0.029509185578742655,-0.007940749428451868,0.01779215969833215,-0.08233735374396586,0.05200529400774592,0.014964471387836886,0.5122710914855028,0.0007108656968561014,0.06809155064435175,0.04280150580832481,0.4487932647489852,0.24018229861592252
2126,-0.002378237126107717,0.0,5.617932506345885e-05,0.04683167000916809,0.06586300616826928,-0.03892887384309473,0.16279962160925637,0.1276459576364869,0.46179915133974825,0.040344292371597805,0.20742979348529916,0.07057876598802729,0.11777935120286077,0.0,0.0,0.0,0.0,0.06197363581612001,0.0837976698240372,0.020222897131150677,0.05310478323446742,-0.038521460033969314,0.8030168918269095,0.031192209704354507,-0.016736794386691022,0.1386834661609778,0.03122663872111425,-0.017172870444843637,0.3451700083017943,-0.242223031314003,-0.005069162588380503,-0.0012676282038801992,0.0017276481606093306,0.6670217544317255,1.302436953954026,0.3987400066622712,-0.4918751668863732,0.25995819279287496,0.08874194807877482,-0.015163868209588056,0.0,0.0,0.6013215359136536,1.4356096013880224,-0.007969819015970894,0.03061635404724331,0.2701076781597712,0.09268685939485519,0.08626669350798602,-0.1819025821127028,0.12806772128890292,0.032501840782975744,0.009355132368937178,0.01683066367551919,-0.11309671765950542,0.05119791270110291,0.013453910147874613,0.6631316007550611,-0.007870905998730802,0.08339103395791239,0.04450449361904133,0.5899810467317969,0.2464440167369978
2127,-0.002207443410116113,0.0,0.0015027458134759279,0.046816590927993215,0.06283130460754376,-0.08555786174644296,0.16818915651314023,0.3528366306841314,0.36826486927852387,0.037980394587250776,0.21733422900386262,-0.02011062526225766,0.09963405355525595,0.0,0.0,0.0,0.0,0.0545148571276307,0.08391219690358165,0.0275981023162588,0.06989915801010668,0.007834364469609051,-0.3118935590614288,0.04004158400878725,-0.14438894062535265,0.14445668037321194,0.029658969203139728,-0.018758626871954086,0.3566614398216532,-0.2209695007251029,-0.016380219904200972,0.0023434787095542586,0.016743802726350916,0.6558523020797351,1.3932206468484933,0.35016504458683767,-0.37929572096146735,0.40013550071095655,0.0940659776674445,-0.014934988705216297,0.0,0.0,0.5935186642000874,1.5016986738810565,-0.006376380454124874,0.029737811060423478,0.2762156296811753,0.09613340706329072,0.10149142853291168,-0.15237923273585946,0.1847536160210038,0.03501908565664681,0.008831907295373169,0.012984877670645843,-0.14920391239198277,0.050196410698380135,0.013453910147874613,0.6536725052753546,-0.006606245887757985,-0.07084351886302959,0.03758032493838827,0.5577360717762797,0.2199105952230391
2128,-0.002207443410116113,0.0,0.0009891506542205886,0.03366487189075262,0.06511651367951339,-0.03857412026395176,0.10896690668040915,0.3467553013443669,0.45504528113612547,0.05437779012276496,0.21525770572539113,-0.013900865153881753,0.025829407666262634,0.0,0.0,0.0,0.0,0.05271781930638038,0.08120545295182531,0.024067454768851318,0.04658064864182328,0.041898729985053354,0.7213127148750567,0.03509976696316324,-0.055898634041450346,0.10885234389847726,0.01304212350274729,-0.011853610415000158,0.2866110671894433,-0.19573750717302407,-0.0007524404760446423,0.01160414856576111,0.012636929860722259,0.6578015857889927,0.9938316260025757,0.050596256697053345,1.9401122817436378,0.18733634893755302,0.09264007820414344,-0.006991473857154309,0.0,0.0,0.7075154696564196,1.6996241664647616,-0.004515888127250403,0.029592407410337352,0.23459560828593132,0.08488433984523215,0.09204529127917409,-0.15756457119290138,0.2839263321458363,0.030870656159771387,-0.006535354351058627,0.014072962553035029,-0.11418178336322238,0.047711851985204154,0.014251302759320092,0.41685384341926623,-0.0037686352177199647,-0.10442598246027875,0.029224812564871576,0.3853440346721963,0.24681900814264207
2129,-0.002207443410116113,0.0,0.0015027458134759279,0.04101386542698473,0.06283130460754376,-0.0736567559855098,0.16115201196335277,0.33940045118001183,0.37281062079244787,0.03555917398048992,0.2260205215126201,-0.018816127664791932,0.09541578270975432,0.0,0.0,0.0,0.0,0.04104850198547362,0.08048779732869053,0.03206215442769199,0.08178999357079267,0.09803919234156741,-0.31475217606271094,0.03821610768614311,-0.14186982164067855,0.13464508343921772,0.029183835952900153,-0.016399674581778222,0.3542272006670629,-0.2292695149139183,-0.016037039431868218,0.002184211426852313,0.010950612829577183,0.6484458414894548,1.4011798333855672,0.33126154485762593,-0.48535898221231366,0.421770932488495,0.0940659776674445,-0.014894228854844543,0.0,0.0,0.5962835914021883,1.3989969783321878,-0.012704809331785263,0.02534241617600316,0.27982233915946503,0.10067836216161512,0.10364102763393343,-0.13426038462289588,0.18577680055429224,0.030776070788302985,0.008831907295373169,0.037546464269669746,-0.11054367296692004,0.05066218374448035,0.013453910147874613,0.6683311574473237,-0.006606245887757985,0.08726966499720012,0.09339056907230434,0.5499236649596085,0.23906475213720954
2130,-0.0019473344242691023,0.0,0.006504137610408211,0.04694877845181245,0.062299630598592746,-0.030117441200483843,0.17732370866868757,0.296817308896404,0.43307622132270623,0.057372700364720364,0.3013871712223744,-0.020888567204483875,0.061614139738831425,0.0,0.0,0.0,0.0,0.047390247021106016,0.0521476158247021,-0.000310633448539262,0.08995506105072947,-0.03852915671675845,-0.3030975818384817,0.05358903397718338,-0.14572540082218408,0.1340053669867769,0.01360148350891372,-0.015438534294904193,0.3492058889384863,-0.27876250401095554,-0.016262496079244453,0.017455609568539004,0.012233553661321363,0.8456185347635312,1.5142801663494547,-0.08553329141053358,-0.878354672020203,0.37052936225063793,0.09626641504781744,-0.016700626187795133,0.0,0.0,0.5999867598326719,1.3289494370648416,-0.012704809331785263,0.021680436859406894,0.22102257180692836,0.11814421130972387,0.13557734629499352,-0.31552478824934327,0.7285453143143747,0.024210764581035736,0.0105846481919104,0.04489488692401802,-0.10451532148071839,0.03214695046969858,0.012018237596100469,0.812092765889182,-0.013273394643110597,0.16735112025324506,0.013117876056966689,0.5024235413487117,0.25324595491524227
2131,-0.0019473344242691023,0.0,0.0011501011615470665,0.046816590927993215,0.06586300616826928,0.001958517474318501,0.16978917297517265,0.3493890892094943,0.427456114871795,0.05320020749625062,0.21104080515170479,-0.020852555720485756,0.09644922890582719,0.0,0.0,0.0,0.0,0.0513333525753992,0.08974813621633229,0.0043783151115319545,0.0732631038378933,-0.009920066011137426,-0.31508781796986973,0.03549732446553019,-0.15196976930456702,0.13343699294175018,0.02872992549460366,-0.03030712386539327,0.3548165409380611,-0.24515577247351772,-0.010725730554867427,0.0015340230625550983,0.012836780482139161,0.7752370291841594,1.4484071224560682,0.21002763774677832,-0.9000774618684574,0.40013550071095655,0.09236828492244882,-0.017261702781905523,0.0,0.0,0.591824084004726,1.5396429171075645,-0.006376380454124874,0.021581482218306677,0.23924913414490168,0.10971750859751843,0.09917345148354073,-0.18648640209031625,0.2570393866799901,0.03405123186795141,0.010395694233955179,0.015350591332797354,-0.2284697309011325,0.049649541387743246,0.013453910147874613,0.730385150665651,-0.010691974506286632,-0.1037678015923268,0.03858006891911426,0.5474727179377248,0.23680669908636762
2132,-0.002378237126107717,0.0,0.00040882397699232005,0.046816590927993215,0.06283130460754376,-0.12674463094631575,0.17312997268452757,0.261182421978362,0.4972679551153441,0.03851696803103145,0.20647168771793034,-0.02092282547167057,0.11974768019409787,0.0,0.0,0.0,0.0,0.05983714812519324,0.08974813621633229,-0.0012047901657641943,0.047804713008306014,0.0033421326622679994,0.8157347894978737,0.03615299949644992,-0.04518078909953474,0.14268250120664716,0.02892376375406168,-0.0206988857661859,0.34879456921257657,-0.22934915390750665,-0.008676100639267761,-0.0009890203029204962,0.01850653585852668,0.7838061906090934,1.397503322709934,0.42377082932185,-0.9010402470740532,0.2425581564090143,0.0906997498096175,-0.015114336064200725,0.0,0.0,0.594911498344166,1.5092134762476306,-0.006376380454124874,0.021581482218306677,0.26913858758280723,0.10173119621389405,0.08182212933338595,-0.1341472786578837,0.14011531661236598,0.03406492934490239,0.012297546880885015,0.013423318526580089,-0.21646863340812988,0.050196410698380135,0.013453910147874613,0.6421333168586191,-0.006457573537057719,-0.07984791638456991,0.0402938075221874,0.5556160472569979,0.2199105952230391
2133,-0.002207443410116113,0.0,0.00040882397699232005,0.046752228165899155,0.06283130460754376,-0.12438833022764217,0.17497083647169442,0.3413272906055062,0.5035384363101638,0.06269737203423333,0.1454432501517982,-0.020098003306488012,0.1202859025794872,0.0,0.0,0.0,0.0,0.051855861006051565,0.08268083645618102,0.002171957853334995,0.0316933718570262,-0.08274968656727559,1.1961930543392612,0.03273361543615543,-0.02306078984593372,0.14039277387277396,0.023199122201786992,-0.015777839632746204,0.31581333402767975,-0.23931199253542162,0.0010888110417037933,0.008081982933378576,0.017411489973177385,0.6711892709624705,1.4326489580706008,0.2342497405835723,-0.3871733201480321,0.12575316339824047,0.0936351105504949,-0.013580587540013863,0.0,0.0,0.5935315116076917,1.63477026460505,-0.006376380454124874,0.019290134734748488,0.23551304423746752,0.0921811928593109,0.08192181881438973,-0.2175317297940589,-0.1381213655763844,0.035005388179695826,0.00829686020968084,0.0021707132691371283,-0.15665484096302512,0.04858323364853756,0.013453910147874613,0.6049234604023582,-0.006649742098043658,-0.0814374891550897,0.04162598856280056,0.5688883362044304,0.22882510845517293
2134,-0.002378237126107717,0.0,0.002354598989049765,0.046816590927993215,0.06586300616826928,0.0021322934035032702,0.15964685103855525,0.23343588056772413,0.41975085031658105,0.03586638093568555,0.08443810300106418,-0.01640496061896818,0.10797382415235887,0.0,0.0,0.0,0.0,0.05733436071477409,0.07978440740262703,-0.00020323405968437555,0.038699599578854674,-0.029158975029683922,-0.3141859841287122,0.028006046448159367,-0.07496430756713354,0.1113602969433064,0.02872992549460366,-0.045083069294679805,0.4043041705806664,-0.2287938758580962,-0.016890919316547272,0.008492469604095944,0.0022662606422959343,0.6189754844445923,1.3496977187001187,0.9025826655732159,-0.8729241223073486,0.4025415463950424,0.08769363351335835,-0.017130101258698675,0.0,0.0,0.5967653221915346,1.4314604956299648,-0.006376380454124874,0.013126251063088505,0.24980394739526973,0.08424610416520768,0.07984932652529221,-0.21345839637455394,-0.18893551889823323,0.04059455390504567,0.009322611697698314,0.03724649452536198,0.010704401580473017,0.047193054055237674,0.014585811026779751,0.8391524401145174,0.0639197384557213,-0.07774990710846966,0.05793231030037639,0.49943150936486047,0.27114386850290867
2135,-0.002378237126107717,0.0,0.0015027458134759279,0.04676493741837408,0.06283130460754376,-0.08557597283057818,0.1685413577988682,0.2663820003103614,0.3969666653648089,0.03907937039704076,0.22385072851332113,-0.0209456999663325,0.09911722200235723,0.0,0.0,0.0,0.0,0.05983714812519324,0.08638270722164358,-0.0018454090028782884,0.07350787579761905,0.09863179986699769,-0.31814212782175266,0.04004158400878725,-0.16576091708770996,0.1264878622129866,0.029658969203139728,-0.02335272933021682,0.3830075188064769,-0.2243064487846293,-0.013260116341856053,0.001973963106062399,0.013438243402978197,0.7562423837688572,1.4350331107520162,0.30248700436726444,-0.8953198952602103,0.413602226155224,0.0940659776674445,-0.01650679387806408,0.0,0.0,0.601499951319229,1.5092134762476306,-0.006376380454124874,0.021581482218306677,0.2664200314354755,0.10941179359316582,0.09917345148354073,-0.13317675585646988,0.23817528416101172,0.03406492934490239,0.00829686020968084,0.016325362588996833,-0.21646863340812988,0.050196410698380135,0.013453910147874613,0.7027558998584779,-0.006457573537057719,-0.08001389696441812,0.06289714755251301,0.5559883635128889,0.2466219282635357
2136,-0.002378237126107717,0.0,0.0015027458134759279,0.0469915223211944,0.07026899634378171,-0.10952238378643217,0.17685892928536007,0.29034910353760257,0.45648184843863465,0.06544021630891238,0.31549847178111756,-0.021322865075970303,0.13304286633927492,0.0,0.0,0.0,0.0,0.058458919335523885,0.07614166158142459,-0.002317579314860592,0.08329044744469406,0.04459874801523235,-0.3153732449041328,0.06371595310921628,-0.1975094403524905,0.15749711534005587,0.015069611527751447,-0.03575561127406882,0.3658759406080849,-0.3142655201633485,-0.01556389164635695,0.011411525758999563,0.019568697540514723,0.8491498852909847,1.6098461509523265,-0.004953876708263161,-0.9038314345315416,0.3679045982023382,0.10082376772469649,-0.015838072110768753,0.0,0.0,0.6137807409077263,0.6389948131231218,-0.006409657991373255,0.041785894089235796,0.2098737360091302,0.09326938074138609,0.12755294453343252,-0.3015924114650946,0.7168645041952223,0.025150566657033503,0.010428315149227915,-0.0042071497392776325,-0.21061718598208726,0.0354074547910208,0.013523648340390168,0.7623576180966833,-0.009038993673881685,-0.12764424806506244,0.031238609535455163,0.4923623517604351,0.2531208542801978
2137,-0.002378237126107717,0.0,0.007708635437910911,0.04694877845181245,0.062299630598592746,-0.02589926069353034,0.17594710062083557,0.18556370431601,0.452916608818848,0.05482545649502791,0.07627740526202262,-0.01809133154313164,0.0589333808754892,0.0,0.0,0.0,0.0,0.052355983166122264,0.04254755131525594,-0.0005326584012089082,0.03994794354303801,0.045288815163165866,-0.44835709139317076,0.027730375314456397,-0.07475660277719959,0.118679749774283,0.01377732895182534,-0.01813799712233166,0.36568948988232314,-0.27277259365049056,-0.015878267583239698,0.05353853238328355,0.004962423016575969,0.7733978185714704,1.5973014583385243,-0.22100469883518215,-0.8930023106647373,0.06439776672972174,0.09159176363872697,-0.01833401520878728,0.0,0.0,0.604531544985308,1.6814436094850784,-0.006376380454124874,0.009538175499819754,0.1467168042826634,0.0895702346037951,0.09233494366501009,-0.2643351080847675,-0.35197832028243414,0.031837904361258,0.00913648826239398,0.036307144198363825,-0.01362699279624578,0.028603143878064622,0.013150138475005608,0.800761687168518,0.04985475602626897,-0.11138526705478036,0.018914654460076768,0.5179135609444419,0.27888544163332823
2138,-0.002118128140260707,0.0,0.0015027458134759279,0.04700423157366932,0.07026899634378171,-0.021688093685907545,0.1773761743733613,0.18707349952802996,0.4093827492524841,0.021401632725317973,0.23227687298983704,-0.025373435476202404,0.15056041737746204,0.0,0.0,0.0,0.0,0.05690723977571688,0.08974813621633229,0.0002151558697767197,0.06872762055893186,0.04580759399953874,-0.34160193763735286,0.0368321887556368,-0.19306549721788732,0.13166801908989625,0.028053986805223356,-0.03039197705096626,0.36616465614523325,-0.2950630406658711,-0.011401494304969883,-0.0004632548648538573,0.0041559929260947285,0.8093073726989249,1.5557383249831502,0.11324862782621592,-0.9120863213946809,0.38933603615250134,0.09718574658517487,-0.014158630704127085,0.0,0.0,0.5969487224584199,0.7669767367685294,-0.006409657991373255,0.009614099631030847,0.18872316756504326,0.1375334518749001,0.10444031344387011,-0.17473587057860324,0.2966704108040395,0.028649030724896166,0.011584115884768778,0.04665748517646342,-0.21759149044861684,0.02568357855372096,0.013523648340390168,0.7008329836996562,-0.010864829394063972,-0.082920834587138,0.04396759587695382,0.6181550914751274,0.2783134977607838
2139,-0.002207443410116113,0.0,0.0035034841953384363,0.041146052950803966,0.06533133215931827,0.002323115092856309,0.17555819971228237,0.3482332499406969,0.4473759503937835,0.058598365865075885,0.2939106474382949,-0.022078908022585005,0.02268269316994897,0.0,0.0,0.0,0.0,0.04036521493578529,0.04082404535967145,0.004048890770007422,0.08324660954002769,0.038707884568361106,-0.30099541324890877,0.05593219828999579,-0.14806617415781634,0.13241072518229577,0.014076616759153292,-0.016807592433571546,0.35257668165090006,-0.27484848015673724,-0.015415604507975718,0.017546851248779367,0.01092997597509305,0.8006879939082014,1.5333677513186301,-0.09474837461316978,-0.9023170941055723,0.35124491846656625,0.09600630606197044,-0.01677555315745187,0.0,0.0,0.5976882460199314,1.3967307545823613,-0.006376380454124874,0.017685013537677666,0.2321641672828119,0.08593997829395153,0.13327782749722786,-0.19276449206931062,0.7318461963123437,0.02955636024597258,0.010583162031005004,0.015012523369611692,-0.18299417946633312,0.03081175335878542,0.012018237596100469,0.7337066440683174,-0.015204554349193808,-0.1274779468395904,0.06386529586126173,0.5235857988772962,0.25324595491524227
2140,-0.002207443410116113,0.0,0.0011501011615470665,0.047056865647977474,0.06283130460754376,0.010434266104254367,0.18303116151423734,0.39424712224839265,0.3900345875478807,0.03803553686766828,0.21908824603095675,-0.02489535272804929,0.09795424197949085,0.0,0.0,0.0,0.0,0.0513333525753992,0.08974813621633229,0.02965028078716524,0.07038028476761264,0.0738684582237622,-0.3179742768736376,0.03585242278836775,-0.13687948614788606,0.13212046199200236,0.02872992549460366,-0.02228506140965018,0.36303020166032274,-0.25449864077387646,-0.004213321443643689,-0.0007031396007333402,0.01229076385572014,0.7842454329637703,1.4432620385018726,0.052167827911652094,-0.9044317400987767,0.3783889929243456,0.09210817593660182,-0.01642291060606204,0.0,0.0,0.5833983634385629,1.5352108760345469,-0.006376380454124874,0.021581482218306677,0.24160320074801103,0.11032436190097214,0.10376293364708697,-0.21057414771865152,0.25126429567907455,0.03425146749597331,0.014396380905159354,0.01752954016317591,-0.2172286120360255,0.05009243238350904,0.013453910147874613,0.7253265437123148,-0.010735470716572305,-0.07993634942537028,0.044968405873529245,0.5541450868162148,0.2463594820301291
2141,-0.002378237126107717,0.0,0.0015027458134759279,0.04101386542698473,0.06283130460754376,-0.10535219272110583,0.16348722555579248,0.18549392060746558,0.4037764162009031,0.03315044146989216,0.220631400468004,-0.024373511649045478,0.09263458570153041,0.0,0.0,0.0,0.0,0.05014353987617727,0.07831003867175719,-0.0029385683866591248,0.06959307025971782,0.07301385023262018,-0.3232691827120143,0.039013443691814316,-0.08843649678618748,0.14200531202675265,0.029658969203139728,-0.02424213084768201,0.3734528936037469,-0.2582196114234718,-0.012691846651490219,-0.00021428337898372424,0.004737931734927055,0.8423140941044938,1.4514762719904426,0.07590928290022772,-0.9129731678455786,0.38989040201509156,0.0940659776674445,-0.017171288629168675,0.0,0.0,0.5947408275882564,1.5437890762001183,-0.006376380454124874,0.018307076017017157,0.2573873972874431,0.07796023278737427,0.10385664448399022,-0.2590169485958173,0.30856702870940855,0.030662816819584545,0.010721937930174686,0.014882603769898181,-0.216730537999797,0.050204247109254106,0.013453910147874613,0.7352189899680346,-0.004699268718751844,-0.08001389696441812,0.09576734637073493,0.6161823021644166,0.25298667129948965
2142,-0.002207443410116113,0.0,0.0015027458134759279,0.046816590927993215,0.06283130460754376,-0.07611026391052518,0.18759347712291108,0.35269857551469463,0.41485477696068535,0.03871059479812544,0.22479038849079716,-0.020423478474706436,0.10183656680863379,0.0,0.0,0.0,0.0,0.049448461087227585,0.08638270722164358,0.03228464297028292,0.07387556966857674,0.09775573919807803,-0.31237653543415705,0.03821610768614311,-0.15751440725031413,0.13408088650215505,0.029658969203139728,-0.021922858264019254,0.3692507688629503,-0.22516661445092595,-0.018012876792650227,0.001973963106062399,0.013438243402978197,0.7544466009367204,1.4247480383920055,0.3396742622267917,-0.8997412382335352,0.40013550071095655,0.0940659776674445,-0.01642291060606204,0.0,0.0,0.5927802942480649,1.475085750445884,-0.006376380454124874,0.021581482218306677,0.27244447300893193,0.11378918867079203,0.09932298790993027,-0.13633411436442036,0.18461468168020256,0.03406492934490239,0.00829686020968084,0.03679016186447712,-0.21646863340812988,0.05026596558360858,0.013453910147874613,0.6850749421140027,-0.006457573537057719,-0.07967652082263625,0.060543249566442955,0.5536092886510635,0.24018229861592252
2143,-0.002207443410116113,0.0,0.0015027458134759279,0.046816590927993215,0.06283130460754376,-0.07703272319024954,0.15216148406559554,0.35262560318470954,0.37331223476251124,0.036294230623858864,0.2210439012698087,-0.019611278265293526,0.10255762174641733,0.0,0.0,0.0,0.0,0.05210745720880672,0.08268083645618102,0.03211577343402567,0.06925226578627312,0.09685463685447343,-0.311429808449384,0.03821610768614311,-0.13470905059477079,0.1423105113449732,0.029658969203139728,-0.026655514354390602,0.3596466359394928,-0.22038165921703284,-0.016380219904200972,0.0023434787095542586,0.016743802726350916,0.6525252433281169,1.41919324762127,0.34866859863901306,-0.3797405480222568,0.40013550071095655,0.0940659776674445,-0.01573302103068803,0.0,0.0,0.5934538710126194,1.4898801276908247,-0.006376380454124874,0.029737811060423478,0.2680429519657133,0.10111062149146005,0.10288786749114534,-0.12907232566638527,0.19226841838757794,0.03403307601711715,0.008831907295373169,0.03635172100854288,-0.1501858498148647,0.05009243238350904,0.013453910147874613,0.653798317307167,-0.006606245887757985,-0.07075590086201163,0.0397694101782116,0.5549987489942971,0.24018229861592252
2144,-0.002207443410116113,0.0,5.617932506345885e-05,0.04680388167551829,0.06586300616826928,-0.05720634668116938,0.1651773674308676,0.3378755706805477,0.502647334659989,0.06350681470373389,0.15801358854144473,-0.01980223585147669,0.11761629514194852,0.0,0.0,0.0,0.0,0.050396891147986914,0.08008548074311166,0.003725842446459654,0.032224022798498016,0.04995460583703182,1.1869070964839368,0.029037555661938528,-0.016123949035369324,0.1307079870197841,0.021147202264576614,-0.015994409933946067,0.3168893382844167,-0.27332925289067217,0.0011845811724400708,0.0074761849309250665,0.011195717970370847,0.7234079458546124,1.4495972556851855,0.10547192959759932,-0.3860583232020997,0.09487487577644185,0.09103832554815251,-0.013664056976635091,0.0,0.0,0.596756363298262,1.712409076328684,-0.006376380454124874,0.019290134734748488,0.1831385219490741,0.0948214906875378,0.08535137905339715,-0.21375279239884887,-0.16301773236215253,0.033202553523232425,0.010076728205295607,0.01463572987011524,-0.15463310891625812,0.04832821913461385,0.013453910147874613,0.612230929076727,-0.010884143067272572,-0.0978721446364326,0.04212939394347164,0.5040659050561256,0.24918449123843556
2145,-0.002378237126107717,0.0,5.617932506345885e-05,0.046816590927993215,0.06586300616826928,-0.05463135815149479,0.17249390699851797,0.19275381512254522,0.5027246443661555,0.03716146132847181,0.16706639408285517,-0.0203387063334134,0.11705829626507723,0.0,0.0,0.0,0.0,0.05931463969454086,0.08003354462734168,-0.00011627885551961396,0.03645663414249383,0.08190399105199028,0.9791417027104318,0.028765238185352152,-0.008990586232598208,0.119780815034883,0.02799472004552561,-0.022817022726917716,0.3492665201889505,-0.24714623769007546,-0.0072034442878713585,-0.0024337099605793323,0.0035904521876689985,0.7768705992780323,1.4149656350824746,0.5749251907823365,-0.9078345086054128,0.1994600468343145,0.0871401954227839,-0.01693422947063577,0.0,0.0,0.5974208667336098,1.5245998633614153,-0.006376380454124874,0.021104823389053312,0.24706560041030495,0.07537275892909874,0.07767237123271195,-0.18350949254655793,-0.11151081176361277,0.0369245095037463,0.008818599122339454,0.016325362588996833,-0.217928404088331,0.050196410698380135,0.013453910147874613,0.6731345615579457,-0.01101909215818987,-0.07986571888844207,0.04109231018865182,0.605801299153118,0.27226141498162165
2146,-0.002207443410116113,0.0,0.0015027458134759279,0.04680388167551829,0.062299630598592746,-0.09728280583467569,0.1802773390833267,0.35270134967784766,0.4431051273436452,0.062143819816372764,0.2844002228596802,-0.02125017713264627,0.10000265252329937,0.0,0.0,0.0,0.0,0.04791275545175838,0.07639079880613923,0.002342837773364047,0.08451030336146209,-0.09181205728111601,-0.29464171620608076,0.05803470694289988,-0.16444249121495172,0.1428551921630201,0.015069611527751447,-0.01730431412594888,0.35039736138557726,-0.2709081311384119,-0.01479375397247777,0.017258237869669537,0.01917422310535315,0.8085934921362544,1.5249582129035042,-0.021374040081996944,-0.9065680975149876,0.35459487978141696,0.10012970274218636,-0.01677555315745187,0.0,0.0,0.6009243511729419,1.4073299625506235,-0.006376380454124874,0.021374610261935677,0.2654094328230221,0.08491663567841666,0.13474825737989912,-0.2003378296422137,0.7236366371827928,0.030365051638517625,0.008484328006730666,0.023480756926028138,-0.1996799934753213,0.04745133998919805,0.012018237596100469,0.7478251440535741,-0.010840794702473231,-0.1244845269012588,0.0263591718017175,0.48476230868482306,0.2329742515223589
2147,-0.002378237126107717,0.0,0.0016943364444318518,0.04724450629365358,0.07026899634378171,-0.09472933999377102,0.18571303170506048,0.3171625181181573,0.40348381762500274,0.03765421898767119,0.2402965156072783,-0.01992059032257191,0.1361066999465442,0.0,0.0,0.0,0.0,0.059395380762936156,0.08003354462734168,-0.0029385683866591248,0.07462687926363662,0.0662340712731037,-0.33777411564321097,0.04435096770571132,-0.23691903904827366,0.13968138874170583,0.031032426019316484,-0.020442548945365496,0.37099875170368174,-0.2172367562361922,-0.05804241723287834,-0.0012843184388211335,0.013682654586987327,0.790044733886534,1.5056821895802708,0.3236773844932646,-0.9016405505975252,0.41180870859018387,0.09692563759932787,-0.013344282013709019,0.0,0.0,0.6068021800197423,0.7628593571857301,-0.006757028531476089,0.008728269604592618,0.2270317471980136,0.09107433890615557,0.07651912741717845,-0.2842886739489967,0.21683897844385094,0.03774641409948025,0.011077398569445274,-0.04277247341659676,-0.21853350102906116,0.02568357855372096,0.013523648340390168,0.7912787731349482,-0.004785131185957837,-0.07960406417241034,0.04766598332062892,0.5651622016582575,0.2464968276284912
2148,-0.002378237126107717,0.0,0.00040882397699232005,0.04101386542698473,0.06283130460754376,-0.0535765460543655,0.1704884289402083,0.2674846347586921,0.4988894403601158,0.037981238870695835,0.20816242832357898,-0.02092282547167057,0.11301545746013567,0.0,0.0,0.0,0.0,0.05289543764681441,0.07831003867175719,0.0006785187688849973,0.047804713008306014,0.08732548983102284,0.8128473147215333,0.03196383827603042,-0.04310352566178692,0.1191723720801467,0.027318781356145308,-0.023504997714017865,0.3484011440549146,-0.22768060910707644,-0.007541185220589682,-0.0012162887155775014,0.010262288728266577,0.7378265916172387,1.4189539125636246,0.39890332287375124,-0.8972391005356849,0.244454614621318,0.08874194807877482,-0.01595312824004421,0.0,0.0,0.5981990529787506,1.516493051125997,-0.006376380454124874,0.021520013912021803,0.23796273623599862,0.07481325455054402,0.08168407416394916,-0.12938578159746966,0.14006818893647327,0.034246655492721344,0.010394208073049784,0.016325362588996833,-0.21678239949542283,0.05026596558360858,0.013453910147874613,0.6715646087847799,-0.010691974506286632,-0.07986571888844207,0.08644801281242262,0.5505888257641705,0.2466219282635357
2149,-0.002378237126107717,0.0,0.006504137610408211,0.04695604472307652,0.062299630598592746,-0.10270099268091591,0.15990986742290542,0.2818137749072682,0.4550345719151541,0.054861326522845484,0.048284523498396924,-0.022143426685243363,0.05914259225888076,0.0,0.0,0.0,0.0,0.05812085137233822,0.07614166158142459,-0.0013141452521814433,0.04033205402256509,-0.09077827736649986,-0.4457270761834934,0.034212295451565046,-0.0880457101313787,0.12331285989060839,0.015069611527751447,-0.0238654517052006,0.364161377600368,-0.2715352478919849,-0.014547956688302319,0.05086829708863454,0.013934864346540508,0.8212280478411234,1.5323799562848286,-0.07924826162436603,-0.9017208460743281,0.06897676673068487,0.09159176363872697,-0.017920413105262607,0.0,0.0,0.6076900016856747,1.713657929705212,-0.006376380454124874,0.021374610261935677,0.18566073517898665,0.0813514722426689,0.09196131482476701,-0.2735029635788399,-0.34709541784219167,0.030579990761851014,0.010583162031005004,0.0025475067686335797,-0.20062373828232574,0.04745133998919805,0.012018237596100469,0.7573149959325041,-0.011038553676884805,-0.12798188095491986,0.04921736237430216,0.4860360895760228,0.23298693439737198
2200,-0.0024578528955285376,0.0,0.0021903625863365916,0.03333447861945919,0.06563703967980991,0.256119507073301,-0.03407515457690185,0.32954565280878295,0.29138675479752374,0.1795701384755002,0.15479632988785968,0.1823542790243429,-0.01080793676567406,0.0,0.0,0.0,0.0,0.11030035829220614,0.0433444845080258,0.02356323047456249,0.050734996068638884,0.008245113243832257,0.8127097335045494,0.05414737998654475,-0.5354582504439167,0.10844479356491037,0.025628160846497775,0.03829292362759437,0.2283648929704614,-0.13269450168454774,0.0007731877728918556,0.01989656512006669,0.05773870366565514,-0.23679485046879983,-0.21679474690743533,-0.4212997221788608,2.3925412853406463,0.12345491170045537,0.08778148821591261,-0.009515264664204754,0.0,0.0,0.44457771141919084,1.81258430450046,-0.0034359203484258857,0.02346093685141422,0.2783519264173231,0.03874228617398987,0.04851112659600424,0.455989852596653,-0.10209103215902808,0.045412270518180024,-0.017005029869575798,0.01031205240268871,-0.05741369258164451,0.04441710065110801,0.007832237389645934,0.4277247741901023,0.010171943848930859,0.005743051551092279,0.11543357901024269,0.02272127622894962,-0.14096630644418537
2201,-0.0024578528955285376,0.0,0.0021903625863365916,0.03333447861945919,0.06563703967980991,0.30812023019671997,-0.012180449583201292,0.2850502110980596,0.29044656129825824,0.17962025833720144,0.15351042852655988,0.17977408159043667,-0.010373287707393115,0.0,0.0,0.0,0.0,0.12493657779709985,0.0433444845080258,0.02356323047456249,0.050729589250483376,-0.01653812800610796,0.8919728913691691,0.05414737998654475,-0.17480381495180283,0.11346809980841119,0.02591930921845001,0.07675567689937486,0.22034576382240445,-0.12765349803597267,0.0010112902252021323,0.01989656512006669,0.05773870366565514,-0.2368230770668507,-0.21672307987873052,-0.5761410465108272,2.394635479563031,0.12345491170045537,0.08778148821591261,-0.009442798421104737,0.0,0.0,0.564238113495265,1.8121591036950326,-0.0034359203484258857,0.02346093685141422,0.2790099037791419,0.04077964406990406,0.04296572230139364,0.4433509900511092,-0.1018234961626981,0.045412270518180024,-0.017005029869575798,0.01031205240268871,-0.05545030190839814,0.04455340681739927,0.0069006190339086695,0.42743849217382646,0.010171943848930859,0.003951268157562871,0.11663548056573947,0.02205089508323834,-0.1415659024223258
2202,-0.0024578528955285376,0.0,0.0021903625863365916,0.03333447861945919,0.06563703967980991,0.2562894875177699,-0.019849980009938487,0.31576457436279776,0.29055563819860014,0.1799176625357036,0.15502731365167488,0.17977408159043667,-0.010373287707393115,0.0,0.0,0.0,0.0,0.1110861761051557,0.0433444845080258,0.02356323047456249,0.050729589250483376,-0.010917949485645223,0.8094417889892147,0.05414737998654475,-0.5328530885345009,0.11228983883647387,0.02591930921845001,0.07802875483838514,0.22053883766835905,-0.1319560529294066,0.0003122249818191616,0.01989656512006669,0.05773870366565514,-0.21606951681467174,-0.21551640741463943,-0.4140913500933328,2.395308651137135,0.12345491170045537,0.08778148821591261,-0.0008940062331230444,0.0,0.0,0.44457771141919084,1.8121591036950326,-0.0034359203484258857,0.02346093685141422,0.2790099037791419,0.08320127056976612,0.04534913970898468,0.45985939845215096,-0.10024302681188695,0.045412270518180024,-0.017005029869575798,0.009930959767984528,-0.05545030190839814,0.04455340681739927,0.0069006190339086695,0.42755250605689765,0.010171943848930859,0.003004334527124207,0.11525657697182448,0.017249558687313142,-0.1354302806579516
2203,-0.0024578528955285376,0.0,0.0021903625863365916,0.03333447861945919,0.06563703967980991,0.3175858070643672,-0.025186195810107195,0.28651260100927156,0.29996431053292677,0.1795701384755002,0.14880667440821532,0.1823542790243429,-0.011175370789588513,0.0,0.0,0.0,0.0,0.12376966734944611,0.0433444845080258,0.027951561306113176,0.05242225730411625,0.05726328247739796,0.8886325096593118,0.05414737998654475,-0.17029196161698903,0.10949119749962113,0.025628160846497775,0.03763987703068328,0.2240130567023398,-0.12827107495493525,0.0010438416489300846,0.01989656512006669,0.05773870366565514,-0.2184543549504217,-0.21751351428030405,-0.5582491397092455,2.3684950519768493,0.12345491170045537,0.08778148821591261,-0.0009664724762230622,0.0,0.0,0.5577274584945581,1.8135281834668495,-0.0034359203484258857,0.023710415700103876,0.2783519264173231,0.08116391267385194,0.04851112659600424,0.47967775141100155,-0.09989189206266937,0.045412270518180024,-0.017005029869575798,0.01031205240268871,-0.05741369258164451,0.04441710065110801,0.007832237389645934,0.42717345286827724,0.010171943848930859,0.0350749173330821,0.11543357901024269,0.02026262049490641,-0.13551799739850623
2204,-0.0025589121938461674,0.0,0.0021903625863365916,0.03321365192535888,0.06563703967980991,0.256119507073301,-0.01920619533148361,0.33252962880184395,0.29070546387844465,0.17933171457501998,0.15479632988785968,0.1823542790243429,-0.011175370789588513,0.0,0.0,0.0,0.0,0.11030035829220614,0.0433444845080258,0.02356323047456249,0.05031720379188121,-0.0024639998555114903,0.8127097335045494,0.04968789997896346,-0.5336498793541564,0.11128697417773385,0.025628160846497775,0.03323905629940879,0.23049692751640866,-0.13052378951531454,0.00025766449268684174,0.01989656512006669,0.05773870366565514,-0.2065854016240898,-0.21688923500750945,-0.41924379050765137,2.3929889979891663,0.13527321542825424,0.08778148821591261,-0.009515264664204754,0.0,0.0,0.44457771141919084,1.8253464871946483,-0.0034359203484258857,0.023710415700103876,0.2783519264173231,0.08116391267385194,0.04505066714148268,0.47586361655374343,-0.12625770504695055,0.045412270518180024,-0.017005029869575798,0.010989680002060727,-0.05741369258164451,0.04441710065110801,0.004751020281230459,0.4277247741901023,0.010171943848930859,0.0031563240802110733,0.11681248260415768,0.025044058789254357,-0.13483068467981116
2205,-0.008380943469444962,0.0,-0.0013642081099071173,-0.047707291726699845,-0.0004236335285128959,-0.27296477371384237,-0.2461201590535996,-0.0945099640163903,-0.05328626060739758,-0.03846651424852196,-0.20484212393854684,0.001012700454323398,0.1159777914595921,0.0,0.0,0.0,0.0,-0.12346776804478929,-0.0800308156345495,0.04286118524385534,0.003628153952648281,-0.007381022769097289,-0.3179359751970017,-0.024256994071384264,-0.20682723570780676,0.00578601602911194,-0.12832081214285068,-0.05802056405607495,-0.23189147457860235,0.060534703854684895,-0.04622688763076379,0.031457270683536605,-0.055264064168334515,-0.12028373493277991,-0.004424714158556649,0.11132354904029887,-0.6508183429786122,-0.2061869724345548,0.005837459282692277,-0.05831324179582243,0.0,0.0,-0.18379828312071692,-0.5149000981628952,-0.025295451427721553,0.015924442928391503,-0.5182222929580718,0.128362044809115,-0.09271355145381766,-0.16882318052324713,-0.14480707438902762,-0.06251379384341083,0.038856783559190165,-0.03850547124243439,-0.07183711478610728,-0.15669380181036227,-0.06645100721627711,0.16185690087544458,-0.030682679282460292,-0.1491953538940995,-0.058077268640523906,-0.10645186796128853,-0.11263357937830265
2206,-0.008380943469444962,0.0,-0.005429596837501045,-0.04450664536014045,0.005317820326511831,-0.2289449027904987,0.2395035115748734,-0.14553806078346487,0.053406320325163875,0.03761600622070779,0.3265856055940018,-0.017793387824764726,0.13507515935008288,0.0,0.0,0.0,0.0,-0.10215565295568757,-0.05499003521124335,0.026259504905030293,0.009030722471611227,-0.004304483311424785,-0.33135971089407434,-0.02147526967887279,0.0907251275129988,-0.17566861764868702,0.06922711644350388,-0.10231544920045865,-0.09977657944486397,-0.4341801287791726,0.1242655313182004,-0.14489470064356869,-0.02012733683687735,-0.10325288493912056,-0.12447862312330521,0.29474825699595764,-0.6422259279806827,-0.21134796447349413,-0.01719362749010522,-0.0483116067844823,0.0,0.0,-0.23957617480846027,-0.48482616103405984,0.0010264149010235655,-0.008971780167653482,-0.05302382856534487,0.032812638589845906,-0.08372046586570263,-0.15743369737038954,-0.3420553658696529,-0.05185225185504966,0.020324530259101803,0.09644488680463632,0.028194487523606673,0.1285886828455635,0.10752144644263027,0.3321593906113722,-0.002278318692774971,-0.1532057921477315,-0.13763138962656105,-0.2506236038521448,-0.117626435321224
2207,-0.008380943469444962,0.0,-0.015164979052356515,-0.043660973107572935,0.012306370750607696,-0.2866123044106528,0.19247587430177554,-0.13618846561528525,0.024061451683142884,0.07309513852434688,-0.08310696501748556,-0.022265197026074494,0.13040238015804795,0.0,0.0,0.0,0.0,-0.11777987142939991,-0.04578006071492266,0.03386287102594605,0.014572329260173714,0.022515978854610028,-0.3350512405947075,-0.023051743757458054,0.026560113791314857,-0.16110304023103164,0.11112817143376677,-0.09259129692942619,-0.08343288322453142,-0.3236071443345163,-0.04495993308075142,-0.043365595755692585,-0.034683489743503264,0.024804550998207196,0.05611633170823443,0.196600826524344,-0.6892985909622587,-0.20316597761557836,-0.005271458248975037,-0.0583930036152482,0.0,0.0,-0.28043373688493783,-0.5071002291084368,-0.02555407496159538,0.01694555008164457,-0.4287233756763276,0.10124895133334798,0.05687894923758819,-0.1477899925311843,-0.2061207204351076,0.0368082073314006,0.012109336591011013,0.11585238433200738,0.0165195482050435,0.14430163996525472,0.19239935484594883,0.36898107885293363,-0.0186814649082178,-0.13934020375167916,0.05871013660015938,-0.0644486607130303,-0.11577886920236957
2208,-0.008380943469444962,0.0,-0.0013160079701159907,-0.04209717329122353,0.0014059581730753337,-0.21181169049540258,-0.04607592111900114,-0.1491965189569604,0.04608806235129607,-0.004672383261865587,0.08268234985287763,-0.0008303288738260061,0.13036616313137353,0.0,0.0,0.0,0.0,-0.06842974872153414,-0.05325803624837589,0.03432526094743949,0.015449425535619215,-0.033581115127439116,-0.43555972884071603,-0.02036408488013126,0.024985693039805645,0.30083659647831873,-0.1378445492681739,-0.07879800350895387,-0.09703009293941252,-0.3126743694596341,-0.05311621028769154,-0.04747017940219512,-0.018130504103815354,-0.12208722835401181,-0.026979959520822657,0.23039704745708625,-0.6698104641554601,-0.22537048448356142,-0.015928926708675108,-0.05467172781928608,0.0,0.0,-0.1881773005904876,-0.5036073787429555,-0.011512727012851498,0.019648875969403606,-0.4159971454389226,0.17825270547173888,0.0017509694763812322,-0.16238219669982729,-0.14414578848985163,0.029165717256377698,0.03406645410018306,0.12135071050020278,-0.2564070936907612,-0.08576095279527687,0.0329400781315909,0.20749898296343414,0.18936159635680622,-0.14922553464584135,-0.09376078984026393,-0.06852389731002392,-0.10867248795027741
2209,-0.008380943469444962,0.0,-0.00891559930867754,-0.03156108764775415,0.013865084328866292,-0.13854499889448665,-0.25631692765141273,-0.07764015129364472,-0.16071170949956215,0.0067303103833266115,0.03731913554030251,-0.052678237463472284,0.13610701675812387,0.0,0.0,0.0,0.0,-0.10748019421310308,-0.08957147594019516,0.01246439477117129,-0.01801076049180701,-0.022788789616374178,-0.3270412757467611,-0.015972535036957287,0.3196936526325047,0.011599224880300386,0.08035181046341196,0.4610327191234369,-0.08839044067263473,0.18902091585538774,-0.00011555007871082851,0.10418153611144794,-0.020836187258366393,-0.11082299742870116,0.04072670652399169,0.29533259741698403,-0.6903104618358813,-0.2271281836391566,-0.01751143006652809,-0.04588022286387785,0.0,0.0,-0.25899306698495506,-0.47018508818377663,0.0009324538297490894,-0.007937122521999112,-0.010434582236971694,0.12209456743540927,-0.10694360141300487,-0.09997271001900013,-0.19102088328213082,-0.04387792599464681,0.03227638263405398,-0.025005131336570455,-0.04372798491255764,0.15780933767078273,0.09109660447099227,0.09315217781015395,-0.0009367877362694534,-0.13357593738744122,-0.08081994382426248,-0.01946242705595835,-0.08659280483544125
2210,-0.0024578528955285376,0.0,0.0021903625863365916,0.03333447861945919,0.06563703967980991,0.25556755177098667,-0.033264092953691426,0.2988306182052532,0.2949950513487816,0.1795701384755002,0.14880667440821532,0.1850715827432554,-0.010373287707393115,0.0,0.0,0.0,0.0,0.11030035829220614,0.044626451384149134,0.024684527769361836,0.050734996068638884,0.008406035934208833,0.7995039537823345,0.04935466023841646,-0.5363912664053084,0.10887763226854466,0.025628160846497775,0.07382245375797086,0.215232984473748,-0.12569359847090636,0.0007731877728918556,0.01989656512006669,0.05773870366565514,-0.22736868475981367,-0.21688982963454642,-0.41089659483448265,2.391488906657918,0.11623878745788478,0.08778148821591261,-0.000397125455775249,0.0,0.0,0.44625412906726797,1.81258430450046,-0.0034359203484258857,0.023742921939645424,0.2573961615653458,0.08116391267385194,0.04858094942586668,0.4840203878159367,-0.07082276172346592,0.045412270518180024,-0.016789449135202448,0.010609125100510245,-0.057353552841058655,0.04441710065110801,0.007832237389645934,0.4175549272882279,0.010171943848930859,0.02758556959070002,0.11543357901024269,0.01828999234559859,-0.13483068467981116
2211,-0.0024578528955285376,0.0,0.0023567647404886343,0.03333447861945919,0.06563703967980991,0.25215338092254425,-0.033264092953691426,0.3112761427402623,0.2876946710844993,0.1795701384755002,0.14880667440821532,0.1850715827432554,-0.011175370789588513,0.0,0.0,0.0,0.0,0.11030035829220614,0.044626451384149134,0.024684527769361836,0.05031720379188121,0.00624582638643388,0.20367729084850095,0.04935466023841646,-1.519555890386485,0.1080579864892594,0.025628160846497775,0.03386320508357287,0.22399801166181446,-0.1252458858223862,-0.0067433330224860285,0.01989656512006669,0.05773870366565514,-0.22736868475981367,-0.2171353255692532,-0.4152790037625701,2.3929889979891663,0.12345491170045537,0.08778148821591261,-0.0009664724762230622,0.0,0.0,0.44625412906726797,1.8135281834668495,-0.0034359203484258857,0.023992400788335082,0.2573961615653458,0.08116391267385194,0.04851112659600424,0.47237534577346174,-0.0711216489339514,0.045412270518180024,-0.016789449135202448,0.010609125100510245,-0.05741369258164451,0.04441710065110801,0.007832237389645934,0.42477105153079864,0.010171943848930859,0.030974261912619226,0.11543357901024269,0.020286249994716586,-0.13483068467981116
2212,-0.0024578528955285376,0.0,0.0021903625863365916,0.03333447861945919,0.06563703967980991,0.30896333530139997,-0.01060699986876548,0.274435115402704,0.2949950513487816,0.17933171457501998,0.14880667440821532,0.1850715827432554,-0.011175370789588513,0.0,0.0,0.0,0.0,0.12376966734944611,0.044626451384149134,0.024684527769361836,0.05031720379188121,-0.002303077165134914,0.8814163854167414,0.04935466023841646,-0.17762434093814863,0.10949119749962113,0.025628160846497775,0.03752915645173477,0.2215220740818278,-0.1252458858223862,0.0005828788578573906,0.01989656512006669,0.05773870366565514,-0.22736868475981367,-0.21708554487065002,-0.5625431639075987,2.3929889979891663,0.11623878745788478,0.08778148821591261,-0.00046959169887526674,0.0,0.0,0.5594038761426352,1.8135281834668495,-0.0034359203484258857,0.023992400788335082,0.2573961615653458,0.08116391267385194,0.04505066714148268,0.4958987048839123,-0.0711216489339514,0.045412270518180024,-0.016789449135202448,0.010609125100510245,-0.05741369258164451,0.04441710065110801,0.007832237389645934,0.4175549272882279,0.010171943848930859,0.035451801980328865,0.11543357901024269,0.020286249994716586,-0.13483068467981116
2213,-0.0024578528955285376,0.0,0.0021903625863365916,0.03333447861945919,0.06563703967980991,0.2562894875177699,-0.019157521799498586,0.3022428247731824,0.2947826054954056,0.17962025833720144,0.1486323949012664,0.18249138530934916,-0.010373287707393115,0.0,0.0,0.0,0.0,0.11146726873985989,0.044626451384149134,0.024684527769361836,0.050729589250483376,-0.00930172503558907,0.8040708042551178,0.04935466023841646,-0.5310074073999881,0.11228983883647387,0.02591930921845001,0.07376816403667394,0.21522807739332242,-0.12716324982303814,0.0003122249818191616,0.01989656512006669,0.05773870366565514,-0.22512759866776125,-0.21678109945293056,-0.4140913500933328,2.394823550550575,0.12345491170045537,0.08778148821591261,-0.0008940062331230444,0.0,0.0,0.44625412906726797,1.8121591036950326,-0.0034359203484258857,0.023742921939645424,0.25805413892716456,0.08320127056976612,0.045077616097100155,0.45974495074326177,-0.07085411293762142,0.045412270518180024,-0.016789449135202448,0.010609125100510245,-0.05545030190839814,0.04455340681739927,0.0069006190339086695,0.4244234265099461,0.010171943848930859,0.027291665922261378,0.11525657697182448,0.01727318818712332,-0.1354302806579516
2214,-0.0024578528955285376,0.0,0.0021903625863365916,0.03333447861945919,0.06563703967980991,0.25650794621303497,-0.018395133708273188,0.3130743557657711,0.2954624529861424,0.17933171457501998,0.14880667440821532,0.1853069675551182,-0.011175370789588513,0.0,0.0,0.0,0.0,0.11030035829220614,0.044626451384149134,0.024684527769361836,0.04896091648855922,-0.002303077165134914,0.806720078024905,0.04935466023841646,-0.5331474313860403,0.1080579864892594,0.025628160846497775,0.021070857009784148,0.22602876004877612,-0.1252458858223862,0.0003122249818191616,0.01989656512006669,0.05773870366565514,-0.22736868475981367,-0.2171353255692532,-0.41089659483448265,2.3928026103191957,0.1230998827493523,0.08796217493393609,-0.0009664724762230622,0.0,0.0,0.44625412906726797,1.8212147583028222,-0.0034359203484258857,0.027741538945016943,0.25653351790194034,0.08116391267385194,0.04505066714148268,0.47256718153228694,-0.0725494301414096,0.045412270518180024,-0.016789449135202448,0.010609125100510245,-0.05741369258164451,0.04197501668977747,0.007122948150901349,0.42477105153079864,0.010171943848930859,0.03408436756375647,0.11543357901024269,0.020286249994716586,-0.13483068467981116
2215,-0.0024578528955285376,0.0,0.0021903625863365916,0.03333447861945919,0.06563703967980991,0.25556755177098667,-0.03395655116413133,0.31090810381182066,0.29138675479752374,0.1795701384755002,0.14880667440821532,0.1823542790243429,-0.010373287707393115,0.0,0.0,0.0,0.0,0.11030035829220614,0.0433444845080258,0.02356323047456249,0.050734996068638884,0.008245113243832257,0.806720078024905,0.05414737998654475,-0.5365106291266449,0.10887763226854466,0.025628160846497775,0.07393317433691937,0.21770892205373465,-0.13269450168454774,0.0007731877728918556,0.01989656512006669,0.05773870366565514,-0.23679485046879983,-0.21731779904420043,-0.4212997221788608,2.391488906657918,0.12345491170045537,0.08778148821591261,-0.0008940062331230444,0.0,0.0,0.44457771141919084,1.81258430450046,-0.0034359203484258857,0.02346093685141422,0.2783519264173231,0.03874228617398987,0.04858094942586668,0.44070900082824443,-0.1017921449485426,0.045412270518180024,-0.017005029869575798,0.01031205240268871,-0.057353552841058655,0.04441710065110801,0.007832237389645934,0.42477105153079864,0.010171943848930859,0.02720868494345327,0.11543357901024269,0.018266362845788413,-0.14096630644418537
2216,-0.0024578528955285376,0.0,0.0021903625863365916,0.03333447861945919,0.06563703967980991,0.2573479855946587,-0.03471893925535672,0.326765834914759,0.29138675479752374,0.17985868223768167,0.14880667440821532,0.18003987812142974,-0.011175370789588513,0.0,0.0,0.0,0.0,0.11146726873985989,0.0433444845080258,0.02356323047456249,0.05031720379188121,0.008245113243832257,0.8044056771219918,0.05414737998654475,-0.5316411565931157,0.11147019305718861,0.02591930921845001,0.03402821538381829,0.22151716700140223,-0.133225932983444,0.0007731877728918556,0.01989656512006669,0.05773870366565514,-0.23645701530940794,-0.217355003400085,-0.42449447743771096,2.3919471347662933,0.12345491170045537,0.08778148821591261,-0.0009664724762230622,0.0,0.0,0.44457771141919084,1.8131029826614222,-0.0034359203484258857,0.023710415700103876,0.2790099037791419,0.03781588048231918,0.050748636791911016,0.45254771310410613,-0.10212238337318358,0.045412270518180024,-0.017005029869575798,0.01031205240268871,-0.05741369258164451,0.04455340681739927,0.007832237389645934,0.42494876730632014,0.010171943848930859,0.030597377265372462,0.11525657697182448,0.020125268761967165,-0.1415659024223258
2217,-0.0024578528955285376,0.0,0.0026862188551593008,0.03333447861945919,0.06563703967980991,0.3085408607210455,-0.02659177307152596,0.28026877280371165,0.29195040892579116,0.17985868223768167,0.15438369615173536,0.18072515942335293,-0.010107030550095115,0.0,0.0,0.0,0.0,0.12493657779709985,0.0433444845080258,0.020489611659203086,0.051623765365389984,0.008666399794657697,0.895655347527372,0.05414737998654475,-0.17834525747920607,0.11217390039171547,0.025791244150630496,0.07540451399012882,0.22066144103219468,-0.1319506461112511,0.0010438416489300846,0.019278818178218277,0.05773870366565514,-0.2579624931353128,-0.21762531023184792,-0.6331980159145599,2.486016164253674,0.12822218130500604,0.08778148821591261,-0.0013363437013410341,0.0,0.0,0.5577506315234166,1.799778223733344,-0.0034359203484258857,0.023748209118393634,0.2800868938294595,0.08023750698218124,0.05440886565434805,0.46165089602175485,-0.09719919514089415,0.04871815740548725,-0.01688097730002728,0.010125534063659602,-0.044366883976030856,0.04455340681739927,0.00839955066377353,0.4228486264202296,0.010171943848930859,0.00851025281324808,0.11525657697182448,0.019779220584176478,-0.13546448263370559
2218,-0.0024578528955285376,0.0,0.0021903625863365916,0.03333447861945919,0.06563703967980991,0.25650794621303497,-0.033264092953691426,0.3251518413723386,0.29129925501375487,0.1795701384755002,0.14880667440821532,0.1825896638362057,-0.011175370789588513,0.0,0.0,0.0,0.0,0.11030035829220614,0.044626451384149134,0.02356323047456249,0.04896091648855922,0.008245113243832257,0.806720078024905,0.04935466023841646,-0.5332667941073768,0.1080579864892594,0.025628160846497775,0.021235867310029567,0.22602876004877612,-0.1322467890360276,0.0007731877728918556,0.01989656512006669,0.05773870366565514,-0.23679485046879983,-0.21751351428030405,-0.4212997221788608,2.3928026103191957,0.1230998827493523,0.08796217493393609,-0.0009664724762230622,0.0,0.0,0.4462072775625017,1.8212147583028222,-0.0034359203484258857,0.027459553856785737,0.27748928275391765,0.03874228617398987,0.04851112659600424,0.45277915365504523,-0.1018892472231754,0.045412270518180024,-0.016789449135202448,0.010609125100510245,-0.05741369258164451,0.04197501668977747,0.007122948150901349,0.42477105153079864,0.010171943848930859,0.033308893280387726,0.11543357901024269,0.02026262049490641,-0.14096630644418537
2219,-0.0024578528955285376,0.0,0.0021903625863365916,0.03333447861945919,0.06563703967980991,0.2573479855946587,-0.019849980009938487,0.326765834914759,0.2911743089441477,0.17962025833720144,0.1486323949012664,0.17977408159043667,-0.011175370789588513,0.0,0.0,0.0,0.0,0.11146726873985989,0.0433444845080258,0.02356323047456249,0.0503117969737257,-0.00946264772596564,0.8040708042551178,0.05414737998654475,-0.5286827998236864,0.11147019305718861,0.02591930921845001,0.03402821538381829,0.22151716700140223,-0.13199344086744633,0.0003122249818191616,0.01989656512006669,0.05773870366565514,-0.21621326885836928,-0.217355003400085,-0.4140913500933328,2.3963236418818235,0.12345491170045537,0.08778148821591261,-0.0009664724762230622,0.0,0.0,0.44457771141919084,1.8131029826614222,-0.0034359203484258857,0.023710415700103876,0.2790099037791419,0.08320127056976612,0.045007793267237715,0.47171747140642994,-0.09992324327682486,0.045412270518180024,-0.017005029869575798,0.01031205240268871,-0.055510441648984,0.04455340681739927,0.0069006190339086695,0.4244234265099461,0.010171943848930859,0.030303473596933826,0.11525657697182448,0.019245816336431167,-0.1354302806579516
2220,-0.008380943469444962,0.0,-0.0030026870621474365,-0.03541853335238485,0.0028250179742312547,-0.13564757155455295,0.23845875070516911,-0.14447741476685264,0.04821166173542331,-0.03732071275447264,0.07680971522081625,0.053405019549498625,0.11276721004849494,0.0,0.0,0.0,0.0,-0.104051400250884,-0.04979745093165057,0.028094573728569428,0.022280768366221313,0.05037591281430263,-0.3706500895719881,-0.03504171651572401,0.04622916380156119,0.24400388305346754,-0.030796375172682716,-0.06900490941375195,-0.1372049611523085,-0.12423510320205038,-0.06448832829847996,-0.11933905972919492,-0.01760419780886672,-0.2307868470582074,-0.0051138793785481616,0.2163186758665778,-0.6239291553205533,-0.24386129739868945,-0.01515951242958894,-0.04557008693166544,0.0,0.0,-0.21362394268324814,-0.49290770199040995,-0.011902893048518774,0.047492355704489723,-0.4757434900887903,0.0912020634494275,-0.17554835155913132,-0.17759117942459676,-0.14819857767685088,-0.04407384244622286,0.027100417340509202,-0.01479684708887086,0.012687810070622647,-0.14194449570045564,0.0466181761773605,0.25545701458028974,-0.020568334779287836,-0.15581879259703618,0.08378077042977766,-0.27019725535303263,-0.12314519916265532
2221,-0.008380943469444962,0.0,-0.004602740100329698,-0.0429281646908099,0.0015666956657952689,0.05678907757820063,-0.217031109753969,-0.15203183380405735,0.006053336093314738,-0.02537886812280475,-0.04325001297854638,0.027711445064142224,0.1225370121908038,0.0,0.0,0.0,0.0,-0.0733486296725755,-0.08788725582662557,0.031547370192281106,0.0037917006896066993,0.061390335550000084,-0.3271906321940267,-0.03068504427986655,0.24454099054879783,0.008284595611364898,0.13184039930592176,0.03989503633070466,-0.16076953043213144,-0.1749444459093755,-0.008375961929886955,-0.14547088342606482,-0.017208038940845317,-0.1029791900876959,0.07989807477764084,0.3015668303280509,-0.7128453753573444,-0.22132171436144038,-0.017641393786178777,-0.04464331041056622,0.0,0.0,-0.2685645000110945,-0.47263086766141466,-0.012858182618086725,-0.001351924913922996,-0.057896864079480484,0.07382007300082419,-0.04771244316238989,-0.2122200622565038,-0.22525743893572067,-0.06599366541440144,0.032131660861889705,-0.03435393054184759,0.016215315593959306,0.17247713113747506,0.05086252147697716,0.28909450536809944,-0.003621601998032656,-0.17887947515148395,-0.1812018232248739,-0.2037618151966228,-0.1299546503747552
2222,-0.012165531927774476,0.0,-0.005039857461944244,-0.043813273502183454,0.001945272203590339,-0.28680180074523093,0.20431741245181878,-0.1236371826199386,0.06120046141960708,0.09624858462118695,-0.04802681913460489,0.06142381397749542,0.10798218299842267,0.0,0.0,0.0,0.0,-0.11642680969878223,-0.04571508634674687,0.03387486662744209,0.034142135311316484,0.0360556129548517,-0.2867133899604273,-0.08350963653421116,0.3298077875303525,-0.27180259050264044,0.11150034660734903,-0.0475569698557867,-0.13168942898299113,-0.2567811118255735,-0.07308001518287163,-0.15067627787182372,-0.03197650309741996,-0.07965519963340834,0.04297290304107289,0.2141150992604838,-0.7396917318814655,-0.26827097672510875,-0.005255115155827882,-0.044315125644539585,0.0,0.0,-0.19512065449742746,-0.4909156926874006,-0.02583089823068084,0.041428454227494985,-0.41843132536112615,0.10795968812963311,-0.08041314214778993,-0.21674329130469194,-0.19563435653050884,-0.03521843907636597,0.013671846991288183,0.01346971025138445,-0.013390130155461276,0.16494218028564886,0.10536617042732764,0.30279961624697477,-0.023517516848602867,-0.15373922516218771,-0.014069491737205368,-0.12768601565479953,-0.12427691380791037
2223,-0.008380943469444962,0.0,-0.0023985073740493967,-0.03384308055325358,0.013704346836146358,-0.2880385981627182,-0.16315425190706268,-0.11180086088477718,0.0034318312043657767,-0.06628434242890736,0.06974499841968686,0.028649216449094024,0.16541373499513848,0.0,0.0,0.0,0.0,-0.112406067759289,-0.07114184474319735,0.03141748143190183,0.014893616634324092,-0.0501897652366375,-0.2921742240256793,-0.026441073757197245,0.3457676413527823,0.08508277954870691,0.0452011510732342,0.02007521195241873,-0.14965780746652685,-0.20224698742754146,-0.06359652018469902,0.05224481704644703,-0.03751879816222806,-0.20684348547940976,0.03888289283625655,0.19372913120442128,-0.4690284807010762,-0.19710124369502144,-0.004862361060582977,-0.05840999331852337,0.0,0.0,-0.19092460900372293,-0.47877535157475276,-0.011600980626917409,0.020419348412574954,-0.46996937603805106,0.1402705255544982,-0.06917583808385992,-0.16223943256969608,-0.20830075026027203,0.023737114406532672,0.03551839092329102,0.14857851169543296,-0.08759105967557294,0.20378620639048814,0.09596361910653659,0.2175687928964178,-0.01735685280675054,-0.1568850091871268,-0.23421433849439374,-0.2550631380781597,-0.1096869944994007
2224,-0.012165531927774476,0.0,-0.0032312331634520466,-0.04597634714197048,0.0006866814733359033,0.12773570477041185,0.04545942821619947,-0.0990404459012109,0.11576554211687605,-0.05715021388036898,0.13391445546843922,0.0751872916245261,0.12101920745831067,0.0,0.0,0.0,0.0,-0.08684928840067606,-0.05858479141035845,0.03899616560708594,0.05067535856056395,0.050316715369192785,-0.4462512730566041,-0.06906725012295714,0.2577218048757406,-0.09075825559183698,0.07296160885583278,-0.09331411947511706,-0.12224870249694521,-0.18681854600889497,-0.046116040090694095,-0.1325248191879394,-0.006411190970881675,-0.04883930271626143,-0.012241491392173382,0.28258843607624173,-0.47378918830019995,-0.2615111049424311,0.00330361155520684,-0.0497931269752077,0.0,0.0,-0.1561001366909289,-0.47657540848790947,-0.011902893048518774,0.01782379775022463,-0.4839355412906613,0.12700908779296666,-0.0034302368536996237,-0.22300345783321163,-0.21499892604005255,-0.062393487711169655,0.015422714047853413,0.10831975331526339,-0.043464997924908634,0.13774831312703661,0.04770394478646133,0.23553919587382552,-0.009719590097465548,-0.16812629197836776,0.0869087030075839,0.09955471061944267,-0.09731128246948613
2225,-0.0025589121938461674,0.0,0.0021903625863365916,0.03320680853396539,0.06563703967980991,0.256119507073301,-0.01920619533148361,0.33252962880184395,0.2910449551648964,0.17933171457501998,0.15462205038091076,0.18208848249334983,-0.011175370789588513,0.0,0.0,0.0,0.0,0.11030035829220614,0.0433444845080258,0.02356323047456249,0.0503117969737257,-0.010917949485645223,0.8123748606376754,0.04968789997896346,-0.5306915225847272,0.11128697417773385,0.025628160846497775,0.033236731017401405,0.23049692751640866,-0.13052919633347004,0.00025766449268684174,0.01989656512006669,0.05785017526032429,-0.20468215069142934,-0.21688923500750945,-0.4186918533678236,2.3978506056912563,0.13582515256808206,0.08778148821591261,-0.009515264664204754,0.0,0.0,0.44457771141919084,1.825898424334476,-0.0034359203484258857,0.023710415700103876,0.2783519264173231,0.08412767626143682,0.0432553836578908,0.47515114338363296,-0.12853703680641357,0.045412270518180024,-0.017005029869575798,0.010989680002060727,-0.055510441648984,0.043834443790163775,0.0038194019254931977,0.4277513705335561,0.010171943848930859,0.0028624204117724235,0.11681248260415768,0.024164606363718345,-0.13483068467981116
2226,-0.0025589121938461674,0.0,0.0021903625863365916,0.03462801386961212,0.06563703967980991,0.2548332103842729,-0.019968583422709008,0.3334866539748552,0.2975314404113274,0.17962025833720144,0.15462205038091076,0.17977408159043667,-0.01080793676567406,0.0,0.0,0.0,0.0,0.11146726873985989,0.0433444845080258,0.02356323047456249,0.05427686699167517,-0.010113142799992158,0.8100604597347623,0.04968789997896346,-0.5296802063734941,0.11508598782131402,0.02591930921845001,0.054983512607350266,0.22277937193064484,-0.1326069487593435,-0.0001726213391266626,0.01989656512006669,0.05785017526032429,-0.20221289056496744,-0.21812917100781576,-0.33285691948642065,2.4511990753734314,0.13582515256808206,0.08778148821591261,-0.010317740112514068,0.0,0.0,0.44457771141919084,1.8245293445626591,-0.0063900214145261635,0.027466280120069346,0.2790099037791419,0.08320127056976612,0.045562716683660014,0.5288895197776167,-0.13657636475333398,0.045412270518180024,-0.017005029869575798,0.010989680002060727,-0.0632347295647052,0.04397074995645504,0.0038194019254931977,0.42378528156024703,0.010171943848930859,-0.02953509205310168,0.11663548056573947,0.023083375664389345,-0.1354302806579516
2227,-0.0025589121938461674,0.0,0.0021903625863365916,0.03320680853396539,0.06563703967980991,0.2560014034384605,-0.01920619533148361,0.34176300579004804,0.2915123568022572,0.18031692561177234,0.15462205038091076,0.18232386730521263,-0.011175370789588513,0.0,0.0,0.0,0.0,0.11030035829220614,0.0433444845080258,0.02356323047456249,0.048351851121793785,-0.010917949485645223,0.8123748606376754,0.04968789997896346,-0.5325172274973369,0.11128697417773385,0.025628160846497775,0.020316574892810062,0.23351288694012265,-0.13019488112665462,-0.0001726213391266626,0.01989656512006669,0.05785017526032429,-0.1951155617616641,-0.21891779223076185,-0.4186918533678236,2.452502263574854,0.135470123616979,0.08796217493393609,-0.010317740112514068,0.0,0.0,0.44457771141919084,1.8335849991704487,-0.0063900214145261635,0.027459553856785737,0.27748928275391765,0.08412767626143682,0.0432553836578908,0.47534297914245816,-0.13798791118857284,0.045412270518180024,-0.017005029869575798,0.010989680002060727,-0.06329486930529106,0.042377570865585544,0.003110112686748613,0.4236075657847255,0.010171943848930859,-0.040618650353978616,0.11681248260415768,0.025149817400470682,-0.13483068467981116
2228,-0.0025589121938461674,0.0,0.0021903625863365916,0.03321365192535888,0.06563703967980991,0.2550610089964122,-0.03407515457690185,0.32008410426683476,0.29070546387844465,0.1795701384755002,0.15479632988785968,0.1823542790243429,-0.010373287707393115,0.0,0.0,0.0,0.0,0.11030035829220614,0.0433444845080258,0.02356323047456249,0.050734996068638884,0.008245113243832257,0.8127097335045494,0.04968789997896346,-0.5360938496517946,0.11210661995701911,0.025628160846497775,0.07314401525250987,0.22420783790832885,-0.13097150216383469,0.0002883414519460315,0.01989656512006669,0.05773870366565514,-0.2065854016240898,-0.2181864547520053,-0.41924379050765137,2.4437386661065963,0.13527321542825424,0.08778148821591261,-0.01024527386941405,0.0,0.0,0.44457771141919084,1.8244026082282587,-0.0063900214145261635,0.02346093685141422,0.2783519264173231,0.08116391267385194,0.04858094942586668,0.46398529948576783,-0.12795106262261083,0.045412270518180024,-0.017005029869575798,0.010989680002060727,-0.0651379804973657,0.04441710065110801,0.004751020281230459,0.4209926833363816,0.010171943848930859,-0.030293567067391287,0.11681248260415768,0.02304780114013636,-0.13483068467981116
2229,-0.0024578528955285376,0.0,0.0026862188551593008,0.03333447861945919,0.06563703967980991,0.2631543769247824,-0.034493754081511965,0.31849358892083435,0.30043367834105916,0.1795701384755002,0.148394040672091,0.1830395603262661,-0.01080793676567406,0.0,0.0,0.0,0.0,0.11030035829220614,0.0433444845080258,0.024980357246930325,0.05139581775262756,0.04673026679032587,0.8100121622931828,0.05414737998654475,-0.5352474111755589,0.10797571898071988,0.025628160846497775,0.05440206548488027,0.22010024843935683,-0.13097150216383469,0.0007731877728918556,0.01983673359149575,0.05773870366565514,-0.2583003282947047,-0.2195169310380676,-0.4743499396512196,2.4862093934003555,0.12822218130500604,0.08778148821591261,-0.0013664029497649794,0.0,0.0,0.4446008844480494,1.8008618534645524,-0.0034359203484258857,0.02346093685141422,0.2794289164676407,0.08116391267385194,0.05188408319146185,0.4766517510121041,-0.09991054286748548,0.04871815740548725,-0.01688097730002728,0.01031205240268871,-0.042640618876256975,0.04441710065110801,0.00839955066377353,0.4200761690181257,0.010171943848930859,0.028995538176157132,0.11543357901024269,0.021627379925624864,-0.13483068467981116
2230,-0.0024578528955285376,0.0,0.0021903625863365916,0.03333447861945919,0.06563703967980991,0.26513041797600223,-0.03228187143917499,0.3130743557657711,0.3040400087215454,0.1795701384755002,0.14880667440821532,0.1853069675551182,-0.011175370789588513,0.0,0.0,0.0,0.0,0.11030035829220614,0.044626451384149134,0.02907285860091252,0.04896091648855922,0.046469902929877,0.806720078024905,0.04935466023841646,-0.5331474313860403,0.1080579864892594,0.025628160846497775,0.021070857009784148,0.22602876004877612,-0.1252458858223862,0.0007731877728918556,0.01989656512006669,0.05773870366565514,-0.22736868475981367,-0.2171353255692532,-0.40660257063612937,2.3928026103191957,0.1230998827493523,0.08796217493393609,-0.0009664724762230622,0.0,0.0,0.44625412906726797,1.8212147583028222,-0.0034359203484258857,0.027741538945016943,0.25653351790194034,0.08116391267385194,0.04851112659600424,0.4797753835746342,-0.0725494301414096,0.045412270518180024,-0.016789449135202448,0.010609125100510245,-0.05741369258164451,0.04197501668977747,0.007122948150901349,0.42477105153079864,0.010171943848930859,0.03408436756375647,0.11543357901024269,0.020286249994716586,-0.13483068467981116
2231,-0.0024578528955285376,0.0,0.0021903625863365916,0.03652473698898127,0.06563703967980991,0.2625373624868452,-0.01958857027013257,0.30525648056104,0.2943763806032341,0.18125707171092909,0.1492119376789794,0.1850715827432554,-0.01049327876619628,0.0,0.0,0.0,0.0,0.14047333677139942,0.04855038443930917,0.024684527769361836,0.05021369277731777,-0.0037177643879375217,0.8061014072793574,0.04935466023841646,-0.5522400139395458,0.11398894422403291,0.025628160846497775,0.07859576560971902,0.21804105397663898,-0.1270606210520577,0.0001380878962722984,0.019760741167026884,0.059767178793108694,-0.22868045535169398,-0.2169396103331496,-0.41139014903828436,2.4342768748052164,0.12345491170045537,0.08778148821591261,-0.0008940062331230444,0.0,0.0,0.44478645061983463,1.81258430450046,-0.0034359203484258857,0.024155335513421455,0.2522904522561408,0.08114439773528469,0.04504938477026547,0.47482127560576426,-0.0726814131024703,0.04491064089739541,-0.016789449135202448,0.010228032465806064,-0.059081687012724614,0.044345570542067496,0.007832237389645934,0.43298124591805615,0.010171943848930859,0.02758556959070002,0.019408633427570834,0.01828999234559859,-0.13483068467981116
2232,-0.0024578528955285376,0.0,0.0021903625863365916,0.03333447861945919,0.06563703967980991,0.265970457357626,-0.03655192465460154,0.31468834930819145,0.30357260708418465,0.17985868223768167,0.14880667440821532,0.18275718184034223,-0.011175370789588513,0.0,0.0,0.0,0.0,0.11146726873985989,0.044626451384149134,0.02907285860091252,0.05242225730411625,0.05742420516777453,0.7970438951413721,0.04935466023841646,-0.5240700518292832,0.11147019305718861,0.025681401825697885,0.03391749480486978,0.21905627446194093,-0.12397231520942333,0.0007731877728918556,0.020316669390938145,0.05773870366565514,-0.22703084960042172,-0.21705015036706224,-0.40937722162410806,2.3699121169261734,0.11623878745788478,0.08778148821591261,-0.0005353213427560701,0.0,0.0,0.44625412906726797,1.8131029826614222,-0.0034359203484258857,0.023992400788335082,0.25805413892716456,0.08023750698218124,0.05116874106278247,0.5034874064050171,-0.06993030478001677,0.045412270518180024,-0.016789449135202448,0.010609125100510245,-0.05805005555765051,0.04455340681739927,0.007832237389645934,0.4195500621775522,0.010171943848930859,0.030974261912619226,0.11525657697182448,0.02014889826177734,-0.1361782125252237
2233,-0.0024578528955285376,0.0,0.0021903625863365916,0.03333447861945919,0.06563703967980991,0.3088452316665594,-0.01060699986876548,0.27623332842821274,0.2954624529861424,0.17933171457501998,0.14880667440821532,0.1853069675551182,-0.011175370789588513,0.0,0.0,0.0,0.0,0.12376966734944611,0.044626451384149134,0.024684527769361836,0.04896091648855922,-0.002303077165134914,0.8886325096593118,0.04935466023841646,-0.17682447621651862,0.10949119749962113,0.025628160846497775,0.024682518656649142,0.22602876004877612,-0.12696888534309927,0.0005828788578573906,0.01989656512006669,0.05773870366565514,-0.2457091802781918,-0.2171353255692532,-0.5729462912519769,2.3928026103191957,0.1230998827493523,0.08796217493393609,-0.0009664724762230622,0.0,0.0,0.5594038761426352,1.8212147583028222,-0.0034359203484258857,0.027741538945016943,0.25653351790194034,0.03874228617398987,0.04505066714148268,0.45268495005985265,-0.07474857023776832,0.045412270518180024,-0.016789449135202448,0.010609125100510245,-0.05741369258164451,0.04197501668977747,0.007122948150901349,0.42477105153079864,0.010171943848930859,0.03856190763146611,0.11543357901024269,0.020286249994716586,-0.14096630644418537
2234,-0.0024578528955285376,0.0,0.0021903625863365916,0.03333447861945919,0.06563703967980991,0.2553397531588474,-0.022665186923699742,0.30982830988219606,0.2947826054954056,0.17962025833720144,0.1486323949012664,0.18249138530934916,-0.01080793676567406,0.0,0.0,0.0,0.0,0.11146726873985989,0.044626451384149134,0.024684527769361836,0.050729589250483376,-0.00930172503558907,0.7968546800125473,0.04935466023841646,-0.5299550287172599,0.11185700013283957,0.02591930921845001,0.05566427639481864,0.213804518496064,-0.12716324982303814,0.0003122249818191616,0.01989656512006669,0.05773870366565514,-0.22512759866776125,-0.21695566226698812,-0.4140913500933328,2.3983348574055006,0.11623878745788478,0.08778148821591261,-0.0005353213427560701,0.0,0.0,0.44625412906726797,1.8121591036950326,-0.0034359203484258857,0.023742921939645424,0.25805413892716456,0.08320127056976612,0.045077616097100155,0.4908537949627261,-0.06867895553397323,0.045412270518180024,-0.016789449135202448,0.010609125100510245,-0.056086664884404155,0.04455340681739927,0.0069006190339086695,0.4166223200436995,0.010171943848930859,0.02834404460498964,0.11525657697182448,0.018325566869851574,-0.1354302806579516
2235,-0.0024578528955285376,0.0,0.0021903625863365916,0.03333447861945919,0.06563703967980991,0.25556755177098667,-0.033264092953691426,0.2988306182052532,0.2949950513487816,0.1795701384755002,0.14880667440821532,0.1850715827432554,-0.010373287707393115,0.0,0.0,0.0,0.0,0.11030035829220614,0.044626451384149134,0.024684527769361836,0.050734996068638884,0.008406035934208833,0.806720078024905,0.04935466023841646,-0.5363912664053084,0.10887763226854466,0.025628160846497775,0.07376816403667394,0.21770892205373465,-0.12569359847090636,0.0007731877728918556,0.01989656512006669,0.05773870366565514,-0.22736868475981367,-0.2169396103331496,-0.41089659483448265,2.391488906657918,0.12345491170045537,0.08778148821591261,-0.0008940062331230444,0.0,0.0,0.44625412906726797,1.81258430450046,-0.0034359203484258857,0.023742921939645424,0.2573961615653458,0.08116391267385194,0.04858094942586668,0.46049702870548614,-0.07082276172346592,0.045412270518180024,-0.016789449135202448,0.010609125100510245,-0.057353552841058655,0.04441710065110801,0.007832237389645934,0.42477105153079864,0.010171943848930859,0.02758556959070002,0.11543357901024269,0.01828999234559859,-0.13483068467981116
2236,-0.0024578528955285376,0.0,0.0026862188551593008,0.03333447861945919,0.06563703967980991,0.2571439697095692,-0.03905357060101506,0.3285640479402678,0.29176862282188726,0.17985868223768167,0.148394040672091,0.18096054423521574,-0.011175370789588513,0.0,0.0,0.0,0.0,0.11146726873985989,0.044626451384149134,0.02059202641537964,0.04962173817254791,0.008666399794657697,0.8076977613902697,0.04935466023841646,-0.5306304526031279,0.11100111847299811,0.02591930921845001,0.019862935821142687,0.22488686309125783,-0.13150293346273095,0.0007731877728918556,0.01983673359149575,0.05773870366565514,-0.2579624931353128,-0.21957602463455397,-0.4818387191084231,2.487887783328229,0.12786715235390297,0.08796217493393609,-0.0014321325936457862,0.0,0.0,0.4462304505913603,1.8090671064614874,-0.0034359203484258857,0.027459553856785737,0.279224250166054,0.08023750698218124,0.054051770557506186,0.47388861189543,-0.09729629741552694,0.04871815740548725,-0.01666539656565393,0.010609125100510245,-0.043337121592848846,0.042111322856068716,0.007690261425028945,0.4196689025699714,0.010171943848930859,0.03404336783036332,0.11525657697182448,0.022433907159075395,-0.1354302806579516
2237,-0.0024578528955285376,0.0,0.0021903625863365916,0.03333447861945919,0.06563703967980991,0.30956716741334267,-0.026238347205409126,0.29172302060270955,0.29129925501375487,0.17985868223768167,0.14880667440821532,0.18027526293329255,-0.011175370789588513,0.0,0.0,0.0,0.0,0.12493657779709985,0.044626451384149134,0.02356323047456249,0.04896091648855922,0.008245113243832257,0.8863181087563987,0.04935466023841646,-0.17451833670196407,0.11290340406755034,0.02591930921845001,0.02484752895689456,0.22354791538836388,-0.133225932983444,0.0010438416489300846,0.01989656512006669,0.05773870366565514,-0.23645701530940794,-0.217355003400085,-0.5761410465108272,2.3917607470963227,0.1230998827493523,0.08796217493393609,-0.0009664724762230622,0.0,0.0,0.559357024637869,1.820789557497395,-0.0034359203484258857,0.027459553856785737,0.2781472601157364,0.03781588048231918,0.050748636791911016,0.45273954886293133,-0.1019205984373309,0.045412270518180024,-0.016789449135202448,0.010609125100510245,-0.05741369258164451,0.042111322856068716,0.007122948150901349,0.42494876730632014,0.010171943848930859,0.037786433348097365,0.11525657697182448,0.020125268761967165,-0.1415659024223258
2238,-0.0024578528955285376,0.0,0.0021903625863365916,0.03333447861945919,0.06563703967980991,0.30790483722451123,-0.01060699986876548,0.2740670764742623,0.2908318533763941,0.17933171457501998,0.14880667440821532,0.1823542790243429,-0.010373287707393115,0.0,0.0,0.0,0.0,0.12376966734944611,0.044626451384149134,0.02356323047456249,0.050734996068638884,-0.0024639998555114903,0.8886325096593118,0.04935466023841646,-0.1801876739571233,0.11031084327890639,0.025628160846497775,0.07754483598378437,0.21770892205373465,-0.13097150216383469,0.0005828788578573906,0.01989656512006669,0.05773870366565514,-0.2184543549504217,-0.21731779904420043,-0.5625431639075987,2.391488906657918,0.12345491170045537,0.08778148821591261,-0.0008940062331230444,0.0,0.0,0.559357024637869,1.81258430450046,-0.0034359203484258857,0.02346093685141422,0.2783519264173231,0.08116391267385194,0.04512048997134512,0.4605912323006787,-0.097963438708873,0.045412270518180024,-0.016789449135202448,0.010609125100510245,-0.057353552841058655,0.04441710065110801,0.007832237389645934,0.42477105153079864,0.010171943848930859,0.03128763537504093,0.11543357901024269,0.018266362845788413,-0.13483068467981116
2239,-0.0024578528955285376,0.0,0.0026862188551593008,0.03333447861945919,0.06563703967980991,0.30948125516309366,-0.027757771637306205,0.279645534996142,0.29593182079427477,0.17985868223768167,0.148394040672091,0.18367784795412823,-0.011175370789588513,0.0,0.0,0.0,0.0,0.12493657779709985,0.044626451384149134,0.021713323710178985,0.04962173817254791,0.008827322485034267,0.8896101930246766,0.04935466023841646,-0.17418813471226965,0.11243432948335984,0.025791244150630496,0.023309587167762266,0.22488686309125783,-0.12622502976980263,0.0010438416489300846,0.01983673359149575,0.05773870366565514,-0.2668768229447047,-0.21907471954687188,-0.6331980159145599,2.485428855156032,0.12786715235390297,0.08796217493393609,-0.0013664029497649794,0.0,0.0,0.5594270491714939,1.8090671064614874,-0.0034359203484258857,0.028028811211996366,0.2582684853140767,0.08023750698218124,0.05433904282448561,0.47362684525336307,-0.07261454860231738,0.04871815740548725,-0.01666539656565393,0.010609125100510245,-0.04323274532733322,0.042111322856068716,0.007690261425028945,0.4202538847936472,0.010171943848930859,0.0392963821814417,0.11525657697182448,0.02245753665888557,-0.13546448263370559
2240,-0.0024578528955285376,0.0,0.0021903625863365916,0.03333447861945919,0.06563703967980991,0.26513041797600223,-0.032974329649614886,0.32794133113385876,0.30043171217028747,0.1795701384755002,0.15479632988785968,0.1825896638362057,-0.011175370789588513,0.0,0.0,0.0,0.0,0.11030035829220614,0.0433444845080258,0.027951561306113176,0.04896091648855922,0.046308980239500426,0.8127097335045494,0.05414737998654475,-0.5332667941073768,0.1080579864892594,0.025628160846497775,0.020470149653428752,0.2313395203238128,-0.1322467890360276,0.0007731877728918556,0.01989656512006669,0.05773870366565514,-0.23679485046879983,-0.21587063353096206,-0.4170056979805075,2.3928026103191957,0.1230998827493523,0.08796217493393609,-0.0009664724762230622,0.0,0.0,0.44457771141919084,1.8212147583028222,-0.0034359203484258857,0.027459553856785737,0.27748928275391765,0.03874228617398987,0.04851112659600424,0.45998735569739246,-0.10351881336648629,0.045412270518180024,-0.017005029869575798,0.01031205240268871,-0.05741369258164451,0.04197501668977747,0.007122948150901349,0.4277247741901023,0.010171943848930859,0.00979703616861929,0.11543357901024269,0.02026262049490641,-0.14096630644418537
2241,-0.0025589121938461674,0.0,0.0021903625863365916,0.03321365192535888,0.06563703967980991,0.3169611606549521,-0.025304799222877716,0.2961079108958795,0.29975042125120843,0.1795701384755002,0.15479632988785968,0.1825896638362057,-0.011175370789588513,0.0,0.0,0.0,0.0,0.12376966734944611,0.0433444845080258,0.027951561306113176,0.04896091648855922,0.046308980239500426,0.8946221651389563,0.04968789997896346,-0.17652705946300482,0.11272018518809558,0.025628160846497775,0.024066747050868937,0.2327207497493249,-0.1322467890360276,0.0010438416489300846,0.01989656512006669,0.05773870366565514,-0.22458427182680857,-0.21688923500750945,-0.5769994627267926,2.3928026103191957,0.13491818647715118,0.08796217493393609,-0.009515264664204754,0.0,0.0,0.5577274584945581,1.833033062030621,-0.0034359203484258857,0.027459553856785737,0.27748928275391765,0.03874228617398987,0.04851112659600424,0.4633898903978254,-0.12988462635076745,0.045412270518180024,-0.017005029869575798,0.010989680002060727,-0.05741369258164451,0.04197501668977747,0.004041731042485874,0.4277247741901023,0.010171943848930859,0.01427457623632893,0.11543357901024269,0.023665155195339377,-0.14096630644418537
2242,-0.0024578528955285376,0.0,0.0021903625863365916,0.03333447861945919,0.06563703967980991,0.2652485216108427,-0.032974329649614886,0.32614311810835,0.29996431053292677,0.1795701384755002,0.15479632988785968,0.1823542790243429,-0.01080793676567406,0.0,0.0,0.0,0.0,0.11030035829220614,0.0433444845080258,0.027951561306113176,0.050734996068638884,0.046308980239500426,0.8127097335045494,0.05414737998654475,-0.5354582504439167,0.10844479356491037,0.025628160846497775,0.03830798787701919,0.2283648929704614,-0.13269450168454774,0.0007731877728918556,0.01989656512006669,0.05773870366565514,-0.23679485046879983,-0.21577614543088794,-0.4170056979805075,2.3925412853406463,0.12345491170045537,0.08778148821591261,-0.0009664724762230622,0.0,0.0,0.44457771141919084,1.81258430450046,-0.0034359203484258857,0.02346093685141422,0.2783519264173231,0.03874228617398987,0.04851112659600424,0.45979551993856727,-0.10209103215902808,0.045412270518180024,-0.017005029869575798,0.01031205240268871,-0.05741369258164451,0.04441710065110801,0.007832237389645934,0.4277247741901023,0.010171943848930859,0.005743051551092279,0.11543357901024269,0.019318741528516654,-0.14096630644418537
2243,-0.0025589121938461674,0.0,0.0021903625863365916,0.03321365192535888,0.06563703967980991,0.30812023019671997,-0.012180449583201292,0.2853100577187334,0.2896862762919774,0.1799176625357036,0.15502731365167488,0.17977408159043667,-0.010373287707393115,0.0,0.0,0.0,0.0,0.12455548516239567,0.0433444845080258,0.02356323047456249,0.050729589250483376,-0.00946264772596564,0.8913542206236216,0.04968789997896346,-0.17611335389012892,0.11695203753531004,0.02591930921845001,0.08161697505744146,0.22172699324791662,-0.1341641530366795,0.0010112902252021323,0.01989656512006669,0.05773870366565514,-0.22254105900671797,-0.21672307987873052,-0.5844882421839961,2.394635479563031,0.13527321542825424,0.08778148821591261,-0.009442798421104737,0.0,0.0,0.5577274584945581,1.8239774074228314,-0.0034359203484258857,0.02346093685141422,0.2790099037791419,0.04077964406990406,0.04486403912242482,0.4433712341648058,-0.1288079798925268,0.045412270518180024,-0.017005029869575798,0.010608587367356545,-0.05545030190839814,0.04455340681739927,0.0038194019254931977,0.42761384906147437,0.010171943848930859,0.003951268157562871,0.11663548056573947,0.02205089508323834,-0.1415659024223258
2244,-0.0024578528955285376,0.0,0.0021903625863365916,0.03333447861945919,0.06563703967980991,0.2550610089964122,-0.03407515457690185,0.3157549024953016,0.2907680840519762,0.17986754267400237,0.1552015931586238,0.1823542790243429,-0.010373287707393115,0.0,0.0,0.0,0.0,0.10991926565750196,0.0433444845080258,0.02356323047456249,0.050734996068638884,0.008245113243832257,0.8120910627590019,0.05414737998654475,-0.5382369475398213,0.10887763226854466,0.025628160846497775,0.07801369058896034,0.22301968232877128,-0.13269450168454774,0.0007731877728918556,0.01989656512006669,0.05773870366565514,-0.2366510984251023,-0.21669351977140583,-0.4212997221788608,2.391488906657918,0.12345491170045537,0.08778148821591261,-0.009442798421104737,0.0,0.0,0.44457771141919084,1.81258430450046,-0.0034359203484258857,0.02346093685141422,0.2783519264173231,0.03874228617398987,0.04836737245119135,0.444131779642374,-0.10241081569409016,0.045412270518180024,-0.017005029869575798,0.009930959767984528,-0.057353552841058655,0.04441710065110801,0.007832237389645934,0.4279001310777502,0.010171943848930859,0.003298238195562857,0.11543357901024269,0.02166889754622138,-0.14096630644418537
2245,-0.0024578528955285376,0.0,0.0021903625863365916,0.03333447861945919,0.06563703967980991,0.25662604984787546,-0.033264092953691426,0.32335362834682985,0.2908318533763941,0.1795701384755002,0.14880667440821532,0.1823542790243429,-0.011175370789588513,0.0,0.0,0.0,0.0,0.11030035829220614,0.044626451384149134,0.02356323047456249,0.05031720379188121,0.008245113243832257,0.806720078024905,0.04935466023841646,-0.5340666588290067,0.1080579864892594,0.025628160846497775,0.03402821538381829,0.22399801166181446,-0.13052378951531454,0.0007731877728918556,0.01989656512006669,0.05773870366565514,-0.2184543549504217,-0.21751351428030405,-0.41089659483448265,2.3929889979891663,0.12345491170045537,0.08778148821591261,-0.0009664724762230622,0.0,0.0,0.4462072775625017,1.8135281834668495,-0.0034359203484258857,0.023710415700103876,0.2783519264173231,0.08116391267385194,0.04851112659600424,0.4724695493686543,-0.09826232591935848,0.045412270518180024,-0.016789449135202448,0.010609125100510245,-0.05741369258164451,0.04441710065110801,0.007832237389645934,0.42477105153079864,0.010171943848930859,0.030198787629250483,0.11543357901024269,0.02026262049490641,-0.13483068467981116
2246,-0.0024578528955285376,0.0,0.0021903625863365916,0.03333447861945919,0.06563703967980991,0.30790483722451123,-0.01060699986876548,0.2740670764742623,0.29007973086467237,0.17933171457501998,0.14752077304691547,0.18208848249334983,-0.010373287707393115,0.0,0.0,0.0,0.0,0.12376966734944611,0.044626451384149134,0.02356323047456249,0.050729589250483376,-0.01653812800610796,0.8882976367924378,0.04935466023841646,-0.17722931718769389,0.11005589324048198,0.025628160846497775,0.07754483598378437,0.21770892205373465,-0.12495135456784319,0.0005828788578573906,0.01989656512006669,0.05773870366565514,-0.2184787913922051,-0.21731779904420043,-0.5625431639075987,2.395865413773448,0.12345491170045537,0.08778148821591261,-0.0008940062331230444,0.0,0.0,0.5658676796385758,1.81258430450046,-0.0034359203484258857,0.02346093685141422,0.2783519264173231,0.08412767626143682,0.04072821210548686,0.45987875913056825,-0.097963438708873,0.045412270518180024,-0.016789449135202448,0.010609125100510245,-0.05545030190839814,0.04441710065110801,0.0069006190339086695,0.4242457107344246,0.010171943848930859,0.030993731706602287,0.11543357901024269,0.017386910420252387,-0.13483068467981116
2247,-0.0024578528955285376,0.0,0.0021903625863365916,0.03333447861945919,0.06563703967980991,0.25556755177098667,-0.033264092953691426,0.31090810381182066,0.2908318533763941,0.1795701384755002,0.14880667440821532,0.1823542790243429,-0.010373287707393115,0.0,0.0,0.0,0.0,0.11030035829220614,0.044626451384149134,0.02356323047456249,0.050734996068638884,0.008245113243832257,0.806720078024905,0.04935466023841646,-0.5365106291266449,0.10887763226854466,0.025628160846497775,0.07393317433691937,0.21770892205373465,-0.13097150216383469,0.0007731877728918556,0.01989656512006669,0.05773870366565514,-0.2184543549504217,-0.21731779904420043,-0.41089659483448265,2.391488906657918,0.12345491170045537,0.08778148821591261,-0.0008940062331230444,0.0,0.0,0.4462072775625017,1.81258430450046,-0.0034359203484258857,0.02346093685141422,0.2783519264173231,0.08116391267385194,0.04858094942586668,0.4605912323006787,-0.097963438708873,0.045412270518180024,-0.016789449135202448,0.010609125100510245,-0.057353552841058655,0.04441710065110801,0.007832237389645934,0.42477105153079864,0.010171943848930859,0.02681009530733129,0.11543357901024269,0.018266362845788413,-0.13483068467981116
2248,-0.0024578528955285376,0.0,0.0021903625863365916,0.03333447861945919,0.06563703967980991,0.26419002353395393,-0.03228187143917499,0.2988306182052532,0.30357260708418465,0.1795701384755002,0.14880667440821532,0.1850715827432554,-0.010373287707393115,0.0,0.0,0.0,0.0,0.11030035829220614,0.044626451384149134,0.02907285860091252,0.050734996068638884,0.046469902929877,0.806720078024905,0.04935466023841646,-0.5363912664053084,0.10887763226854466,0.025628160846497775,0.07376816403667394,0.21770892205373465,-0.12569359847090636,0.0007731877728918556,0.01989656512006669,0.05773870366565514,-0.22736868475981367,-0.2169396103331496,-0.40660257063612937,2.391488906657918,0.12345491170045537,0.08778148821591261,-0.0008940062331230444,0.0,0.0,0.44625412906726797,1.81258430450046,-0.0034359203484258857,0.023742921939645424,0.2573961615653458,0.08116391267385194,0.04858094942586668,0.4677052307478334,-0.07082276172346592,0.045412270518180024,-0.016789449135202448,0.010609125100510245,-0.057353552841058655,0.04441710065110801,0.007832237389645934,0.42477105153079864,0.010171943848930859,0.02758556959070002,0.11543357901024269,0.01828999234559859,-0.13483068467981116
2249,-0.0024578528955285376,0.0,0.0021903625863365916,0.03333447861945919,0.06563703967980991,0.2562894875177699,-0.019849980009938487,0.3129750846012776,0.29138675479752374,0.1799176625357036,0.14880667440821532,0.18003987812142974,-0.010373287707393115,0.0,0.0,0.0,0.0,0.1110861761051557,0.0433444845080258,0.02356323047456249,0.050734996068638884,-0.0024639998555114903,0.8044056771219918,0.05414737998654475,-0.5358114453039302,0.11228983883647387,0.02591930921845001,0.0773437235291074,0.21522807739332242,-0.13367364563196416,0.0003122249818191616,0.01989656512006669,0.05773870366565514,-0.2363132632657104,-0.21715928816398142,-0.42449447743771096,2.390447043435045,0.12345491170045537,0.08778148821591261,-0.0008940062331230444,0.0,0.0,0.44457771141919084,1.8121591036950326,-0.0034359203484258857,0.02346093685141422,0.2790099037791419,0.03781588048231918,0.047144423192576564,0.44068964014982714,-0.1018234961626981,0.045412270518180024,-0.017005029869575798,0.009930959767984528,-0.057353552841058655,0.04455340681739927,0.007832237389645934,0.42512412419396806,0.010171943848930859,0.02720868494345327,0.11525657697182448,0.018129011112849168,-0.1415659024223258
2400,-0.010001901481286182,0.0,-0.061866391080522505,-0.0415772283406419,-0.0007684938129816506,0.16605105893898814,0.08852632114367716,-0.03552398333284366,0.18193655196616038,-0.09825044114396544,-0.0016979218958183416,0.07930260817351276,0.1821092660259422,0.0,0.0,0.0,0.0,-0.08888859017459887,-0.023435431255600252,0.12153591206113544,0.029927027954061533,0.03269767833562702,-0.2838122183413088,-0.09635151667803975,0.06816461155653485,-0.12381883731155392,0.01996789583011285,-0.02427888526413666,0.7241242027056642,-0.4409321761155227,0.05619620206957229,-0.008826448575921124,-0.018487934256236273,-0.23337851632339265,-0.241908010357749,0.07381918102581898,-0.6294871083118546,0.1555435105932571,0.011181320028933659,-0.04540901957417105,0.0,0.0,-0.28425329774544095,-0.4268573749586823,0.0002898219602943848,0.012346325118019426,-0.1983034080163474,0.22944955718786694,0.24838560727712822,-0.06896382529108155,-0.029849613960694493,0.07297340953333946,0.01127280544243812,-0.09646897151438712,-0.1636446630362165,0.11000782094235413,0.07397885018996689,1.4171227990151507,-0.006486013355784907,0.22893966814230365,0.034464992124723495,-0.14013524251462173,-0.12945929636850634
2401,-0.01366485243597046,0.0,-0.061214245025023276,-0.032487629023025405,-7.419350187236632e-05,0.1230762557871826,0.15062439176023726,-0.015097720950190234,0.23256710977150358,-0.11605755492321296,0.09512517281936032,0.07502279904842139,-0.14519002447402307,0.0,0.0,0.0,0.0,-0.08289882896412733,-0.02232243472639131,0.12110495118564284,0.01696119948804315,0.010784880140596614,-0.3479828286066798,-0.09417710685879288,0.16567810855745946,-0.1288766925177722,0.016340851272088185,-0.020195557327392415,0.6878179901127165,-0.4006454317619284,-0.035371477615534226,-0.015305070517229034,-0.017064883212299313,-0.2955521378793472,-0.2368751240869106,0.0904120875641738,-0.6259541621542508,0.02325610180324271,0.011197663122080814,-0.04364575933270812,0.0,0.0,-0.2871347780676079,-0.4253705309343469,0.0002898219602943848,0.011344063851007943,-0.2019041689799875,0.13806154459106681,0.22581062972092475,-0.07155994206150665,-0.07684734750304693,0.0613407936615649,0.009641447533563365,-0.06320206895675493,-0.16355042699051084,0.1698695181314683,0.06154894950796273,1.067603993548465,-0.0268269233642285,0.2233943680567999,0.035950902623020455,-0.20877910287299672,-0.1336547726744078
2402,-0.005186958523438412,0.0,-0.006587970020773897,-0.04275489192077593,-0.06113504626850433,-0.2248154609787908,-0.1746372133397205,-0.049235226751115524,0.0787983848983884,-0.09206284922535166,0.03399381273385709,0.025582882806844873,-0.17847990790827356,0.0,0.0,0.0,0.0,-0.11361273590807641,-0.04592374891685039,0.03524551158810301,0.018641678145432994,0.029224975237126513,-0.2637517344309047,-0.03483908387276579,0.19358307510559034,-0.008017201254575803,-0.06864589006880106,-0.02318134399436013,0.8680366910696411,-0.24996507502454177,-0.02367169328866016,0.031525685834996826,-0.03072841016567848,-0.15402409248716636,-0.17848877324397935,-0.22336950012316656,-0.6082590397243715,-0.14753408759195433,0.0076709384998083175,0.012317235584663357,0.0,0.0,-0.20649448287303,-0.467119845362308,-0.005109845533718345,-0.01565015738260939,-0.38295239468374526,0.1620263281916898,0.05710427252269784,0.00800686362970442,0.3413536976427929,0.03851305487578405,0.037753341496403935,-0.07714923594980001,-0.2807533818888024,-0.16695227134012294,-0.0916180312051399,1.0786026159076845,0.06794736986488369,0.13658756085192517,-0.10143247244421172,-0.1459086157588166,-0.10497135252126277
2403,-0.006302759015664613,0.0,-0.06156638704289091,-0.04614025247313108,-0.06612875567574522,0.15866372515688978,0.01683950466362171,-0.06912783640218575,0.09289968873673415,-0.0851805549292168,-0.07639152351698164,0.03216867991992677,-0.17136235063630484,0.0,0.0,0.0,0.0,-0.11602596610388104,-0.04877602602133721,0.08361941846175244,0.019129994405318276,0.03688265508499946,-0.3048905838433295,-0.03769731910644579,0.058965704141416136,0.014389071026705745,-0.09166855872642585,-0.012041550182298404,1.0732007722628298,-0.34793461876649157,0.04250408735957279,-0.006728720953197569,-0.015027470246196852,-0.1376341569907377,-0.17033162257404344,-0.15137333950631002,-0.5762156911656412,-0.19206181216438414,0.007683838409083482,0.01879699095551467,0.0,0.0,-0.16052984242435614,-0.463433071096424,-0.005379705020919534,-0.016140262446228383,-0.3787066853373673,0.19234721743849323,0.13944476957216415,-0.10602512116438746,0.32470779054194665,0.05824505782636364,0.021495976511654497,-0.013177541957109842,-0.02549365147483954,-0.17846479746688002,-0.09555139539245874,0.8507845379270406,0.02793578147255094,0.14849388583924347,0.0326336945617735,-0.21484835747006448,-0.10422515761084772
2404,-0.005186958523438412,0.0,-0.01450020587172961,-0.04614025247313108,-0.03077474216559676,-0.2679131623123865,0.2602717062406692,-0.10010855318014696,0.08618510453776988,-0.13475180936166556,0.022968740476852052,0.019643456675605526,-0.18158996405319994,0.0,0.0,0.0,0.0,-0.12096589621591092,-0.047427078609848156,0.040163300449298764,0.01654873839847175,0.03469007194733595,-0.32390570423523296,-0.042488757036054065,0.050413431604285894,-0.03764025727214698,-0.07221202722540312,-0.017846424499297617,0.9155997387559143,-0.31650226544204174,-0.02436800511706179,0.0040190923597011865,-0.030557128336386633,-0.1422838470101936,-0.17669068836613377,-0.144227429634876,-0.604389531654634,-0.1298076173170764,0.004169479142197416,0.013469520684742319,0.0,0.0,-0.16572514221693413,-0.43972070288436443,-0.005379705020919534,-0.015304291342914746,-0.33202569602367193,0.16277262285980815,0.07311711971984905,0.0061729726796453215,0.5195146359600418,0.03257969340605574,0.0167848441415361,-0.08501677583155741,-0.33370788586674455,-0.17518004153703784,-0.10180564750032474,0.9970328159020537,0.05392013295626732,0.12718631898546168,0.0032261389181465466,-0.15987281317401447,-0.10497091193744704
2405,-0.013786489939615697,0.0,-0.06160546469660339,-0.05316764466111226,-0.0026365416077755227,0.21825918175431136,-0.13821604460440523,-0.0329354038292371,0.1891428560245068,-0.10535593479747685,-0.01018660476100214,0.05188948132046174,0.13498637030035177,0.0,0.0,0.0,0.0,-0.07929258401071729,-0.030886041553969977,0.12153591206113544,0.03332835496114393,-0.006651547291059847,-0.3314246613461956,-0.10441012184088942,0.08220617548142715,-0.1237105709050298,0.024045146344770903,-0.022987110948051476,0.6604987162231895,-0.4345776010480648,0.04979275050928448,0.030071570182126257,-0.0166172932994585,-0.24061963601676453,-0.21620497338923106,0.05876488735565563,-0.6219002529119474,0.11815506050126649,0.011197663122080814,-0.019383177730744924,0.0,0.0,-0.28499978131008036,-0.42423006356355025,-0.0031362810433021027,0.011596474721244053,-0.2003062490230367,0.23062603530816603,0.19132273979928868,0.22566368297515166,0.030472061489125013,0.07860513068687658,0.013454826179143314,-0.08150109392802732,-0.12493219357880186,0.110218100363257,0.07772948712444405,1.370877032414268,-0.004689069568536732,0.17053614520575563,0.07742588018862326,-0.15052580797496856,-0.12942597366431496
2406,-0.005186958523438412,0.0,-0.01454024932319344,-0.05769593024143756,-0.06204292272030791,-0.2139730522993803,-0.18396803325363456,-0.02125308241286848,0.11301876709755844,-0.07141301495505724,-0.35654572574541066,0.0009457841156308334,-0.1679490635538743,0.0,0.0,0.0,0.0,-0.12365199225315904,-0.05028697120020108,0.06222409900929075,0.008818708238485691,-0.0053123786869505125,-0.3144545959311591,-0.036086543118288246,0.04418673875770187,-0.03005443564321748,-0.09908916461272485,-0.016838997297720537,0.9024116245675097,-0.1782392993409149,0.040000217647673746,0.05132692969141281,-0.03118660693352854,-0.1575560092586684,-0.1702287696783929,-0.1933821590197796,-0.616048738697285,-0.15106715420058983,0.0033433797131282336,-0.02782799042290237,0.0,0.0,-0.23030845993166385,-0.4763814220661156,-0.005004716258111111,-0.012069397837374705,-0.4027055177289253,0.19163567565462444,0.06377627611174103,0.05371141311098921,0.3569665883048714,0.05693767619066644,0.02003923374388414,-0.038305317075767974,-0.2134674639225496,-0.16711971992535482,-0.07727914015104317,0.9632294401855026,0.05483579597096019,0.14605584156873438,-0.0976905822846391,-0.18203443436976235,-0.10236126902458234
2407,-0.013786489939615697,0.0,-0.017945484634372042,-0.04166312687770514,-0.0029068303138770025,0.2223907098203416,-0.11935620937989767,0.15503415350646607,0.18406059514163592,-0.06441152984177616,-0.014506324514187372,0.055043318812101956,0.13815682845567837,0.0,0.0,0.0,0.0,-0.07929258401071729,-0.03281131901828232,0.10241138902664053,0.028759384014701753,0.07570391390653705,-0.3304700010999434,-0.1274689133337462,0.08543575407476388,-0.11027409546209468,0.018231016302066694,-0.017900416388768055,0.6478654168023728,-0.40954270274303134,0.04797918568899146,0.07994520628182587,-0.01599169774367722,-0.2543407242421555,-0.24187239543541092,0.02457585328734212,-0.6260264138673721,0.10906404859993063,0.011197663122080814,-0.04513549792931893,0.0,0.0,-0.28378175547954493,-0.43449510473455016,0.0002898219602943848,0.01191648524563746,-0.22977064827173369,0.22789746320792031,0.17490748701275208,0.08948249298797924,-0.050714736803858164,0.08702994138619857,0.013349355012382179,-0.041666267244317885,-0.11169499454160253,0.11231352481931095,0.05909946128211328,1.3689928753741811,-0.001621680492472238,0.19079448469486124,0.08754564655843217,-0.060015390052240804,-0.11606380616055674
2408,-0.013786489939615697,0.0,-0.06160546469660339,-0.05316764466111226,-0.0026365416077755227,0.26698458496432914,-0.13843907707266584,-0.033501950110598144,0.2034906076350224,-0.08429943595964609,-0.030305185498195174,0.06072050379205772,0.13498637030035177,0.0,0.0,0.0,0.0,-0.07929258401071729,-0.031306460282154926,0.12057574509437863,0.03362962163050877,-0.006651547291059847,-0.3296605213725475,-0.1042355669884512,0.07883785814609177,-0.12597388871936874,0.01839595007687124,-0.02315187223593119,0.6749300795602213,-0.4402069172503909,0.048858064490451485,0.03827093402367935,-0.0193604852077739,-0.23925888661465608,-0.22022743056057068,0.05545493446081748,-0.6206678369414236,0.11815506050126649,0.011197663122080814,-0.039802050643702645,0.0,0.0,-0.28351999782875975,-0.42423006356355025,-0.0031362810433021027,0.012439145226365751,-0.20630557037250266,0.24726875197627654,0.1981269125615872,0.24542429675579946,0.023487960620247446,0.07860513068687658,0.014108929606427125,-0.0879533177496521,-0.1502390176735917,0.11021877157788629,0.07772948712444405,1.356318727055963,-0.004689069568536732,0.1743298407742029,0.0386402579537389,-0.1517506744214709,-0.12972485207853335
2409,-0.010001901481286182,0.0,-0.018014237932260254,-0.0415772283406419,-7.419350187236632e-05,0.5388932743037206,0.11706237832805041,-0.09494189367267865,0.18284451393657586,-0.09927966476373618,0.14777723434223558,0.043716128769659766,0.08070037447442427,0.0,0.0,0.0,0.0,-0.06738293775914048,-0.02080909627608061,-0.06002314087755671,0.02403191390942691,0.05024323070649144,-0.3127970208998107,-0.103566668979619,0.13150956976932843,-0.07301670817440019,0.03399136173396978,-0.02104657432971122,0.5012632652793704,-0.42308345074650994,-0.05249498438804515,-0.009080661548279502,-0.017502209494985255,-0.2308476230788111,-0.2533458929166543,0.099981888604137,-0.6441967389384121,0.09431767449851551,0.011607853915526364,-0.04293552676852574,0.0,0.0,-0.2880505955563291,-0.43563341512852044,-0.0031362810433021027,-0.008111669143102821,-0.2599296313291708,0.19858812805495066,0.20158452417420258,0.11907646177105777,0.052148622682251025,0.05955239894274415,0.009115418905395727,-0.08081474085341059,-0.1561988250998842,0.11096530456363025,0.06389479310175424,1.4136691829563317,-0.004124263204806516,0.20041986274370585,0.03125979745382951,-0.2011351999105839,-0.13340412765023213
2410,-0.010001901481286182,0.0,-0.060919688872374145,-0.04147818192197188,-0.0007596596075334539,0.21583587757665357,-0.13557352492973815,-0.08707530016137893,0.22113479773107508,-0.10644201418494373,0.11727535369584224,0.06195875768734213,-0.14436071863524932,0.0,0.0,0.0,0.0,-0.07275132154992238,-0.032452555479842736,0.13709488622968982,0.02677969743500929,0.052337157162014404,-0.38349028996189105,-0.08261556948832748,0.08596822927360373,-0.05979398493412054,0.020692040423311128,-0.032529800142721964,0.686984271398267,-0.4484131044043445,0.054235369607928484,0.031457806113826266,-0.019420607997729003,-0.36455091176309745,-0.2259896552895578,-0.05521782793196403,-0.6289731691541639,0.05887235907375383,0.01007767883748158,-0.04345538093638475,0.0,0.0,-0.29458852860410056,-0.4203390977211678,-0.00017729207916304126,0.004321259358365078,-0.05582760606485106,0.1184027813976732,0.19678597543554,0.14018180254522264,0.038149428156049575,0.08052263699726757,0.02118987552210753,-0.06790578623704593,-0.13450270715844642,0.10039488059469656,0.0785686810303064,1.1216180159335212,-0.02371561661265114,0.2540213417839749,0.012618705004530998,-0.20936770073022715,-0.12997424794055895
2411,-0.010001901481286182,0.0,-0.061214245025023276,-0.0415772283406419,0.0020641429990229856,0.24112852058507944,0.1394551890267038,-0.008766315793758188,0.17251509536728005,-0.09756236031470542,0.013979788226489572,0.06068801194125743,0.1385604579930466,0.0,0.0,0.0,0.0,-0.06988898279878794,-0.022584675946756665,0.12232379537948089,0.01689651785685963,0.029842458879545453,-0.29630064865709366,-0.11176277768298168,0.18972207370346172,-0.05374224999960178,0.030913857286735333,-0.019756452638815244,0.6200168556014561,-0.41205941878773955,-0.032861433917489344,0.02378388712916993,-0.017502209494985255,-0.2317609235123991,-0.240507712817801,0.023918179259203896,-0.628774674111009,0.13368012672524324,0.011181320028933659,-0.044567651343022444,0.0,0.0,-0.28601787419384,-0.43264901575400966,0.0002898219602943848,0.010892571899344028,-0.19225775702969217,0.21757313864236452,0.2221395302647548,-0.08018553251500331,-0.05402699538424768,0.060298026007936774,0.009641447533563365,-0.013756098380115274,-0.106727505441273,0.09585927842141427,0.06154894950796273,1.4492478039636596,-0.002745760586446262,0.23157381718690434,0.02762271962320586,-0.07740879033802611,-0.11980992627030464
2412,-0.013786489939615697,0.0,-0.061866391080522505,-0.03285886235760152,0.0020641429990229856,-0.17893408066568703,0.15039141046239526,-0.0493161737134469,0.18469145493727585,-0.09962730715682425,0.024030768904114916,0.06997705905139862,0.1952568294885901,0.0,0.0,0.0,0.0,-0.09375387580656543,-0.022584675946756665,0.11105213701731222,0.023362042077189338,0.020253825506700837,-0.28124666918227437,-0.09608845725813356,0.06994303054879751,-0.12052690927939053,0.02499857079916945,-0.020884002393078905,0.6755549345979452,-0.4406878427915612,0.046582729887315634,0.030361070417909697,-0.03613649231611493,-0.24866433326100743,-0.24183192721467006,0.009250575951590043,-0.6315461369726438,0.1350802528783723,0.01118246707358175,-0.04562171627177988,0.0,0.0,-0.2846429561772851,-0.427376138150048,0.0002898219602943848,-0.006712820209475209,-0.25151415900432555,0.1699831835511357,0.2323506377398949,-0.061878253754649094,-0.027472716178396167,0.07856303603298953,0.014834395484969029,-0.06321667126149372,-0.10565101573879139,0.11055137001587635,0.07858031914647806,1.4856379118151073,0.021363946466443632,0.2710987705140591,0.026490461582814526,-0.06829330764879696,-0.11561444996440316
2413,-0.009880263977640944,0.0,-0.06147345587866953,-0.04120599500606578,0.0008055522687685497,0.14322620296217914,0.15521225554345808,-0.0321920883904844,0.25010736828606034,-0.09771276136739694,0.017468000737008542,0.06098249751598586,0.13767317496221718,0.0,0.0,0.0,0.0,-0.06919511703488382,-0.021373926761826912,0.11860890930749655,0.021233681940517085,0.055434863145384185,-0.29625865580166444,-0.10364530493271219,0.19364697834613642,-0.0639875815005755,0.03430870166039954,-0.019032205083209196,0.6127330738900373,-0.41864541586257653,-0.03333124682804622,0.020044377970095097,-0.017064883212299313,-0.24962742496952334,-0.24003471140395707,0.009460586933943891,-0.6296147924000536,0.12127201604150911,0.011181320028933659,-0.04398147440738837,0.0,0.0,-0.28589130646386574,-0.42720132713141223,0.0002898219602943848,-0.008246726163935156,-0.23030966345300627,0.23421585531047504,0.2211865391453645,-0.07919772584379507,-0.0801814822380721,0.06057741886630088,0.009704579968040703,-0.020844909429772875,-0.10214322899209888,0.13277059463982596,0.06154894950796273,1.3682134914231956,4.637606064990035e-05,0.2640965825957083,0.021945010153343027,-0.09228391833637897,-0.10958753595534816
2414,-0.009514749213461828,0.0,-0.06390829090774444,-0.04048255949403347,0.0026824342690106185,0.13854215719635074,0.18320970648656373,-0.056472678951413266,0.44259865280145116,-0.0874774785010104,0.10091990067487326,0.08157837244701113,-0.008362224847331382,0.0,0.0,0.0,0.0,-0.04238542742257243,-0.020460262188659668,0.1341745688343259,0.025298678134514495,0.0523922657184079,-0.3973089006252447,0.0010776853564571395,0.044261013326181584,0.2267068597057794,0.019325678553006154,-0.029343512010961356,0.6633170166744103,-0.4405569267647241,-0.05038598538654973,0.03632679063753058,-0.013566188982218291,-0.3865461445915745,-0.21312072792292525,-0.3198740989827422,-0.6210612370921698,-0.061359447321383445,0.01824886544099412,-0.0370361637371563,0.0,0.0,-0.28706208301747727,-0.44436855686282534,-0.003603395082759529,0.021323958593251417,-0.12467964558256124,0.10947076417502365,0.22992555835904313,0.040917697812740475,-0.16323406600747847,0.05324369142032927,0.017411058537054144,-0.01635725322673408,-0.1397766361591543,0.03585436853901398,0.06798921750038626,0.8781918180400426,-0.04341215053088403,0.09702565577615387,0.02839321801555506,-0.2629350172894178,-0.12833977700984633
2415,-0.010001901481286182,0.0,-0.061866391080522505,-0.03285886235760152,0.0020641429990229856,-0.21727223970958714,0.15076914646296152,-0.07343466147234208,0.17946732615455052,-0.09680786796393227,0.007629237543810535,0.07003104216910186,0.18229152163317075,0.0,0.0,0.0,0.0,-0.08567361656638217,-0.022184750070875864,0.11184002033565767,0.01696119948804315,0.04077843013243325,-0.29698412732915297,-0.09608845725813356,0.1798672355657273,-0.1287261950449753,0.02138234228263701,-0.021115809895505124,0.6541080396171496,-0.4455461339692134,0.045649638399904664,-0.016125984010111904,-0.035150767554863904,-0.26822675681914415,-0.23684879449040383,0.06080831608964991,-0.6274004141969827,0.08781386324696286,0.011166123980434595,-0.0438482495359536,0.0,0.0,-0.28614191341941986,-0.4242986517680582,0.0002898219602943848,0.012367144086472217,-0.2391820762949789,0.187020411674615,0.23339751325132013,0.06824032442080932,-0.012016703620159806,0.04547275519528363,0.015769386450488816,-0.10124190839903659,-0.16193445590689315,0.1523035505729554,0.07877418200960783,1.421407880220965,0.0216176136811816,0.19503425424271106,0.031684514968560534,-0.17683967299821993,-0.12948805249832468
2416,-0.010001901481286182,0.0,-0.014357161532331806,-0.034036525937735554,-0.012388960713242197,-0.22764093200925084,-0.05888680725953745,-0.03901043437529659,0.03317536390289036,-0.10448223617741767,0.04011921137757503,0.017433358057190738,-0.21538858112871548,0.0,0.0,0.0,0.0,-0.11592863264904688,-0.06428618902645684,0.05642418049809161,0.010177727845263086,-0.0395431791895302,-0.23961726667318645,-0.038344541988372734,-0.0070011739986242955,-0.042297121828415996,-0.0549904004361938,-0.020216507954948258,1.0063447191384216,-0.26707566035708113,0.02943300775225047,0.03514563130915219,-0.03244627543423517,-0.15157216648404798,-0.1732165362498277,-0.18325172603537299,-0.6182429226854076,-0.15509680425892056,0.005509556366698814,0.013636935983796224,0.0,0.0,-0.2297511724491126,-0.479788334165939,-0.005379705020919534,-0.01557251953495737,-0.4276471516123741,0.21375269372256242,0.07114775732957586,0.015195963033183863,0.17672091131798395,0.046086410747216436,0.03858797707641973,0.041527408563305813,-0.2683816196931926,-0.15644620773621573,-0.06687789342656403,0.9710436850082608,0.11566186362811465,0.19667429412925552,-0.0074171156583455,-0.14209129018085154,-0.08913182037566264
2417,-0.010001901481286182,0.0,-0.06118061525629326,-0.03285886235760152,0.003104626262383837,-0.240832150921512,0.1521204973844224,-0.06982927339553392,0.22171091625592443,-0.09710851311108692,0.06059641283749526,0.07248569293091728,-0.07474048517917602,0.0,0.0,0.0,0.0,-0.09571114356413413,-0.024543052079547878,0.1273989945042121,0.025003987937773565,0.0418504768975181,-0.3556956255360286,-0.07305412086875006,0.17969523503232804,-0.0886832026688073,0.022148148572963218,-0.026385450977678356,0.6914575811147492,-0.4430025016603943,0.05061857176714429,0.02523320678126784,-0.034218093813371174,-0.38803542593375323,-0.2237183537796312,-0.03386438195185939,-0.6264638175314706,0.06886111482534356,0.010062482788982516,-0.04344877458695648,0.0,0.0,-0.2934612626821139,-0.4237796210556566,-0.00017729207916304126,0.0027543799416971364,-0.06851350092601281,0.06989362143222722,0.23703301080140368,0.1034758364161574,0.026630860366122493,0.06306106257416492,0.02164321966427824,-0.021995203793380744,-0.10607743082395607,0.13000175873376832,0.08122356632113915,1.1499134300389806,-0.04051726739392877,0.20940331913092872,0.028778377684134562,-0.13147717378132773,-0.10453760284401968
2418,-0.013786489939615697,0.0,-0.061214245025023276,-0.0415772283406419,-7.419350187236632e-05,0.15804390929878992,0.13688347191341838,-0.004046369957098862,0.18534987888840154,-0.11690619093557099,0.09331458192918352,0.05830641360824885,0.13580879041508415,0.0,0.0,0.0,0.0,-0.08039278392447986,-0.020663300557697818,0.1173900651136585,0.02209715120442316,0.023953685023458005,-0.296753701677365,-0.09669905485984752,0.20377609654120823,-0.12290814593636896,0.034909509006117,-0.02115021765776404,0.6594760484137226,-0.38344617196645964,-0.03487729113075375,0.031136323046361672,-0.014759017586669856,-0.2567676712322053,-0.23906212755290435,-0.022420677268577015,-0.6270529641828094,0.0703293614671077,0.011197663122080814,-0.04424384197809067,0.0,0.0,-0.2871326635863645,-0.421313073048195,0.0002898219602943848,-0.008422694960776059,-0.19435456233304935,0.14071349719944656,0.2173114441425387,0.12001816013894354,-0.010509251505255262,0.060216333302650756,0.009326987064908374,-0.02576892430720873,-0.10182265567404242,0.14755449940201984,0.08112002560339933,1.3490658146480965,-0.0037360285844875644,0.22250991898849848,0.07617970121348429,-0.09861459898093128,-0.10997989507633853
2419,-0.010001901481286182,0.0,-0.059953074504134646,-0.04204147729326721,-0.0007596596075334539,0.21385331313090344,-0.1232817626158629,0.13272197723139884,0.21783696853014392,-0.09730756546941015,0.04044124634481991,0.06436765102631344,-0.14411108487851249,0.0,0.0,0.0,0.0,-0.08039278392447986,-0.026966349707718017,0.13416788347605096,0.021881124157741343,0.06127476535442675,-0.3907223262684363,-0.10794262947970766,0.19200224286832912,-0.10775360144707384,0.01781793962939512,-0.02150265848427214,0.6333611094965834,-0.31724573587887694,-0.057974166942883376,0.020262305280153402,-0.01799127300396103,-0.38221046674363,-0.22562898113071703,-0.02686239980170212,-0.6265841023000805,0.02566232245439372,0.01007767883748158,-0.041971618587942995,0.0,0.0,-0.30077079115837163,-0.43032442550070354,0.0006744533660816231,0.0021079400042370495,-0.027293082080501328,0.08649573652638003,0.1936461457701294,-0.06119565794544197,-8.070086683297688e-06,0.06678774583969549,0.02025787903725206,-0.04365240026127403,-0.1559387680412162,0.14323730661810163,0.06314750179746005,1.1857674649180872,-0.022182195488902025,0.23542908888259578,-0.21795028913748088,-0.23620094003609446,-0.13438869715015134
2420,-0.010001901481286182,0.0,-0.06147345587866953,-0.0415772283406419,-7.419350187236632e-05,0.24850839076043665,0.12056566856790799,-0.06066368590762562,0.18269986366555963,-0.09705842404179321,0.09581731419076164,0.06153157778944361,0.1374347661138737,0.0,0.0,0.0,0.0,-0.07830228589476816,-0.021137109937575817,0.11860890930749655,0.026434315288080615,0.05225026017661394,-0.34832357945131753,-0.10747803059904648,0.204081792592323,-0.12662566091493743,0.0498925321135104,-0.020179706984324693,0.6151637418804429,-0.4166681213182963,-0.05252774979966674,0.028580482109102544,-0.017502209494985255,-0.2540357619204019,-0.2192833912808325,-0.03442608109900662,-0.6251205645838739,0.059014768979079556,0.011181320028933659,0.02121605172571302,0.0,0.0,-0.2863394482346419,-0.4299961492138895,-0.0031362810433021027,-0.008111669143102821,-0.2046009668782353,0.12253073503547132,0.211994933090193,0.10457940529494113,0.0005449454941211769,0.06050120584551593,0.009493011808528056,-0.05744260642910508,-0.08813490604766719,0.14854289562532705,0.06389479310175424,1.3879384665322472,2.0579052615160662e-05,0.1944551168848591,0.023558744903239327,-0.09302359913732594,-0.10976257275635422
2421,-0.013786489939615697,0.0,-0.06147345587866953,-0.0415772283406419,-7.419350187236632e-05,0.31100237709388917,0.13520975925689271,-0.08905823547796297,0.1839932406109523,-0.11785662192797744,0.004624259791113984,0.06487194115558698,0.13323883180647061,0.0,0.0,0.0,0.0,-0.08039278392447986,-0.020597528116567964,0.11729440868303927,0.02673558195744545,0.04995525251254692,-0.3471413599279522,-0.10674757172341999,0.17885050263022728,-0.13775596571938856,0.03440137882671602,-0.019531634631515072,0.6246470689945215,-0.42509164340270017,-0.03366025845516016,-0.008978974951578244,-0.017502209494985255,-0.23997113315090055,-0.2392434706147634,0.07494540881237864,-0.6237121485143736,0.08942215364731611,0.01162419700867352,-0.043471694733537854,0.0,0.0,-0.2848074851389996,-0.4330742422140852,0.0002898219602943848,0.012255828862590329,-0.2890908097803417,0.23665034590457304,0.21467270874359984,0.1224075089742523,-0.06370756715805691,0.06052197797979387,0.009326987064908374,-0.07016677838143821,-0.15285196174683624,0.11625204425654163,0.06389479310175424,1.3633701641178888,-0.004124263204806516,0.23240512898072585,0.030616169270612434,-0.18701283782837338,-0.13340412765023213
2422,-0.010001901481286182,0.0,-0.061214245025023276,-0.04147818192197188,-0.0026365416077755227,0.29014579266326546,-0.1490599543676738,-0.05489160496613326,0.18493157996636012,-0.09081903221585402,0.07908960489715744,0.05759713873141763,0.13395969603095673,0.0,0.0,0.0,0.0,-0.07912938193081528,-0.03114828277433533,0.12153591206113544,0.03367995680720973,0.042730975469151423,-0.3317965649273842,-0.0959418914543988,0.07575603356464664,-0.12608575350367163,0.03132387437948157,-0.02475925783801853,0.6515975878339764,-0.42262210389286203,-0.03587820533298949,0.029823806860499326,-0.019420607997729003,-0.2398954862067917,-0.22289117427549607,0.037335030707698266,-0.6248813382808306,0.10378963437468398,0.011181320028933659,0.02077880041714818,0.0,0.0,-0.28639465586028373,-0.4209463263732206,-0.0031362810433021027,0.013144685188051418,-0.18469775961135593,0.12200058835413716,0.1786007556447171,0.15088283642866843,0.031669357901110425,0.0788806095397898,0.012095590006639753,-0.10168586938951002,-0.12338915680349494,0.11450689320069005,0.07578517476478816,1.3985204726064233,-0.004377930419544492,0.2089010518906136,0.025888892736392565,-0.16918726652269667,-0.13340412765023213
2423,-0.010001901481286182,0.0,-0.014112794517685177,-0.034543986812801755,-0.004758161413190064,-0.207570213611936,-0.07532732068574768,-0.06191228483398062,0.06700046331728023,-0.05328882125431396,0.1509779750117708,0.011886034484902266,0.21104489049220718,0.0,0.0,0.0,0.0,-0.11591113641615228,-0.06162926941167882,0.09908768766726833,0.003726965881661361,0.03893084835507289,-0.32292912092516285,-0.08712586104680432,0.087117416310851,-0.08245678318563388,-0.048510311245580556,-0.023628301868474796,1.0250904955983047,-0.21070410447437493,0.03842182910296542,-0.034506328243265806,-0.032608828230567884,-0.16382514097796758,-0.16887396250898,0.05398034618029362,-0.5739839883131765,-0.11901900443699077,0.0009301130513950369,0.013477461891397407,0.0,0.0,-0.21686637244254978,-0.46663916059245525,-0.001935573961266057,-0.009866163313046879,-0.35745625899228933,0.1863681460439323,0.13928447509631464,-0.02338702347740355,0.15531595547352028,0.06070214472191965,0.0337814367975147,0.008443741002407591,-0.2689170619953254,-0.14191742758380382,-0.008233572319577614,0.9206148887041262,0.07975707924722744,0.21256243269815972,-0.1092066930000718,-0.2147294903372092,-0.0877154325273738
2424,-0.013786489939615697,0.0,-0.06160546469660339,-0.03285886235760152,0.0008055522687685497,0.10694506331509887,0.13759190612033514,-0.03337320797872354,0.18946913578085017,-0.10094996776037657,0.0356304915028915,0.08041257965534115,0.1430433281861562,0.0,0.0,0.0,0.0,-0.08173437079086875,-0.021323777619278297,0.11860890930749655,0.020933422343446473,0.04622820802919593,-0.2988696044715409,-0.13051366292305477,0.20440547281943902,-0.1355234706070143,0.03358455706720126,-0.020198462981733858,0.7051181615225178,-0.42216702012504875,0.0289381834554344,-0.011837497438906129,-0.01140748130517095,-0.243440540312257,-0.22026885579354433,0.006396620776642095,-0.618381871820926,0.12528685264398035,0.011197663122080814,0.021421936095575026,0.0,0.0,-0.28379830817742513,-0.42284909205005405,-0.0031362810433021027,0.01183245387495162,-0.19997600589957815,0.22473853538338215,0.22968449461622248,0.13615902607389022,0.01852452945196322,0.06491379665983171,0.00988438512729583,-0.09512760426879702,-0.14719169153770867,0.11625204425654163,0.07877418200960783,1.3754122770285926,0.07883115756364346,0.0920515499734373,0.0779419600915421,-0.1447541698306972,-0.12948805249832468
2425,-0.010001901481286182,0.0,-0.05969386365048839,-0.0415772283406419,-0.0007596596075334539,0.21917030225413658,-0.13245147317632694,-0.02560783596203385,0.2342843054712557,-0.10272628447449467,0.1345790095294897,0.08976373009858096,-0.12489108201142454,0.0,0.0,0.0,0.0,-0.07275132154992238,-0.032452555479842736,0.13709488622968982,0.03337869013784489,0.047021824785758254,-0.3850815264756932,-0.008817736633625018,0.10087298832515436,-0.06633987368259303,0.015963557408215534,-0.03400942260141469,0.7353131924979507,-0.3960775574429356,-0.036072074044816785,0.030676210961796728,-0.019274611789238984,-0.3437576341699634,-0.21983165403925445,-0.019402914345369494,-0.6269841030758682,0.060030539034146166,0.01007767883748158,-0.04384497939756472,0.0,0.0,-0.2989358273851382,-0.41165452675186925,-0.00017729207916304126,0.0037896146709166167,-0.035053350336070654,0.10095610007523302,0.19422095204155918,-0.09152866903597777,0.029765880708603094,0.08102618074286623,0.019558517613232778,-0.04606316192643893,-0.1610561845831498,0.09123155161082756,0.08876031225621128,1.1973895638695644,-0.04886252529322773,0.2882190430076867,-0.06718081660807763,-0.2178057698864757,-0.13406441315900933
2426,-0.013786489939615697,0.0,-0.06118061525629326,-0.03285886235760152,0.003104626262383837,-0.1835394783806691,0.15803574096814854,-0.07966880411165596,0.22174323198337093,-0.10201703763742034,0.052163164953686544,0.09462692591932388,-0.06510865070232567,0.0,0.0,0.0,0.0,-0.08776411459609389,-0.024280810859182524,0.1273989945042121,0.016659932818678322,0.08242699089341235,-0.3502422851104824,-0.0108858565045561,0.18107321073812332,-0.08096624549173095,0.021424003979764943,-0.030423137789850573,0.7602380523034308,-0.4654522906183892,0.050419635786295186,0.0284057481392549,-0.023848389505393076,-0.3888969760834137,-0.21836889378432905,-0.08210798582386623,-0.6308437646093223,0.08538960746775862,0.010078825882129668,-0.044327887124494286,0.0,0.0,-0.29511403052327756,-0.41476688905597364,-0.00017729207916304126,0.001798304495025044,-0.07447770034774712,0.09196152917525678,0.24121420571896676,-0.04551881752544117,0.02169461041600964,0.06323046309724122,0.02164321966427824,-0.015345827683848965,-0.10777597338595717,0.13257631893983837,0.09618116776329212,1.1293759099569807,-0.04051726739392877,0.16831844087352482,0.14508299853112294,-0.11259137996035953,-0.10640373469547766
2427,-0.013786489939615697,0.0,-0.06147345587866953,-0.0415772283406419,-7.419350187236632e-05,0.25552698992335815,0.13713878072523572,-0.05420540152502454,0.19349274138170097,-0.11768041110018282,0.09417062456266681,0.06908991770109553,0.13323883180647061,0.0,0.0,0.0,0.0,-0.08039278392447986,-0.020805673526141055,0.1173900651136585,0.022462092432677286,0.04956110352963199,-0.35009925378892426,-0.09624071766734897,0.1994211904085752,-0.13576563914008863,0.01932567855300615,-0.021531078252344103,0.6729313144646935,-0.39220022383272346,-0.035030373084205056,-0.008978974951578244,-0.017502209494985255,-0.2476029751602508,-0.2366082783305001,0.027168365405451273,-0.6243569497579126,0.05556349538845824,0.011197663122080814,-0.043531572100994655,0.0,0.0,-0.2870804839720428,-0.4209818758489823,0.0002898219602943848,0.010947476184391814,-0.16930889966130114,0.13489379466915866,0.22123749207606286,0.1215017726266636,-0.011599034405227183,0.06062499320468899,0.009326987064908374,-0.061915980418833685,-0.1588340286278261,0.1476204929847856,0.08112002560339933,1.3750987317729582,-0.004150060212841256,0.22339662008455102,0.028839910492765915,-0.18569056569037615,-0.13362144997021644
2428,-0.010001901481286182,0.0,-0.05969386365048839,-0.0415772283406419,0.0018026884983697023,0.18673064823168178,0.12700917926582783,-0.023186992731484453,0.221159828906758,-0.1145997906361044,0.12289834442070549,0.07197238089758876,0.1336417105799872,0.0,0.0,0.0,0.0,-0.07192422551387524,-0.022764049658932268,0.13416788347605096,0.022493723117879623,0.055592684323783566,-0.35093355565148726,-0.09324504697356575,0.2237218885758328,-0.07287113957603544,0.02004982314620443,-0.025672846110810815,0.6546390693618452,-0.3882398126579528,-0.0351378213471857,-0.018914307852505544,-0.017502209494985255,-0.2929840597249408,-0.22215123724829886,-0.08552812197649882,-0.6272145886082141,0.08925876985717995,0.01007767883748158,-0.04292653238436153,0.0,0.0,-0.2974896644086472,-0.4289991401457896,-0.00017729207916304126,0.021334286930691858,-0.013101698090131082,0.11309011481957261,0.2226089093144934,-0.07935789367058989,-0.026336881898708225,0.062494876257410785,0.016513404147349912,-0.057943790940971865,-0.15933650120195558,0.13332175351469358,0.06348162375144696,1.44560052843738,-0.020796884671639548,0.2108503848135803,0.02947808415518563,-0.18647147958138224,-0.13416972424646043
2429,-0.010001901481286182,0.0,-0.06160546469660339,-0.03285886235760152,-0.00034448220797384617,0.11434447398858971,0.15085669120101514,-0.01382619007281097,0.16650923908806975,-0.11389749154896371,0.112130831659867,0.06643406071832861,0.13234794214936565,0.0,0.0,0.0,0.0,-0.0909790882043106,-0.023435431255600252,0.12031706786729739,0.02368470292676031,0.023071399615472873,-0.28269025784840957,-0.1072091283703319,0.06555682400706205,-0.1293576930538955,0.01996789583011285,-0.016670838498574626,0.6869727085769746,-0.4375979507564689,0.05619620206957229,-0.011382289513180245,-0.018487934256236273,-0.24841669714610423,-0.24168081912877393,0.08484273879316369,-0.6276285994155297,0.12672219017660113,0.011181320028933659,-0.043859739124688164,0.0,0.0,-0.28424702879247105,-0.4295954597802264,0.0002898219602943848,0.01281200729109624,-0.21409457247598251,0.13172731352843464,0.240610356832198,-0.06724367192895286,-0.06518270984657508,0.07846546392796558,0.011650398345570448,-0.06294810697662713,-0.16136113473510763,0.11621696327580695,0.05995029330414728,1.4308052899920902,-0.002755202726716919,0.1952429119747709,0.013443128222471432,-0.15857898062518969,-0.12945929636850634
2430,-0.006302759015664613,0.0,-0.006628013472237726,-0.034036525937735554,-0.06029310129427517,-0.2027670430491075,-0.07395653645601284,-0.0495485451172951,0.08605654127794954,-0.0851044158468755,0.04743009155063916,0.024811667471225037,-0.0950412248625541,0.0,0.0,0.0,0.0,-0.11259287375407513,-0.06006304005326225,0.0183549701173131,0.016982582083999637,-0.018137418383227397,-0.24436999045118465,-0.03634748887875312,0.04495026196514488,0.0012291372967942883,-0.06328053606060874,-0.021895271908668412,1.028900227882822,-0.32934787224197487,0.042203074143282296,0.053894511268338635,-0.021173148789659552,-0.15988359676831337,-0.17858455263331158,-0.2719896683224185,-0.6148964683162355,-0.15370626828513678,0.0033509175973684686,0.013986298008208376,0.0,0.0,-0.20560884264556648,-0.46801612797495706,-0.005379705020919534,-0.01642881667385215,-0.38354449550161374,0.1559613745685552,0.054068985588113676,0.005641482306458251,0.389550338672651,0.056914747194793204,0.03965100446254326,-0.05357905923468226,-0.26038055309892383,-0.15689901499979975,-0.09956573264680275,1.0015251982163298,0.06775560439329066,0.1330043087119216,0.1402477463693395,-0.1814316774841907,-0.09085996351345552
2431,-0.010001901481286182,0.0,-0.06147345587866953,-0.0415772283406419,-7.419350187236632e-05,0.3064213492124329,0.12185256132153502,-0.06066368590762562,0.17990368258732836,-0.10071888425988428,0.0024922329544335695,0.06780261976205332,0.13769481555129046,0.0,0.0,0.0,0.0,-0.06738293775914048,-0.020597528116567964,0.11851325287687732,0.02276335910204212,0.05225026017661394,-0.3471899916267055,-0.11187035723925909,0.20526913955285875,-0.06026312344849702,0.020142500312520902,-0.02099595615106501,0.6226960694466029,-0.38621833673529127,-0.054702656873620935,0.028580482109102544,-0.017502209494985255,-0.24239735701529289,-0.22101448339293686,-0.0033551900627096995,-0.6238893096946458,0.09310138347639899,0.011607853915526364,0.021156174358256206,0.0,0.0,-0.28651156850419635,-0.4337816932366246,-0.0031362810433021027,-0.008276579710619866,-0.29543330191396805,0.2242872862708857,0.21380173634056884,0.10516135484536439,-0.005281692450125053,0.06045058707153759,0.009326987064908374,-0.018581441091739932,-0.08906247243264254,0.11096530456363025,0.06389479310175424,1.400274334056019,4.637606064990035e-05,0.208921488668533,0.026460175931137975,-0.09487010651066799,-0.10948657584453773
2432,-0.013786489939615697,0.0,-0.061214245025023276,-0.0415772283406419,-0.0026365416077755227,0.26702157512033214,0.0648151551643539,0.14442726930641853,0.18522037774557853,-0.08245176219201676,-0.020878651551550245,0.0698410699769499,0.1388224438550532,0.0,0.0,0.0,0.0,-0.07830228589476816,-0.020805673526141055,0.11860890930749655,0.017874416994736485,0.0687169310356462,-0.3357537864676401,-0.12926843460237672,0.18531918394889402,-0.11928715315349145,0.0338986845676533,-0.015204402658300012,0.6244983626853599,-0.40068599752841116,-0.03236380713129664,0.028580482109102544,-0.017502209494985255,-0.26561266444412884,-0.2209475118146041,-0.001470960821989449,-0.6250276075757746,0.10802702590512048,0.011197663122080814,0.020688496649556593,0.0,0.0,-0.2848074851389996,-0.4319773427430398,-0.0031362810433021027,0.01155927360762482,-0.22924157711394144,0.23067526756130358,0.22795514052670088,0.1017701147281072,-0.004688670594313272,0.06746263276783065,0.009326987064908374,-0.05427276149581918,-0.08869639262038295,0.1356605911057012,0.060698117485928724,1.3715896744077976,-0.00122400373188263,0.16054871561623518,0.037930689958012694,-0.0768420153348736,-0.10948657584453773
2433,-0.013786489939615697,0.0,-0.006628013472237726,-0.03591247598484962,-0.01232942076982512,-0.171304416960243,-0.11753092131689677,-0.11739137670272706,0.028337999398800988,-0.030547862182908725,-0.3559507183966497,0.017303922665085663,-0.17088448719662458,0.0,0.0,0.0,0.0,-0.09989879388723706,-0.041206140913439514,0.030197537690850255,0.0062570934064985,-0.1539553811222422,-0.3158443499812017,-0.03051311252443364,0.042933466901475786,0.38709835297653244,-0.09800190252354192,-0.022779714262980283,0.8816336410979686,-0.18040498652737144,0.03868981755617358,0.04151119821733482,-0.02218546997462971,-0.16264531316482259,-0.17867078557333657,-0.09431311668488557,-0.6135277618456896,-0.1852914007765166,-0.020514761889962645,0.010991178861268196,0.0,0.0,-0.25967034274979,-0.4689541582581097,-0.005111260257956637,-0.012148304749900573,-0.36267822500434066,0.16492158801222118,0.07599875182804222,-0.0877696587512904,0.09846128850142985,0.0566447076710651,0.03576973263671679,0.0015762803413744454,-0.21137339877959502,-0.09148623900780943,-0.09223880214573572,0.9792429779628343,0.0537283674846743,0.20075544175600918,0.009566759440881515,-0.12900235465647275,-0.10494012226007512
2434,-0.010001901481286182,0.0,-0.014469859559143552,-0.0415772283406419,-0.0026365416077755227,0.27083333555663686,-0.12590715580049994,-0.05206489507992968,0.18074717208684615,-0.09020313929944218,0.08811694899822073,0.06999827477909425,0.13257321640709577,0.0,0.0,0.0,0.0,-0.07899615165867226,-0.030494179347051523,0.12073713807008558,0.02453331434448837,0.05139282422438308,-0.3489078719544166,-0.09611809423818171,0.17124630811970754,-0.12177547967740766,0.020546559367047745,-0.03165350129131208,0.6581001907383482,-0.4472749839021882,0.05286152770684805,0.02278705524415142,-0.017502209494985255,-0.13246934645252034,-0.22948718242975805,0.26936634166121887,-0.6172548185557244,0.05851706720218179,0.011181320028933659,-0.044203939994093784,0.0,0.0,-0.2839264895960259,-0.4230440252952939,0.0002898219602943848,0.011790146689513515,-0.1679006080993327,0.12275977992481903,0.1436830981133907,0.11490929772676325,-0.019500752052807865,0.059855598869162384,0.015510079992314954,-0.09424107647901209,-0.1074867144899773,0.1468129969729819,0.076963657186586,1.4156421005312276,-0.0038800381303391997,0.23120884566998096,0.026203788358850514,-0.16681761545214155,-0.129237407474149
2435,-0.01366485243597046,0.0,-0.06343853519883048,-0.032487629023025405,0.002224880491742921,-0.19462712956906036,0.14814421742688227,0.013160295767300724,0.3066410654652212,-0.08621850672454107,0.15698840693731586,0.09390026739301226,-0.05539448947725387,0.0,0.0,0.0,0.0,-0.07922882936112148,-0.02377356193934368,0.12661111118586665,0.0353984475625292,0.052115879276497204,-0.3432549207961006,0.09957219727792348,0.10463636634462758,-0.05757032394565466,0.022691435759512088,-0.02670047835817541,0.7537669861042402,-0.4344615499022978,0.05303086185814271,0.028918524338790157,-0.036631839774921716,-0.33878523521126785,-0.2202720189659097,-0.09078710602263308,-0.6281770676407742,0.11152894692943305,0.010078825882129668,-0.055460101915400906,0.0,0.0,-0.2892342757491687,-0.399813606971768,-0.00017729207916304126,0.003654557650084283,-0.09850422369420433,0.07903889186365035,0.242741502182895,-0.04832696188717546,0.0543781202751042,0.0815737289724617,0.022509995221009,-0.027885043787979583,-0.10494184264804363,0.12207082532646539,0.0978311909361605,1.1096019420751788,-0.03645423132603403,0.21243998358690713,0.03289370623285455,-0.12475382584512461,-0.10605234515822388
2436,-0.010001901481286182,0.0,-0.006628013472237726,-0.034036525937735554,-0.012388960713242197,-0.1972924602120913,-0.017718134052366757,-0.04314883369290668,0.044735923234102186,-0.08024178305862062,0.05662421327942333,0.02752449178892568,-0.17235099716490046,0.0,0.0,0.0,0.0,-0.11178691633947806,-0.06337128594850534,0.05392597955880785,0.017549303540352702,0.01594735103119538,-0.23549911865089962,-0.03634748887875312,0.04969226387115057,-0.007143909096663945,-0.06298124754431379,-0.02455879299370807,1.0991292865395965,-0.32546676284414855,0.05263528710262151,0.043466277045993845,-0.0326760283060755,-0.1447097994077041,-0.17803770866165006,-0.1844457507536733,-0.607070651228005,-0.14887303751332037,0.005509556366698814,0.013338598328738713,0.0,0.0,-0.2256097664783884,-0.47500727490776623,-0.005379705020919534,-0.016739948901344653,-0.41876826970804226,0.2150444781371057,0.0635891075887014,-0.06774567374088292,0.12333446112246152,0.04327184344463871,0.039339872235050755,-0.025613135056220482,-0.26136936976831676,-0.17066234865167823,-0.08997527416561098,0.8687633838201896,0.06775560439329066,0.18680189591945892,0.020993886519454275,-0.12431629476111881,-0.09066002550840832
2437,-0.01366485243597046,0.0,-0.009045253240463394,-0.032487629023025405,0.003104626262383837,0.05977598746683808,0.15294584003202588,0.1478563978523916,0.35759938620159665,-0.08605942471990756,0.14350085891283743,0.09258058824484866,-0.07914106189814807,0.0,0.0,0.0,0.0,-0.0626170995574801,-0.023332302894618125,0.12439296554554073,0.01496301769318877,-0.02527596584843042,-0.34555040425442185,0.10325222644463286,0.19810881632085323,-0.005599603717419998,0.02004982314620443,-0.02483905886864384,0.6964744820610734,-0.37380283067823983,0.0056129015291106876,-0.015966680504971808,-0.017064883212299313,-0.22364811493803538,-0.20276563103388412,0.20384845814237249,-0.6184938272335915,0.10586138889906066,0.010094021930628732,-0.043079184720459546,0.0,0.0,-0.29228446820099435,-0.39875135424789204,-0.00017729207916304126,0.0021093303126982817,-0.10678877806693035,0.10277360850737831,0.2031524716675766,-0.049877446193719505,0.04702735207763036,0.06574008976058898,0.01813161545046498,-0.008984806960444914,-0.13530010905735493,0.13999982358065974,0.09541720762440019,1.1443223063593901,-0.04572514605621966,0.21381548111512733,0.03454125617709985,-0.21254757285113218,-0.1275782115062878
2438,-0.010001901481286182,0.0,-0.019989099991866856,-0.03285886235760152,0.0026824342690106185,0.06318714591475996,0.16501750747204313,-0.012447935800395713,0.22342800998065887,-0.10191104000664035,0.17081435534738268,0.09949471592300832,-0.12468458680762873,0.0,0.0,0.0,0.0,-0.07373640478961858,-0.024101793034822322,0.11600352740831289,0.020933422343446473,0.01761119172081705,-0.351134916695751,-0.00823884479035001,0.22768925050231,-0.07790820318346733,0.02044762927648992,-0.029506490499709846,0.7150501193429871,-0.40229015762640996,-0.034972289673145564,-0.008802401048380211,-0.017502209494985255,-0.35123185744064955,-0.21687259078043336,-0.041398412220273954,-0.6294522249298276,0.07875374824652769,0.01007767883748158,-0.04412295978910697,0.0,0.0,-0.2976520044309082,-0.40996466792702174,-0.00017729207916304126,0.0032973460120716506,-0.025038215017707064,0.09535860176809398,0.22016700869923098,-0.08480247392387498,0.02617118491297455,0.06313397081798307,0.016513404147349912,-0.05838487267439558,-0.16277231922255148,0.10215744080060386,0.08980500714137506,1.193751511591119,-0.04952821502583072,0.20699918309941087,0.02836783837856041,-0.2195052828571867,-0.1340977358632007
2439,-0.010001901481286182,0.0,-0.06362745638936629,-0.0415772283406419,0.0018026884983697023,0.6079249151172393,0.1462570164945203,0.17181243208141575,0.24647437791510368,-0.08141017047822809,0.27665197124797375,0.09560028479057904,-0.12567401475582476,0.0,0.0,0.0,0.0,-0.07261809127777935,-0.02181248490485532,0.14125556568786998,0.017745264475295723,0.08360741947945922,-0.3535452112911004,0.09727488280806623,0.18466311161935203,-0.0640038109370009,0.016831334568690147,-0.01973887843723629,0.7428816705888971,-0.3832767609316879,-0.03480127425129356,-0.007246714212897303,-0.017502209494985255,-0.3412003402089424,-0.2159193193599517,-0.02810419432173444,-0.6260731837012824,0.06702514180466403,0.011193090744319806,-0.04224640806066242,0.0,0.0,-0.29160943464216943,-0.4029264066931804,-0.00017729207916304126,0.0025897325277822853,-0.021065784765251627,0.12226901098111952,0.2354714616169214,0.0940356384157046,0.1347385489535317,0.07020995987341372,0.01769464017273567,-0.04371615317202752,-0.15281404132803542,0.1199695108920351,0.10037089739308176,1.1408087920558088,-0.04334704103747719,0.21584840567996033,0.03908186514361969,-0.23072746462354526,-0.13428173547899364
2440,-0.013786489939615697,0.0,-0.06343853519883048,-0.03285886235760152,0.002224880491742921,-0.3165164156659367,0.14460804066820543,-0.04276090372597681,0.22401106244969482,-0.026077174087996157,0.14185192725259152,0.09569056960077835,-0.028262259441069564,0.0,0.0,0.0,0.0,-0.08673985035414106,-0.024662920331469995,0.12205641470877578,0.031697354646136544,0.025310068561297437,-0.33308316354427786,0.12079893235333332,0.11820338861903001,-0.05593740724432369,0.03700783443287578,-0.015159910358764905,0.9192220676752649,-0.4111756323334022,0.05395228871751072,0.04392074182257757,-0.037069166057607655,-0.36113964648471225,-0.21454339565431887,-0.22280898193940696,-0.6165232993283906,0.0759690388009378,0.010078825882129668,-0.0445368834095988,0.0,0.0,-0.2883109066965651,-0.4129504834393682,-0.00017729207916304126,0.0027468756349161958,-0.10911719378597026,0.07943340331901912,0.25435281120600794,0.08065490350926194,0.020418514360838406,0.08289453348547102,0.022509995221009,-0.020245023490510564,-0.11474971959227573,0.0938306987084135,0.0978311909361605,1.1714821101363513,-0.1024386017689323,0.2544427759178853,0.03054672871044577,-0.08087655367027552,-0.10503092207582047
2441,-0.009880263977640944,0.0,-0.0636490800540982,-0.041201154691227745,0.0026824342690106185,0.04402683082868531,0.21134611363685218,-0.07725527302892234,0.36763866931354905,0.0023701003786565323,0.1165509160541255,0.10176803154432136,-0.09879269415856129,0.0,0.0,0.0,0.0,-0.05251841666915407,-0.021486702286595608,0.1341745688343259,0.03770125536270083,0.04113177892121454,-0.35199008916495134,0.06154058799134819,0.22804980585157436,0.2121510275777032,0.019325678553006154,-0.0223707802738883,0.6925677606826919,-0.39199016019126254,-0.03546915000960151,0.026240089730695255,-0.013805953148114737,-0.35597992426669944,-0.21003723715149578,-0.04494841104686414,-0.6184213145231207,0.10738264664901952,0.02462005438349528,-0.043344901841669316,0.0,0.0,-0.2861613585577457,-0.3940526453742853,-0.00017729207916304126,0.021188901572419084,-0.12695716546225672,0.1145754281563843,0.2439074696831972,0.12977854264943606,0.061080303094560244,0.060266328131442795,0.017714302789051443,0.013970720622812679,-0.10549531221659175,0.04237054076032228,0.09959224283734362,1.139857695246255,-0.04943387505792543,0.22506741546095796,0.02516478418600981,-0.12561168978859324,-0.11833148897913594
2442,-0.009880263977640944,0.0,-0.06343853519883048,-0.032487629023025405,0.003104626262383837,-0.23687418362844187,0.15172910545297552,-0.029125779461720652,0.31111207577970057,-0.10241116005948744,0.15540591053945307,0.09476503073799851,-0.07534447441714436,0.0,0.0,0.0,0.0,-0.06830948122549381,-0.02377356193934368,0.12661111118586665,0.023383436257395473,0.058950944562534746,-0.3360790124260751,0.10247571684509717,0.09189948615690974,-0.0005177371440938713,0.021424003979764943,-0.02535936939712047,0.7514781813913538,-0.4362640522675883,0.05300816942441497,-0.002047495673685598,-0.036631839774921716,-0.34076445924190896,-0.21754010623209857,-0.009793130569198005,-0.6284685198517078,0.09557346994257104,0.010062482788982516,-0.04276077642956546,0.0,0.0,-0.2881504233758515,-0.400326477142433,-0.00017729207916304126,0.0026871608204861383,-0.09772526321321785,0.07943340331901912,0.2418619989433733,0.049586427672078125,0.040044552608967436,0.08146323078305048,0.022509995221009,-0.004039491039398865,-0.16029023515847138,0.12244967889348461,0.0978311909361605,1.1257534931883628,-0.03666014261503061,0.2167491901295135,0.028571243002227985,-0.22465200372910107,-0.13025364909455298
2443,-0.009514749213461828,0.0,-0.06390829090774444,-0.04048255949403347,0.0026824342690106185,0.09996033983471767,0.1798639420171288,0.19959135534479744,0.4567597809148857,0.010828584356402392,0.14463140745645917,0.07494300579682517,0.013943400745074993,0.0,0.0,0.0,0.0,-0.04130111183682101,-0.020460262188659668,0.1341745688343259,0.04330720321949286,0.0912616320459407,-0.3887426268465682,0.04143424172948201,0.0731078180347552,0.19249437412235162,0.02004982314620443,-0.014859125848136279,0.6541428763911046,-0.3941685634967611,-0.051016753147899205,0.034600553366043806,-0.013566188982218291,-0.40317042699746547,-0.21558556188007238,-0.3153981687319118,-0.6125333785313742,-0.10892731253283307,0.01824886544099412,-0.03836828708436935,0.0,0.0,-0.2860134696339853,-0.43881940021195026,-0.00017729207916304126,0.021103339723476194,-0.13620204592501453,0.09317533971766045,0.2608064607393449,-0.13122815103489655,-0.19824258804123704,0.061383629576786086,0.017714302789051443,-0.010044308893005055,-0.14399515176552857,0.04476915491599257,0.06908129848862736,0.9603481704657618,-0.04325075817364574,0.1392517655309694,0.03508790219220307,-0.2643057642860294,-0.12812245468986203
2444,-0.005186958523438412,0.0,-0.006811101263099362,-0.03510040544244319,-0.06029310129427517,-0.22744871639947556,-0.06726614647484427,-0.015826452062889542,0.10058672921980834,-0.10076742329531055,0.049614718827232875,0.011532900254745179,-0.16563625721689892,0.0,0.0,0.0,0.0,-0.11814004404082584,-0.062343214295799795,0.05392597955880785,0.017088329984941614,-0.03100463708387443,-0.24600193300030618,-0.037956173009354506,0.04781977363294796,-0.003960492068061292,-0.05834008733159624,-0.021508316949523893,1.0099537062396524,-0.3291132619922558,0.03150138946855617,0.049114116596231445,-0.03277408133620092,-0.1505415278215462,-0.17717925455416822,-0.26631420529031524,-0.6106271184797191,-0.152110863864512,0.0033433797131282336,0.014176006080483427,0.0,0.0,-0.200814992678949,-0.4691861346846858,-0.005379705020919534,-0.01616990733174086,-0.4267989108607155,0.1515886013798845,0.05312746118407838,-0.016763757806156982,0.3556461484556197,0.05638178713722575,0.027779410235233813,-0.04788129269156357,-0.2604572551129396,-0.16358153762824457,-0.07283087248711632,1.086991318822589,0.07151221203039339,0.1396521228777493,-0.03878334184093679,-0.149042059989197,-0.09085996351345552
2445,-0.01366485243597046,0.0,-0.06147345587866953,-0.04120599500606578,0.0008055522687685497,0.24536766472764862,0.13727819183844492,-0.08685143249872392,0.4753896554300958,-0.1169320301735616,0.02661486015084702,0.03744333562362356,0.13885333766772961,0.0,0.0,0.0,0.0,-0.06006831023226249,-0.020036183385936858,0.1173900651136585,0.02156983206982358,0.05020311671754933,-0.34021238516432684,-0.10410190360479882,0.061306982732495297,-0.06269946169776408,0.01932567855300615,-0.02227738216336778,0.6193673543130115,-0.3206459192880487,-0.05101646542042563,0.02299465326603751,-0.017064883212299313,-0.22668669526403853,-0.23088547331972584,0.06232993259400035,-0.6269764512386864,0.06160911231573589,0.011197663122080814,-0.04396236106757123,0.0,0.0,-0.2719719783137847,-0.4285045554340533,0.0002898219602943848,-0.009079065972700964,-0.19017887212617304,0.21786612127203095,0.2099342655051623,0.09242026718818769,-0.07896965829030043,0.054683715109040236,0.009326987064908374,0.01525620871860552,-0.10244425506943093,0.1704732002362099,0.06389479310175424,1.3054070180251542,-0.0003934525757385266,0.23284620009398388,0.027748995244390118,-0.08885922590604917,-0.1148592321260455
2446,-0.005186958523438412,0.0,-0.0065118469579892825,-0.037421886490090706,-0.05848810839195007,-0.24458318250414837,0.027925914286116276,-0.07984189075239788,0.10516657259401878,-0.09400704870510507,0.03174444818838028,0.03150818275574093,-0.1059809116620588,0.0,0.0,0.0,0.0,-0.13058994416262112,-0.048895279936101294,-0.0018353464126294326,0.0108247828661134,-0.035739425120999056,-0.32208942687925546,-0.04365618640244134,0.04018468593844425,-0.0396599538911231,-0.11337981133200659,-0.01982237357890461,0.8995721399816059,-0.32595055673410467,-0.02199382381476761,0.0015833580095333433,-0.03075762980333176,-0.1445166835770089,-0.17570933608488684,-0.19089122487492868,-0.6088898875332176,-0.12618580010973973,0.0030914951845045432,0.012563169812203354,0.0,0.0,-0.16519757340128297,-0.4751461723982391,-0.005379705020919534,-0.01647172070930202,-0.35447929086541463,0.12169951314853002,0.06343908292610714,0.02130210092794728,0.29275069025400313,0.03229482086319057,0.01986098452324992,-0.08993785312289974,-0.2770186234499622,-0.17911673976786313,-0.09812449839252253,1.009620002691786,0.05460150683924897,0.12885416253482115,0.0024858538552834557,-0.16500573221237003,-0.10819343822087696
2447,-0.013786489939615697,0.0,-0.0063494918274693635,-0.04179422108474999,-0.0024062583614330064,0.27293834609583123,0.06436192335592696,-0.01742337001823746,0.17668861897493748,-0.08988139728989822,0.1152792175352328,0.05836151365813399,0.1374347661138737,0.0,0.0,0.0,0.0,-0.07912170116239449,-0.022091763841122453,0.11171977289220265,0.025414076784081682,0.043383576642442294,-0.3194134619248323,-0.0991247775734823,0.1953133494948538,-0.15109448252135446,0.02098841679167234,-0.016680314866190604,0.6945690080084083,-0.3936460782827314,-0.016137340912925985,0.03917550750866233,-0.016659471624539353,-0.1433520602952021,-0.22700493605658104,0.05525294860947225,-0.6194927047886191,0.11626383963959186,0.006173957715162867,0.01423258389555255,0.0,0.0,-0.28632275255383766,-0.44098495100938345,-0.0031362810433021027,0.0006135401644130531,-0.2230161941279897,0.2102855515903462,0.16354215474324973,0.12331798670919557,0.14710361508348002,0.0594376341262492,0.010244447554912361,-0.05081622666504742,-0.2708376981205427,-0.12812200746910504,0.07862556300117018,1.4338331886825075,-0.003710231576452825,0.16603733541733248,0.032229559987535586,-0.028717351537715617,-0.11003689215150174
2448,-0.005186958523438412,0.0,-0.0063287591671276466,-0.034036525937735554,-0.06113504626850433,-0.203382550579172,-0.17506466736195456,-0.06607893923750673,0.0952002476106698,-0.08147026817844653,0.04284434014409276,0.009000355323192214,-0.18038128355153454,0.0,0.0,0.0,0.0,-0.11348269127196903,-0.06099253047316635,0.035275330892217946,0.010756047095848735,-0.03192307265485629,-0.26084489480220757,-0.03634748887875312,0.1830304402053881,-0.002775310221702604,-0.07320791854101483,-0.02510921944164281,0.8906107611713978,-0.3256911685385928,-0.023911670063653096,0.03313913920446239,-0.030557128336386633,-0.1653883053891323,-0.1768469462874546,-0.29629874368268705,-0.608094096961664,-0.1519120226149303,0.0076709384998083175,0.012317235584663357,0.0,0.0,-0.17933720416933216,-0.46567720680171454,-0.005379705020919534,-0.017317672999313242,-0.3965099311139293,0.16180886617740803,0.05621933654793597,0.009183043373326743,0.3703854710406197,0.03526217321649277,0.0371199402127945,-0.07065214947404634,-0.2801586402710017,-0.1773408041262683,-0.0916180312051399,1.0070699110044026,0.06862874374786533,0.12886896408751788,0.020175566078218507,-0.17322598002619577,-0.10497091193744704
2449,-0.013786489939615697,0.0,-0.061214245025023276,-0.04179422108474999,-0.0024062583614330064,0.18442721160948405,0.08774951515368605,-0.03222148585335972,0.16502062612870733,-0.03387695803447431,0.11935782049976913,0.06901248420478898,0.1336658117008463,0.0,0.0,0.0,0.0,-0.08097153301431761,-0.02171734950943037,0.12564795637704662,0.021467020129394283,0.05140700200012412,-0.2649957677586289,-0.09831568274476261,0.16732997627628357,-0.17179338302805777,0.013406973862185654,-0.013497520037431635,0.7045551175339163,-0.4020232601286698,0.04145911541816795,-0.012056553996866514,-0.016139704128238692,-0.24730987425975107,-0.22015714004900303,0.12179157445837878,-0.5969340995053781,0.12748464884641303,0.006173957715162867,0.021722324672498034,0.0,0.0,-0.28571835315247374,-0.4415293193498177,-0.0031362810433021027,0.0006991020133559491,-0.19777116444093762,0.20941421722125983,0.23146497721095788,0.1423151488003597,0.13527341979457513,0.06026236912612293,0.00942987937405072,-0.08871212539150959,-0.14267437502414812,-0.12674855768559268,0.07888756558226873,1.4957313975612885,-0.004124263204806516,0.15329330468479682,0.03596218209098292,-0.09881708325996016,-0.13000504610109734
2450,-0.0030474308817141486,0.0,-0.0017614737261345895,-0.019534300901340833,0.0006954994216471555,-0.038820932089614735,-0.015406632380297427,0.09449180840932007,0.20837639003417413,0.024002760209608287,0.43681975824193137,-0.015609420321106036,0.23708385458997766,0.0,0.0,0.0,0.0,-0.055969610127197957,-0.04674134720600383,0.019123857165109708,0.12780996682527349,-0.05556317218231163,-0.24587923345479004,0.08875045901751939,0.26785286485333604,0.039923790803941595,0.02744785624564331,-0.005856601100792591,0.5214423880467084,-0.6356308198733052,0.0373163912169571,0.005764499510209952,0.04630488462240803,0.7672318192840601,1.5976245263118254,0.39329341419806874,-0.5011056690074597,0.7696969668532015,0.15689801785102003,-0.12178523454573303,0.0,0.0,-0.0042258294308888805,-0.24174056514314882,-0.001502302616764918,-0.0027335671482974807,0.6184493657732363,0.08207067627473046,0.21064172228741074,-0.27705044498536174,1.1690287401605937,0.017035475845378862,0.09354629098217412,0.07677017169705971,-0.12736666412008038,0.09999647163726483,0.026727045149978076,0.5753232821751926,0.014454274872164021,0.3631338210310473,0.04652433167973896,0.6690623461368435,0.29851334633637183
2451,-0.0035251459346155793,0.0,-0.0017614737261345895,-0.01857243045906257,0.0006954994216471555,-0.014858600785023022,-0.027113414012480647,0.11204443846659584,0.18127501391847967,-0.008387257555026919,0.3177056617145027,-0.01784368961297605,0.19902144950524045,0.0,0.0,0.0,0.0,-0.04660251175678342,-0.04382546868025197,0.018236658121203626,0.13276717141594938,-0.2774519821177813,-0.27253067652827884,0.06299753158262007,0.2936858715500939,0.09296501331830823,0.03540727292545895,-0.012610530866854536,0.5415674261276604,-0.6372402498893923,0.01651992377520088,0.0013634989788803965,0.023680898476589985,0.7125720524849574,1.514412971497321,0.13753878622750942,-0.5346623953359468,0.7502825831069035,0.16139597764570768,-0.12511516773515233,0.0,0.0,-0.003727371063092455,-0.29178086667961495,-0.001502302616764918,-0.0022507917545746057,0.3820460989083549,0.07540325198092247,0.1420872274125264,-0.26245506767765986,0.4135359451054902,0.01734052182205831,0.09937932176222646,0.10501380659415882,-0.13496066803432613,0.05824605650564066,0.008520520734452865,0.5272013115567519,0.014665591423005999,0.31264694739594345,0.16160122316791634,0.5664648911988746,0.2566822884107938
2452,-0.0035251459346155793,0.0,0.0014955474964537274,-0.011121584075263478,0.007249097114376818,-0.14639132246576153,-0.03247944763134811,0.13309644580703556,0.18704155179608264,0.0016869672588236927,0.32615045039400165,-0.024697609239751277,0.235963640097132,0.0,0.0,0.0,0.0,-0.05472421864350726,-0.0468649146610209,0.01911631679606859,0.12688601404495473,0.023066398450721833,-0.27042411419076967,0.06143736555370781,0.2891826302787074,0.160021105200902,0.03412961028444538,-0.0060524330884715195,0.5643623518647546,-0.6159020493143332,0.037391379700412564,0.0035683470202876716,0.023562814599323335,0.7129821631409266,1.5054589958915978,0.20887474806930947,-0.543695789957277,0.7603254096894753,0.16139597764570768,-0.12657719061202127,0.0,0.0,-0.00902791648873702,-0.29363119544796235,-0.001502302616764918,-0.0011162951522632094,0.3848024450680546,0.07234437025921918,0.16089895664379766,-0.18003351952203986,0.378079601153253,0.019362528409959057,0.09785114071161874,0.11217734036213813,-0.13243931846581006,0.06340286106930743,0.008072473675410367,0.5436155045053239,0.008331549203854895,0.3025651925747204,0.040893061600618584,0.6593576620511732,0.2571719040977
2453,-0.0030474308817141486,0.0,-0.0017614737261345895,-0.019435254482670812,0.0006954994216471555,-0.1642450025893543,-0.031202232780051204,0.10611439115351827,0.2030202625592244,0.012381842942650495,0.42875974915609255,-0.018447000533350227,0.2371144544264172,0.0,0.0,0.0,0.0,-0.046570211037632904,-0.04674134720600383,0.019969632415749148,0.18509253752474625,-0.054363916331303205,-0.2699393214836287,0.1110634517192338,0.27028466161137915,0.04279346461928378,0.02744785624564331,-0.005437886411984291,0.5375987659731529,-0.6557389713417489,0.03673903793932379,-0.0028832419360878218,0.04649399247542563,0.7268082137428936,1.584825894880312,0.39537726883964447,-0.5159895390407385,0.7703742708604171,0.15689801785102003,-0.12643557881212983,0.0,0.0,-0.0042258294308888805,-0.2430607270388113,-0.001502302616764918,-0.001139386985968695,0.6294214295864571,0.07451819199322361,0.18042898992287085,-0.32493394932364705,1.1564287938904905,0.016584995173320953,0.0879205642491932,0.11201303293817025,-0.1252084298722181,0.09999647163726483,0.008520520734452865,0.575134267390049,0.005662200347457928,0.36219269993491043,0.04165068321797587,0.7120040833533788,0.30355594290565224
2454,-0.00372365039125108,0.0,-0.0012466826604872311,-0.01971146696833133,0.0010945728405128115,-0.14990497039387893,-0.0870505602399088,0.11496514071799649,0.16259810435155303,-0.0482235805244676,0.3145432017109025,-0.02047920643489448,0.23032267009332064,0.0,0.0,0.0,0.0,-0.07066719047727897,-0.05534407163015864,0.019675147429225753,0.09260398022312546,-0.11260932317740989,-0.27675393676026944,0.07596511305279549,0.2604111682804414,0.1532675570449379,0.034227423401147414,-0.0297856331558032,0.6337241270770105,-0.7645028337344486,0.04247575260718863,-0.01323000214732714,0.017666258705919424,-0.16594328349711238,1.537350847339628,-0.29860704927163073,-0.674845321505875,0.7170648250484476,0.16139597764570768,-0.04483951168030044,0.0,0.0,-0.048246406845444206,-0.30342657910062876,-0.001502302616764918,0.0009526639972536857,0.2843691105153131,0.05889797911272823,0.17318415880359678,-0.1931536381417533,0.5074393375930099,0.03856806194433266,0.08144971374792934,0.11137457634117513,-0.18366405923710738,0.06315050291793291,0.008072473675410367,0.5005058284323837,0.03890876890010623,0.3224687434382601,0.05461356131874781,0.4850393989949349,0.2627050979848232
2455,-0.0035251459346155793,0.0,-0.0033066060393139303,-0.019038098704266867,0.006717423105425809,-0.08866430904475295,-0.03168712233994431,0.10307241351982951,0.20384772886953825,0.024415750243196137,0.39154215933659503,-0.0258297940683605,0.18498559151005178,0.0,0.0,0.0,0.0,-0.04735110879909655,-0.03914710302163042,0.02516825115974614,0.15406442973433068,-0.08964896875791188,-0.2610930412182795,0.0704654495012759,0.2775590924519957,0.15844581549251024,0.020176036248843704,-0.005153891504267167,0.5379983102701178,-0.7494584026896238,0.043429998770287526,0.01558098908773942,0.0206451151671853,0.613137395058449,1.5945440524976253,0.008113944596273626,-0.5236698614268518,0.7049008796778132,0.17272974629986562,-0.12657413740364834,0.0,0.0,-0.008996309658317884,-0.2848774853998631,-0.001502302616764918,-0.000645307263985914,0.5351449082695873,0.05310152623779607,0.17082090715217135,-0.23724627554038355,1.1879741483103035,0.036745762356032094,0.09854782419982012,0.05654151984053317,-0.10058178684097738,0.046551553790171896,0.006239571807522629,0.6036866880339392,0.05824599852448774,0.4605666400964912,0.14716007751288918,0.5740128097976821,0.29690320331430875
2456,-0.0035251459346155793,0.0,-0.0017614737261345895,-0.019239857742934432,0.0006954994216471555,-0.10334276379657684,-0.049052226436331406,0.12141040507495425,0.20451745259820517,-0.0013847885251800788,0.3283469490573095,-0.028390704749257638,0.2246449501652258,0.0,0.0,0.0,0.0,-0.05835954884261806,-0.04458937692198463,0.02393964613167154,0.09505933235782285,0.0050054689954526985,-0.2713785258632841,0.07162049793503791,0.1696589926093935,0.0355611335987888,0.03412961028444538,-0.012342538810735652,0.5757878396380439,-0.6818784093427944,0.042649415713646284,0.004073168865249584,0.04944632232524784,0.7613649544774186,1.437567075221602,-0.13477991770801273,-0.5667358836595454,0.713744042939886,0.14685360209969398,-0.12632841222221358,0.0,0.0,-0.01011437650582598,-0.2916905892212333,-0.001502302616764918,-0.002475956844143982,0.40574381454100017,0.056199377589022576,0.14744960547398003,-0.18058050345885354,0.5039937233637753,0.04324132325899645,-0.015875942515166837,0.06214053430297676,-0.13529181032068358,0.12483798580038237,0.008506096279579255,0.4847129804278778,0.06251461310090214,0.32710989888165143,0.027089443448520354,0.6199544815301793,0.2635025336105044
2457,-0.002979939213103613,0.0,-0.0012344253296096034,-0.01904284934261573,0.0006954994216471555,-0.1392192543933412,-0.027324317477327133,0.1717869544357356,0.2504656393964719,0.00945924037678619,0.3391144055589906,-0.026936380033604226,0.2236087114110281,0.0,0.0,0.0,0.0,-0.04961290826067206,-0.042616015255992096,0.02528036946417862,0.14170488156733388,0.1447710334748449,-0.27064042013580275,0.04919789241032476,0.28502345892403447,0.15947304177682362,0.026424495500992018,-0.006109420159859685,0.5359115275532301,-0.4757582130330053,-0.0023175094469009483,0.010899415784669795,0.026764176845771356,0.6266282897019899,1.5149413993905172,0.30652164354193695,-0.5071654129490176,0.7088890831663722,0.16187369269860907,-0.127463933604198,0.0,0.0,-0.006922594770205768,-0.29779273705248255,-0.012697884423684302,0.02310221331644282,0.37398240638043667,0.054083059554907005,0.14964224740257712,-0.15223767933768564,0.3770061966561902,0.029103225776102467,0.0966389976730599,0.06682389251165162,-0.1235987873056279,0.07368237257098531,0.008072473675410367,0.5855276545713477,0.08912729905070375,0.39889877467542495,-0.15852386148251313,0.7092783948292728,0.2758771409301275
2458,-0.0035251459346155793,0.0,-0.0017614737261345895,-0.019239857742934432,0.0006954994216471555,-0.15337306181016297,-0.12407487390771459,0.17805066000322634,0.20668703757357404,-0.00900362842453503,0.31934036156973117,-0.03368834483454421,0.2246449501652258,0.0,0.0,0.0,0.0,-0.0581283632850017,-0.04709595202547111,0.02393964613167154,0.09287977967836819,-0.09697017707615217,-0.26934328193517904,0.05849611828291555,0.18123642243451268,0.09743581986540849,0.03384206279898885,-0.011138273547132581,0.5783736872678513,-0.6801193300751356,0.04294120622671523,0.005129454981212421,0.03139932375092774,0.6787530793152629,1.4982069462364245,-0.18005499251433182,-0.5615714794789138,0.7235049043124309,0.16139597764570768,-0.12745404173098313,0.0,0.0,-0.010116280417694676,-0.30380573088812224,-0.001502302616764918,-0.002574814191073212,0.3385880038601742,0.054966177950631016,0.1474804594437793,-0.16990248189039506,0.4688644014737392,0.04233474605391355,0.06787912838669563,0.06008430569149275,-0.12705563202967396,0.06176229383103896,0.008829489672565924,0.4926922242219981,0.08921784400779963,0.32473777502186874,0.08031950320947123,0.6042355055538003,0.23461193196680974
2459,-0.0035251459346155793,0.0,-0.0017614737261345895,-0.018842701964530487,0.0006954994216471555,-0.10315637116692898,-0.02821166849004564,0.14999323190397557,0.2063842755269572,0.010237890455596328,0.3236382890512172,-0.028145156219667105,0.18601976290259062,0.0,0.0,0.0,0.0,-0.05315239068445949,-0.04222612512396423,0.02458876472517115,0.12215577620321572,-0.033828815493036415,-0.27104164529579794,0.06279963919789112,0.2913736180074178,0.14789245271130785,0.03470698719574253,-0.0007025774492614291,0.5548693767149686,-0.6149547688863107,0.03110305357889634,0.013589130415442846,0.018305414290757265,0.6623984958408707,1.4789717606365491,0.18474208204838996,-0.532247792486354,0.7585043341869945,0.16139597764570768,-0.1263116248991749,0.0,0.0,-0.00902791648873702,-0.29700092718880616,-0.001502302616764918,-0.0013218055278323597,0.3729742825278408,0.05596647398376715,0.15792242492623107,-0.16922991832290993,0.37985166140052407,0.027041402451715723,0.09898231505573092,0.05460851349839655,-0.1277809938315516,0.05970995531294848,0.007675244359296768,0.5487896175649406,0.042827433237318975,0.3083441802761579,0.12746970741381056,0.5871164931606702,0.2571719040977
2460,-0.0034576542660050436,0.0,-0.0033066060393139303,-0.01912007941264383,0.007249097114376818,-0.16563936665704332,-0.016583895082501306,0.125089348814212,0.2658104833210901,0.013965855355928381,0.3311894953584234,-0.02446372955251603,0.2375585371500677,0.0,0.0,0.0,0.0,-0.04715709794319606,-0.04421535881227984,0.01987209293237682,0.13933280204282428,-0.05256623120052922,-0.302718957237747,0.060466671962986315,0.3089363567266236,0.15557192228445438,0.027337279471059104,-0.005882703449999266,0.5373857059915611,-0.6327377982849828,0.039047627858115885,0.015928660102591828,0.026013070446516136,0.6714110213744868,1.5772117273341932,-0.1500561117613225,-0.52532530562782,0.6599177750042063,0.17096267834413234,-0.12765063411306118,0.0,0.0,-0.002982790949331269,-0.2962839032938406,-0.001502302616764918,0.026248746171926903,0.3674186812342515,0.07262954384652125,0.15938903727562972,-0.23406273751455903,0.7206348115971095,0.025170565245674036,0.09695143437074473,0.10912302833644816,-0.12281576601169655,0.0752866301699434,0.008072473675410367,0.5877116034896789,0.009086264333382313,0.35959331961068364,0.044712243706352135,0.6942081422421901,0.2991212324158965
2461,-0.0034576542660050436,0.0,0.0014955474964537274,-0.011001805744972878,0.007249097114376818,-0.16893696823145812,-0.0688336983591467,0.17112850245934533,0.24799470947811877,0.01566871397196487,0.3938991034722141,-0.02565616102202406,0.23448440293069375,0.0,0.0,0.0,0.0,-0.04690588907410735,-0.042858405146941045,0.01983816871161785,0.14970278789825026,-0.09555312809023482,-0.25928866818974994,0.080014113364735,0.2665078032978735,0.17292771526431847,0.01890421072425362,-0.004062496420471329,0.5379650720214444,-0.7465762377025355,0.043109618801978285,0.016741896523818287,0.026013070446516136,0.5730267234586917,1.6382027784880855,0.04570208172709491,-0.5258303953430402,0.6513857704214882,0.17272974629986562,-0.12728754185413335,0.0,0.0,-0.009095975757143816,-0.27522941526148886,-0.001502302616764918,0.026623963522969456,0.553582126898571,0.07048051603279772,0.16099182658061625,-0.24283645242444132,1.1169857556733964,0.03469509635548726,0.09741664985570794,0.11027310011211686,-0.09852726642975934,0.06754085916082904,0.008072473675410367,0.5794203611503004,0.009748399533627362,0.4502227191990807,0.03401916917675858,0.5959576218849896,0.26808476917210905
2462,-0.0034576542660050436,0.0,-0.0033066060393139303,-0.01904284934261573,0.007249097114376818,-0.15918917447939931,-0.015088378568678925,0.20416835545804438,0.2469208191374457,0.00444463339968228,0.33917411807644865,-0.023835541932241334,0.21953151244646912,0.0,0.0,0.0,0.0,-0.054768204531358715,-0.04570623173297303,0.020717868183016262,0.13985614698937307,0.040263117375416435,-0.2763405010462789,0.06161015634207791,0.31111623258013077,0.14463686655020674,0.03470698719574253,0.00045658727785677947,0.5513793274763277,-0.628045484015958,0.033389703140870634,-0.0026295226667195047,0.021104131013383143,0.6431798920799452,1.4652416130815475,0.34274296864094717,-0.5141510575948475,0.7195540939717028,0.16139597764570768,-0.12692201091605373,0.0,0.0,-0.009114697030235722,-0.29719728787956634,-0.001502302616764918,-0.00047843914821421384,0.38021243886726724,0.010417886910260181,0.16132753547415885,-0.16150947834099355,0.3706925573814502,0.027051519468047416,0.08643665627110642,0.09761624392631159,-0.11860151166641973,0.08017474866240067,0.007675244359296768,0.5860777792460744,0.008331549203854895,0.35579025529504527,0.06913754833500864,0.608120353119749,0.23096456444553534
2463,-0.0034576542660050436,0.0,-0.0033066060393139303,-0.01912007941264383,0.007249097114376818,-0.16245336288186493,-0.02049593990420601,0.19850284313387245,0.2790578138467381,0.01709122768939509,0.4186263396500786,-0.023729275396978125,0.2371636411583219,0.0,0.0,0.0,0.0,-0.054768204531358715,-0.04570623173297303,0.02008939896946887,0.13285963674668774,-0.05256623120052922,-0.2586468525736044,0.08141240453900764,0.30917485592421945,0.15700697139734002,0.02744785624564331,-0.0002961274834242902,0.539160653700474,-0.6251203626859728,0.03939080833044864,0.01108737629526413,0.023151970670678493,0.6416953055781394,1.5830401875882076,0.42030096961941765,-0.5168840169610549,0.7162445036279291,0.17096267834413234,-0.1259540838459901,0.0,0.0,-0.009658024465892881,-0.2504665853422654,-0.001502302616764918,-0.0013946510682439756,0.570323961468329,0.07293983353064414,0.18094008754510552,-0.22758272890673714,1.1177513559694334,0.026715703377217462,0.08643665627110642,0.10148876632370193,-0.1194281496623381,0.0752866301699434,0.007675244359296768,0.58338029291385,0.008334679612928487,0.36220484367506045,0.06828138777710288,0.6423625929774791,0.2735032391531359
2464,-0.0035251459346155793,0.0,-0.0017614737261345895,-0.019164982977202892,0.00044284193982514525,-0.006189480804803757,-0.007817308634017445,0.09249471453369279,0.1916964937713455,0.0031956837610927396,0.3949670847397048,-0.018738958152111063,0.2361603081434645,0.0,0.0,0.0,0.0,-0.055741300159993144,-0.022258326887438323,0.01858766071940048,0.12509909928820398,-0.4376375589663083,-0.2621368363491389,0.09082888401824094,0.2799559003185556,0.04681365400311208,0.02093055651516,-0.013314226857428245,0.5278990824196741,-0.6064576011916878,0.01964485510054641,0.004691976202357824,0.020768662966168337,0.7607571993343069,1.5882880264479615,0.14185201440939216,-0.5236144451263707,0.8153914915529124,0.15712970455336617,-0.12518384118158943,0.0,0.0,-0.010521841673862133,-0.24054449723644813,-0.001502302616764918,-0.0027335671482974807,0.5476645794315005,0.06837618741421887,0.19608673388398154,-0.30126386986293885,1.1979804510061274,0.023344878566493546,0.08958479538135444,0.10148577979780828,-0.12246754180317762,0.09261001393053349,0.008917750050566465,0.5562355037713854,0.014668721832079588,0.39668855117073537,0.05087723704422585,0.6337153274731784,0.2986519897502653
2465,-0.002207443410116113,0.0,0.00048480978853621473,0.03074668932247179,0.05998876160451872,-0.13916775910112603,0.1225947138300067,0.26409942506717377,0.4357137027396427,0.18649698932299058,0.20618734333671052,0.04183034885673017,0.04941840947710021,0.0,0.0,0.0,0.0,0.045102892868004035,0.021247534362275156,0.018744710668434812,0.06404742042451102,-0.4746485530323183,0.7058508255470736,0.04151510480198159,0.11562702206918463,0.10936880295688581,0.02317469333642883,-0.0014139623468435328,0.30577258771156574,-0.20568000075981235,0.026973604990654307,0.013014589702099283,0.03558516236207708,0.49205494235620884,0.8871287317623243,0.07216866798729292,1.830756577196326,0.23281301453323813,0.0955899328060264,-0.08994065132346211,0.0,0.0,0.706757183597319,1.552169580514767,-0.0009862962303496074,0.011636839534151898,0.3310300648218138,0.03175849859685543,0.12173621713219644,0.12874094054015772,0.3471246408570166,0.028694531171372665,-0.012281295654053727,-0.044081254705244544,-0.07305424371377789,0.0502435564713614,0.020805196738193647,0.4613399231228693,0.0025555141547859784,0.2193152295832144,0.10108140338992354,0.3861749907100025,0.2501198772399241
2466,-0.002207443410116113,0.0,0.00048480978853621473,0.03074668932247179,0.06023960839644581,-0.13870156556762858,0.12297377885633193,0.2636092189869122,0.4261166489977796,0.18546167945939251,0.20450360756925512,0.04210296247790642,0.04969113359491683,0.0,0.0,0.0,0.0,0.045440960831189696,0.04168003522477389,0.01715694227759621,0.06391913854632887,-0.5250401850359628,0.7011610866152653,0.04185317276516725,0.08385760981927173,0.109411761711328,0.025367603954006265,-0.0018420292693744073,0.31038470641798716,-0.2072022695137313,0.02485862681864932,0.010377918696129975,0.032115727374895424,0.4979272333222845,0.8526794848880059,0.12125656843452588,1.8246580429049977,0.22937190296553042,0.0955899328060264,-0.07526095795882667,0.0,0.0,0.7067275773106794,1.5915602058265794,-0.0009862962303496074,0.011636839534151898,0.325525523178383,0.028473993785599085,0.11804951288148517,0.12436665832977793,0.35135465097961127,0.027729910480589093,-0.01278921564066852,-0.043743186742058876,-0.07407233394457612,0.05109990571084207,0.021690107086621883,0.4544255425193904,0.0025555141547859784,0.21435649519390923,0.10394104389738604,0.38024830735270765,0.2526239247803785
2467,-0.002207443410116113,0.0,0.00048480978853621473,0.030768366638498437,0.06023960839644581,-0.13376030146982829,0.12698293363573088,0.2598548012202633,0.4024042623253621,0.12456594630631328,0.19450344357291022,0.04336462889541047,0.050691453163602095,0.0,0.0,0.0,0.0,0.04637742225860198,0.024890280183477602,0.019074135009959345,0.061964208001630806,-0.562342541483596,0.7946793431356042,0.03837917611484877,0.12266204357473756,0.10778112056066828,0.0320729951153082,-0.0022479660980442803,0.3141491954453936,-0.17289064911094998,0.016627680828578153,0.006969844642412714,0.03026797256426362,0.49223799339373797,0.7938748174137644,0.20740377428249307,1.8468108343116842,0.2730860232368629,0.08952620773128456,-0.08404588530019637,0.0,0.0,0.6993895950679047,1.620653937492713,-0.0009862962303496074,0.012033877113021079,0.29894193389056983,0.03379401533989108,0.11154820711651053,0.05093489667433799,0.1941188561027145,0.028668308443583916,-0.012607853865354597,-0.031214418711944098,-0.0805191719940542,0.05326332126153374,0.021690107086621883,0.412255657384321,0.004194838303996941,0.14720805637807052,0.09099749334095686,0.39422211336916835,0.23045486945637475
2468,-0.002207443410116113,0.0,0.00048480978853621473,0.03074668932247179,0.06023960839644581,-0.13298057656796078,0.13345036190165518,0.2672833746615778,0.43068157890283176,0.18502497916263005,0.20706000907644823,0.04210296247790642,0.050839504854328504,0.0,0.0,0.0,0.0,0.04637742225860198,0.022160956380065655,0.019074135009959345,0.06391913854632887,-0.5624438570712637,0.7022799808364728,0.04226925898193081,0.12050298686128236,0.10956649998637462,0.026564532154960088,-0.0002970874344870737,0.30924288374495773,-0.20578498078739826,0.024842934834505264,0.010859731423315496,0.03558516236207708,0.4886422180128168,0.8447306892122926,0.1717277153896295,1.8178426121335858,0.22937190296553042,0.09440394803819707,-0.08404588530019637,0.0,0.0,0.7012916558464726,1.5018653872500694,-0.0009862962303496074,0.011636839534151898,0.361193565316996,0.03128209405487981,0.11693022348068383,0.17864790641560338,0.3046658405951428,0.02676198481080349,-0.012607853865354597,-0.043743186742058876,-0.08322471774587265,0.05081918931692303,0.02151836536671044,0.4407012234634873,0.004151342093711268,0.16107738206332264,0.10369252723709732,0.4166821341011221,0.25249804321073066
2469,-0.002207443410116113,0.0,0.00048480978853621473,0.03074668932247179,0.06023960839644581,-0.13916775910112603,0.12728648238878934,0.2636092189869122,0.41832470908914987,0.18546167945939251,0.20618734333671052,0.04210296247790642,0.04969113359491683,0.0,0.0,0.0,0.0,0.04809995695276883,0.021247534362275156,0.018744710668434812,0.06391913854632887,-0.5262976508711293,0.7058508255470736,0.04226925898193081,0.11864753195927316,0.10981696992191,0.025367603954006265,0.000573056859748456,0.30577258771156574,-0.20696339443036177,0.025475031494388112,0.010859731423315496,0.03558516236207708,0.49311887975052143,0.8526794848880059,0.1226684612619778,1.82506325111558,0.23281301453323813,0.0955899328060264,-0.08982926510877735,0.0,0.0,0.7069761442945905,1.5097107802528933,-0.0009862962303496074,0.02193911220974076,0.3562843117459996,0.032711542265979526,0.11845472109206714,0.17846222115290636,0.3046658405951428,0.029179715262013413,-0.012254168554976188,-0.043743186742058876,-0.07632292922464086,0.05071918174197046,0.02151836536671044,0.4621565529827878,0.0025555141547859784,0.21868168526738474,0.10369252723709732,0.38878789641255174,0.25249804321073066
2470,-0.0034728474843886965,0.0,-0.00012079169181824145,-0.019338904161604453,0.001476653031102102,-0.009227235041250522,-0.020172591801022894,0.10075332508336553,0.16885864376648485,0.036301612360849916,0.3388737530516797,-0.0221666234778698,0.23778200824511236,0.0,0.0,0.0,0.0,-0.05621438176715895,-0.044747513431078065,0.025618273896604205,0.10812109387314287,0.03056181183412553,-0.24935956734379355,0.03980304340332476,0.2250935162205557,0.026832149967635423,0.03493680085700901,-0.006964198874862103,0.6115345177830162,-0.5947813112439301,-0.002655145536390017,-0.019466212167177546,0.02279171201352958,0.7765370134400253,1.4467022893495873,0.6183973754976653,-0.5097010680876962,0.7427458558593751,0.30804064402972947,-0.12260525695213767,0.0,0.0,-0.0001779842786985425,-0.2838429869660759,-0.0014027422296369915,-0.00032784335541655483,0.10175631592770074,0.07858400690845181,0.1444053393815957,-0.14588246234135044,0.4124316552044046,0.024089686609398253,-0.019602276850838485,0.10133949384964991,-0.12215857402464436,0.10747392157569388,0.030701280319569594,0.5533629381465794,0.015036597755128606,0.39036153466642526,0.06056934199445701,0.670071106303838,0.25660368376613985
2471,-0.0034576542660050436,0.0,-0.0017614737261345895,-0.01904284934261573,0.0006954994216471555,-0.09572767730057236,-0.03216115227623544,0.14278410475818956,0.2531882370112228,0.010197901008919945,0.3236456405217418,-0.025123992387548463,0.22435961212478678,0.0,0.0,0.0,0.0,-0.05691534666253784,-0.0451420036497161,0.0243714586880791,0.1224504926219411,-0.033828815493036415,-0.2715361057775911,0.056343656526606306,0.29097882948677317,0.15668438889838107,0.03470698719574253,-0.00504616290046384,0.5621419049520581,-0.6091573274119279,0.032281914448317316,0.00412979183494524,0.02582430177825552,0.7010652549913142,1.47637926278081,0.15585840411160753,-0.5343739410177535,0.7136175897861875,0.16139597764570768,-0.12638107415364655,0.0,0.0,-0.008928250389911088,-0.293605228343498,-0.001502302616764918,-0.0013218055278323597,0.3447422458193294,0.053940982400908465,0.15793523667031756,-0.16439203444362202,0.3859521978930368,0.02655131998149388,0.06622763946839687,0.06060289219069647,-0.13519169848614068,0.07214536615554393,0.007675244359296768,0.5447248420904178,0.06271573346389347,0.3083441802761579,0.027367657032481153,0.5898223360785083,0.25732535019629776
2472,-0.0035251459346155793,0.0,-0.0017614737261345895,-0.019435254482670812,0.0006954994216471555,-0.1538392194689509,-0.026320228011876907,0.20572998529591044,0.22175420994010855,0.02103696494044533,0.4218389616245917,-0.022580466947512038,0.22337100076896016,0.0,0.0,0.0,0.0,-0.05647885398802691,-0.04781097278869467,0.02431047729743747,0.1328834503246614,-0.05537812467941966,-0.26066949007600526,0.09219115766242425,0.2750804939893882,0.10800945014781034,0.02687047933434617,-0.005166773404878158,0.5428044943840648,-0.6170706160636497,0.0371758972168281,0.0086404827945045,0.04649399247542563,0.703106669098445,1.5508894760776515,0.4108598728310798,-0.5160092003646405,0.7772244244721287,0.17096267834413234,-0.1267094461391898,0.0,0.0,-0.004247764356859883,-0.25950572168882274,-0.001502302616764918,-0.002903274123770882,0.6195820996963225,0.057112139296769206,0.17687436310743818,-0.3127209245536915,1.151958593155339,0.02264303078877189,0.08882027059006721,0.0571300808418851,-0.12667826503796006,0.048553989844150436,0.008520520734452865,0.5810560975828457,0.0672317842947008,0.3655527844072318,0.04249791108200235,0.662424984362703,0.2991427258712218
2473,-0.0035251459346155793,0.0,-0.0017614737261345895,-0.019435254482670812,0.0006954994216471555,-0.05797736846786897,-0.028820103824619057,0.09842033935937683,0.240199826575159,0.022342438739081434,0.32817085794177375,-0.019286579949853545,0.22362109430931204,0.0,0.0,0.0,0.0,-0.05621417168958149,-0.04672193391576633,0.02453604639669384,0.12258608622112668,-0.07275033105849706,-0.3054527153222158,0.06848383546313414,0.3142539224386326,0.09471063785140804,0.027337279471059104,-0.0018785049856623569,0.5427441378941076,-0.5506155787484268,0.038143301005915294,0.007689849680642879,0.04630488462240803,0.7655745840239888,1.558887433505208,-0.24404639992522212,-0.5167898627347947,0.7594853273779967,0.17096267834413234,-0.12279852359355434,0.0,0.0,-0.0042258294308888805,-0.29673912168738975,-0.001502302616764918,-0.0027335671482974807,0.4074992905759887,0.05123101723879675,0.21337660382572585,-0.3014276584087557,0.8008856097440435,0.022419761968512412,0.08881451079720007,0.05083849047215522,-0.12755843164725317,0.047926911260852634,0.008520520734452865,0.573378753120834,0.01520585959261785,0.3932525485935086,0.03806565613092368,0.6648215461787588,0.2992746785144942
2474,-0.00461482111804596,0.0,-0.0006478400883432277,-0.01949865383476949,0.001476653031102102,-0.07473240804730709,-0.04969193915171014,0.1424915790623605,0.2331556457843678,0.022565681840933022,0.4086822739068204,-0.033619046911589005,0.22284929528640562,0.0,0.0,0.0,0.0,-0.05638089870255358,-0.04741648257005664,0.023632579572069812,0.13038386249553982,-0.1301324491045877,-0.27425547617130785,0.08678132271184286,0.23894402244481208,0.036695316629237786,0.026095215603189514,-0.0066091755714455525,0.6938367048044548,-0.26696764395123723,0.06293418180559872,-0.011799745044290901,0.05293622211481305,0.7338309428602363,1.552387313202969,-0.09362785836618415,-0.5139338335985111,0.7710579946244213,0.31646537109449685,-0.12639633534759503,0.0,0.0,0.02792692802229518,-0.27338423107732235,-0.0013214122365946789,0.010520206833895205,0.08248266035947807,0.05971070443262593,0.21233138636200152,-0.19336871282966608,0.6888187242843309,0.03874094647651441,0.06725528689040057,0.0751265769539855,-0.12491894513037823,0.09372801779936887,0.029156275643576042,0.5603318691442132,0.0150482354399122,0.39578572874182105,0.059759755746234884,0.6800247428221788,0.26975469733594953
2475,-0.002207443410116113,0.0,0.00048480978853621473,0.02993738116053032,0.06023960839644581,-0.1445855015600758,0.12170249825029203,0.2701896350031137,0.38888697428414554,0.12345194175589753,0.1945643303792288,0.04300038044963731,0.050691453163602095,0.0,0.0,0.0,0.0,0.04637742225860198,0.024890280183477602,0.014733719830198291,0.06076783344635476,-0.49782961429793715,0.7978114852022382,0.03837917611484877,0.1245517986293607,0.10787250175776038,0.0320729951153082,-0.006709051757874172,0.3141491954453936,-0.17461204417542125,0.016627680828578153,0.005511288524210433,0.031211431470175882,0.4996210971143133,0.791373578734408,0.160273719798879,1.85495569393844,0.2730860232368629,0.08952620773128456,-0.08451872234176017,0.0,0.0,0.6974904588508142,1.6223792343933632,-0.0009862962303496074,0.01196864113304283,0.298918803980359,0.032629381232477,0.0970388318837105,-0.030180547844367092,0.1941188561027145,0.028668308443583916,-0.008871680984510405,-0.022369225000784237,-0.0830059308709489,0.05326332126153374,0.02151836536671044,0.4130243653298938,0.004072069570399556,0.14720805637807052,0.09103753519938308,0.4081470026443482,0.22915486285486417
2476,-0.002207443410116113,0.0,0.00048480978853621473,0.03074668932247179,0.06023960839644581,-0.13889567876298506,0.12366718186793324,0.2636092189869122,0.4140652844011671,0.14237267226936245,0.20475883196963732,0.04210296247790642,0.05071053606221959,0.0,0.0,0.0,0.0,0.04809995695276883,0.02229492447040823,0.018744710668434812,0.06349914735289039,-0.5250401850359628,0.7098916242074479,0.04185317276516725,0.11968910909014344,0.10978909887510145,0.025367603954006265,-0.00229263537505082,0.3104524145992507,-0.20613653676827975,0.02440539442742348,0.010859731423315496,0.032115727374895424,0.497459582119859,0.8462673530250868,0.12831326636344456,1.81937927594638,0.22937190296553042,0.0955899328060264,-0.08409283274878974,0.0,0.0,0.7069761442945905,1.552169580514767,-0.0009862962303496074,0.02193911220974076,0.33415029343264907,0.03278457396550961,0.10436699531076714,0.06153655366668239,0.35243522165834223,0.029179715262013413,-0.012254168554976188,-0.03489799303089902,-0.08207461257510405,0.05109990571084207,0.02151836536671044,0.46058274648815334,0.004151342093711268,0.21671856226362307,0.10432924853767012,0.38883709197519667,0.25249804321073066
2477,-0.002207443410116113,0.0,0.00048480978853621473,0.029915703844503674,0.06023960839644581,-0.11439014096882724,0.12716940202842605,0.3133788573374854,0.42623958907563747,0.14082196742218428,0.1936121236372602,0.04691417231091595,0.050839504854328504,0.0,0.0,0.0,0.0,0.04606105874608363,0.04532278104597633,0.01890592604244077,0.06272276399105282,-0.5213910446182188,0.7039585537599016,0.04452448236132666,0.07963762098280627,0.10694822160697975,0.026564532154960088,-0.007768799063032622,0.3118726990363114,-0.1756930519308286,0.024150827359909897,0.00885249146850309,0.03305918628080769,0.4904839599098218,0.8475772523650337,0.2040266740903671,1.8178426121335858,0.24449221718032157,0.09406332112815288,-0.07611367996246472,0.0,0.0,0.7053151200267906,1.4728415802942885,-0.006271656477946695,0.011522916432256655,0.3106774628306052,0.05786627442089134,0.1020156400373018,-0.16988409970852822,0.3494306224227178,0.027204806185208617,-0.013037488752904907,-0.04585381627961459,-0.08247265327518383,0.05119991328579464,0.02151836536671044,0.4421333124185091,0.008882010597188003,0.15372289627027227,0.10829514009474542,0.4052222086761156,0.2526239247803785
2478,-0.002207443410116113,0.0,0.00048480978853621473,0.029915703844503674,0.06023960839644581,-0.13680804449190706,0.13159066354381996,0.2776917056582531,0.4238219362815376,0.14061131120779707,0.1918413677247993,0.04302225969628288,0.050839504854328504,0.0,0.0,0.0,0.0,0.04637742225860198,0.024890280183477602,0.019074135009959345,0.06076783344635476,-0.4914454199738265,0.8482398828776095,0.0380240777920112,0.11940404637246449,0.10728160895613133,0.026351938097881535,-0.006753721034880712,0.3119722075483697,-0.17587239058322168,0.024389702443279423,0.009023522889050875,0.03305918628080769,0.48982455200209857,0.843572149899995,0.047901144839757485,1.817799511011262,0.2499609967486083,0.09406332112815288,-0.0844208962481592,0.0,0.0,0.7012916558464726,1.6454344820911992,-0.0009862962303496074,0.01157160355417365,0.28656531109086264,0.031679700323996224,0.09825686753548914,-0.012955423817061749,0.26346110633703357,0.028654610966632937,-0.012872367655714584,-0.03489799303089902,-0.0832648385135426,0.05119991328579464,0.02151836536671044,0.42611253229924234,0.004124853109274428,0.1602671650864148,0.10398108575581226,0.43152131301023433,0.25245627344240107
2479,-0.002207443410116113,0.0,0.00048480978853621473,0.029915703844503674,0.06023960839644581,-0.14111600903671137,0.12542678403095414,0.27481332387634944,0.4296686841636981,0.14229397758254475,0.2045644943755737,0.041406946708047676,0.04941840947710021,0.0,0.0,0.0,0.0,0.045440960831189696,0.021247534362275156,0.018744710668434812,0.06272276399105282,-0.403650115934881,0.7090647665453659,0.04185317276516725,0.11629902635328712,0.10965397391580689,0.02317469333642883,-0.005853632847531504,0.31038470641798716,-0.2059280845667637,0.02590396792368968,0.009023522889050875,0.03305918628080769,0.49637868984004285,0.8810890252810053,0.08041354884917251,1.82506325111558,0.22937190296553042,0.0955899328060264,-0.08453288329463343,0.0,0.0,0.706757183597319,1.5538948774154173,-0.0009862962303496074,0.01157160355417365,0.3319735237277261,0.030891198841372498,0.10466677541003062,-0.0135087912501697,0.35243522165834223,0.028694531171372665,-0.012545809444413714,-0.03489799303089902,-0.07663283228341032,0.05062428044023301,0.02151836536671044,0.4604407383157304,0.002529025170349139,0.2193152295832144,0.10136996190863848,0.3969421464486439,0.2501198772399241
2480,-0.0035251459346155793,0.0,-0.0017614737261345895,-0.018842701964530487,0.0006954994216471555,-0.04848932837106817,0.00963688734965074,0.11472397974993724,0.18415413390623833,0.0019324481775493119,0.34795521188505746,-0.023168786172644174,0.1985959536770551,0.0,0.0,0.0,0.0,-0.05395411873156771,-0.04382546868025197,0.019341163202201757,0.12871555314837932,-0.0317640945667033,-0.2753154031904447,0.07188259123222847,0.3079154438336055,0.03227863700193548,0.03470698719574253,-0.004766928517393875,0.5472341835582497,-0.6170459901237355,0.034421927047706705,-0.000836033797918105,0.025729077318642306,0.7103772211628098,1.5285101327229038,0.3311151302168192,-0.5137614371339637,0.7502733134783021,0.14685360209969398,-0.12195061633213743,0.0,0.0,-0.003682501995231721,-0.2791409286431683,-0.001502302616764918,-0.002830428583359266,0.3856041268196008,0.07540325198092247,0.12467799146433006,-0.2441124026448487,0.38954440355981695,0.009312146173991332,0.08881451079720007,0.12461162190620666,-0.1214237382758301,0.10883061345776582,0.007799898025352596,0.5810074288324173,0.014451144463090431,0.38698472186094485,0.1405321277190384,0.6163822145322084,0.2610172681980517
2481,-0.0035251459346155793,0.0,-0.0006478400883432277,-0.019303257095033114,0.0023770194768241394,-0.05227655915984865,0.022528117347266393,0.10466633909481285,0.21010087851316803,0.008064251741162933,0.4163321877636675,-0.03205713597127433,0.2186619338946333,0.0,0.0,0.0,0.0,-0.046725327023980384,-0.04719199273838119,0.020025190039173166,0.188009183193807,0.018028833990034424,-0.2575793234746919,0.09189978091710164,0.3427246946114692,0.03661973396355994,0.034329847724626605,-0.007759655603681412,0.6897525023518278,-0.2690657984388976,0.055479900573174736,-0.02096568323208843,0.026879276231779475,0.6606132447004587,1.4839476417808521,0.22930918606598802,-0.5072961749005689,0.7906928234004688,0.14685360209969398,-0.1219160483368974,0.0,0.0,0.028117246318572247,-0.26881019455670274,-0.0013214122365946789,0.026771990088558725,0.40508280941238684,-0.14495945939732563,0.21642907674102965,-0.1604808189338539,0.42540759673021294,0.026460755682626784,0.09170759454814817,0.1163977371535711,-0.12379821051129623,0.10745090650965358,0.028570622712898477,0.5761308774761685,0.014451144463090431,0.3885039472473493,0.08752993908904126,0.6620461601823017,0.2610172681980517
2482,-0.0034576542660050436,0.0,-0.0017614737261345895,-0.01921912583131385,0.0006954994216471555,-0.16811459309283816,-0.02254730111193216,0.15985587446717373,0.2696513089696378,0.015360741140992553,0.3938954842097124,-0.023729275396978125,0.21954860848732988,0.0,0.0,0.0,0.0,-0.05565484244581544,-0.041680308928655666,0.019542668590852286,0.12726551512780157,-0.05980930328635996,-0.24706579527405811,0.08339207550694679,0.23070486631040296,0.10399223256222616,0.027586666397380086,-0.00012338865031550085,0.521540204344381,-0.7617402983862407,0.038965491870302245,-0.006707561366943615,0.026320262176800373,0.6562125109444692,1.51956489504764,0.13319615551661107,-0.501554187114082,0.6346278752628839,0.17272974629986562,-0.12693017634937695,0.0,0.0,-0.0104730281486283,-0.282720473020258,-0.001502302616764918,-0.002903274123770882,0.5710238220750946,0.018775775508868976,0.18868562718302428,-0.20069341356736603,1.1515665892876712,0.03248303155598509,0.09832528651097915,0.05373287564704454,-0.11776720033957333,0.07297138788334369,0.026727045149978076,0.587940244818721,0.008483524579835316,0.4179361353275929,0.08041442753136882,0.6291373858865765,0.2999259628383065
2483,-0.0035251459346155793,0.0,0.0014955474964537274,-0.011316980814999858,0.006717423105425809,-0.09355900029940242,-0.04087133098083648,0.09591814548300963,0.1923837535154079,0.015574002376713194,0.3870247228117741,-0.025654517670598783,0.2352562019536001,0.0,0.0,0.0,0.0,-0.04680929645380337,-0.04017002271772496,0.019921372329899947,0.15654263150609757,-0.08411355615206499,-0.2611683533801091,0.080014113364735,0.28365396763607587,0.15573975604771823,0.01948158763555076,-0.00583555942145828,0.5373074896967315,-0.7496987210191375,0.04299746365578358,0.01253275930305652,0.0206451151671853,0.6931963362863313,1.6449236426282627,-0.005135435522583817,-0.5197733936301769,0.7049008796778132,0.17272974629986562,-0.12605163278981074,0.0,0.0,-0.009267333856548956,-0.279584547507483,-0.001502302616764918,0.030991184458393252,0.5446985942212735,0.07006527667439909,0.1676668555205262,-0.25195829122832725,1.190571383142549,0.029105469855837198,0.09396281052052857,0.10245058275793609,-0.10115366240874492,0.048676648337458384,0.006636801123636228,0.5862784583596746,0.01778888933787963,0.4504031962941914,0.052767553459769384,0.610306003194643,0.2967645599004153
2484,-0.0034728474843886965,0.0,-0.0006478400883432277,-0.019239857742934432,-0.007884202948121897,-0.03451107264565485,-0.12528523055034793,0.12601146408567498,0.17054464074465273,0.03553133140447797,0.32789912780804337,-0.018124017013502827,0.21692894834449888,0.0,0.0,0.0,0.0,-0.047422392900403634,-0.0498945212068229,0.022512761395136905,0.16324434799426962,-0.029967809066261213,-0.24689426224711528,0.03980304340332476,0.18379523867465353,0.025531180870709994,0.034606295535527826,-0.006708461600948722,0.6383628300899085,-0.5278053145295953,0.05153338203090062,0.03518617000747373,0.04589262206814333,0.614813419493699,1.4042838874332289,0.3962898383203931,-0.5326503777286344,0.7925138989029495,0.30804064402972947,-0.12168612939530324,0.0,0.0,-0.0039790930734106625,-0.282904178811651,-0.0014027422296369915,0.0016015657469529668,0.05827686043332109,-0.1496423073525031,0.21160552415757183,-0.13582616381354082,0.4359885654552763,0.02242697518673588,-0.018317808625972036,0.11461957609678738,-0.1259636929356116,0.10301843406694669,0.023170882006986315,0.4919359501306042,0.014419054202056332,0.3126251916161707,0.06986143309481108,0.6173071441286706,0.23349220590769693
2485,-0.002207443410116113,0.0,0.00048480978853621473,0.029915703844503674,0.06023960839644581,-0.13716422114804014,0.1328871563528904,0.26933632705769567,0.4114507654126231,0.13970962186238184,0.17485550860349788,0.051130424077673715,0.050839504854328504,0.0,0.0,0.0,0.0,0.04872005486766276,0.024890280183477602,0.020493694433279364,0.06034784225291628,-0.4914454199738265,0.8490667405396916,0.04059620324438711,0.11874876223678338,0.11042940783724348,0.026351938097881535,-0.010245619778688694,0.3132320531807885,-0.16959122827789955,0.024389702443279423,0.008708157255188849,0.03305918628080769,0.4749007794607028,0.8489199517320926,0.047613238463488874,1.804902607006017,0.2499609967486083,0.09406332112815288,-0.08447877541286263,0.0,0.0,0.7057689289989987,1.6374208554630862,-0.006271656477946695,0.021681049752561993,0.27043384571484347,0.06055313333384979,0.09736231340161901,-0.01199085240402761,0.26346110633703357,0.028654610966632937,-0.012502441667212575,-0.03602142808833779,-0.058106631850783255,0.05145584077896001,0.021690107086621883,0.42914420028468986,0.008882010597188003,0.15804808634374778,0.09617836884849819,0.43465354863018013,0.25204175920244615
2486,-0.002207443410116113,0.0,0.00048480978853621473,0.03074668932247179,0.06023960839644581,-0.1383308800225829,0.12562208786723317,0.25892799606102046,0.42107415399989195,0.1830171122979849,0.19409935607558176,0.05640839405655783,0.050478955084781,0.0,0.0,0.0,0.0,0.05036865847470652,0.024890280183477602,0.020493694433279364,0.06391913854632887,-0.5620081616926007,0.7040431621354777,0.045821260024675875,0.11951164299136963,0.1141339072598028,0.02544838539077046,-0.002068579630145558,0.31391448474193767,-0.1685338153921393,0.03721348330006078,0.010516809994933837,0.033627038918259265,0.5056762939142413,0.858622538662451,0.25358677444211897,1.8085557898767253,0.24449221718032157,0.09406332112815288,-0.08420159055850077,0.0,0.0,0.7076531995468409,1.4275852351467073,-0.006271656477946695,0.02174628573254024,0.31253006861738913,0.06165800697536317,0.10029422824134965,0.12721382135916784,0.3471246408570166,0.02822827865237744,-0.012237927876852584,-0.035561132070352844,-0.0590791949742451,0.0510751168100884,0.021690107086621883,0.4370209665659643,0.008812219832464295,0.07961227132568538,0.09580870929843027,0.40682105760944887,0.24929306749482133
2487,-0.002207443410116113,0.0,0.00048480978853621473,0.030768366638498437,0.06023960839644581,-0.13665368676680598,0.13009236762203638,0.2599031826202605,0.4062307064405085,0.17807910623879203,0.17849964263979673,0.05773739965781395,0.050478955084781,0.0,0.0,0.0,0.0,0.05036865847470652,0.024890280183477602,0.020493694433279364,0.061964208001630806,-0.5587933243315509,0.7981314178886989,0.04209134919530333,0.121577089751298,0.11282188626434259,0.030956848351118574,0.00016475533686678825,0.3139830916928599,-0.17131818696987158,0.03593227942779844,0.00678075397416311,0.03003593331067015,0.5095539687225757,0.8407995158628914,0.2156211746174589,1.8042900893176268,0.2746747401402811,0.08952620773128456,-0.0841037644648998,0.0,0.0,0.7076531995468409,1.6327471785670862,-0.006271656477946695,0.022287462666692945,0.26171692403776153,0.061738990361619006,0.09663362367312851,0.1243875126652491,0.21683466899109938,0.02822827865237744,-0.012237927876852584,-0.03652993414740943,-0.05751740388322239,0.05290285616827689,0.021690107086621883,0.4145876149876709,0.008951995791910515,0.07795191406779317,0.09631892642063607,0.40167612984161727,0.22581880059288312
2488,-0.002207443410116113,0.0,0.00048480978853621473,0.029915703844503674,0.06023960839644581,-0.1434888516741342,0.12501226979099925,0.2673596346212073,0.4160196223182855,0.14229397758254475,0.1878316236176843,0.046779663508414324,0.04941840947710021,0.0,0.0,0.0,0.0,0.047783593440250474,0.04168003522477389,0.018576501700916237,0.06272276399105282,-0.403650115934881,0.7040882869027946,0.04452448236132666,0.08096878915267607,0.1128017727969191,0.02317469333642883,-0.006293763920269292,0.31194522914946077,-0.20356428141901814,0.024966613026736036,0.008631552738585301,0.03305918628080769,0.4843864327195654,0.8864368271131029,0.08602789448345413,1.8121663471103346,0.22937190296553042,0.0955899328060264,-0.07552409466724176,0.0,0.0,0.7109858897659339,1.58430307402206,-0.006271656477946695,0.021825189107845516,0.3039899095784973,0.0622553128265583,0.10384705295949376,-0.012477456031179088,0.35135465097961127,0.027244726389948345,-0.012175883455911701,-0.03519680393170077,-0.048660198936876606,0.05062428044023301,0.021690107086621883,0.45918250740548816,0.004542285642058159,0.21196074379016405,0.0938289454632415,0.3923831974864126,0.24983124456961694
2489,-0.002207443410116113,0.0,0.00048480978853621473,0.03074668932247179,0.06023960839644581,-0.14085399391582928,0.1285305504255171,0.26447849009349894,0.4224970386078277,0.14340798213296052,0.18777073681136572,0.050005852421873095,0.04941840947710021,0.0,0.0,0.0,0.0,0.047783593440250474,0.021247534362275156,0.02016427009175483,0.06391913854632887,-0.4733910871971518,0.7090647665453659,0.04452448236132666,0.11679172675592792,0.11336997701360417,0.02317469333642883,-0.005035307997978217,0.31028519790592884,-0.20550987083100108,0.02590396792368968,0.010863908590478066,0.032115727374895424,0.48996093357266174,0.8924765335944217,0.0768573887314509,1.8286017189175423,0.22937190296553042,0.0955899328060264,-0.0844604677862182,0.0,0.0,0.7112344567498451,1.5431871518095974,-0.006271656477946695,0.021890425087823764,0.3109811570684064,0.06379561794941009,0.10466677541003062,0.06115046342081843,0.35243522165834223,0.028694531171372665,-0.011911369665551718,-0.03699023016539438,-0.07319784435472285,0.05062428044023301,0.02151836536671044,0.45788729430660213,0.0045687746264949985,0.2170961508405474,0.10163079750024143,0.3836991234151862,0.2501198772399241
2490,-0.002207443410116113,0.0,0.00048480978853621473,0.03074668932247179,0.06023960839644581,-0.13488740414603095,0.12740055407545356,0.2968074678238548,0.4085144622202092,0.13609627656799186,0.17889571076721736,0.04336462889541047,0.05038154603335515,0.0,0.0,0.0,0.0,0.049036418380181114,0.04532278104597633,0.017486366619120744,0.061964208001630806,-0.5561487294565102,0.8339866292629294,0.04030208862067713,0.08525963453243046,0.11171864138454496,0.0320729951153082,-0.002738803514670166,0.30884950852212156,-0.17951154391261706,0.023108498571017082,0.009273755354438244,0.032115727374895424,0.4948355478993855,0.826907666412733,0.10658416843477392,1.8198121783517007,0.2499609967486083,0.08952620773128456,-0.07550993354146643,0.0,0.0,0.7047789147823025,1.6788333080418736,-0.0009862962303496074,0.02233614978860994,0.26115705165401365,0.06037510089215496,0.11154820711651053,0.06127339434955654,0.25701771905803283,0.027204806185208617,-0.012237927876852584,-0.043743186742058876,-0.08280527276700428,0.05119991328579464,0.021690107086621883,0.41670697236251447,0.008951995791910515,0.15513175803603146,0.07701721044552153,0.4138134383942611,0.22873514363848532
2491,-0.002207443410116113,0.0,0.00048480978853621473,0.03074668932247179,0.06023960839644581,-0.1411809072842772,0.11621210697068288,0.26447849009349894,0.42318458797629116,0.18649698932299058,0.1895390718232211,0.04183034885673017,0.04941840947710021,0.0,0.0,0.0,0.0,0.04809995695276883,0.021247534362275156,0.018744710668434812,0.06391913854632887,-0.4733910871971518,0.7024097139793658,0.044131183593833175,0.11710809026844629,0.11368634052612253,0.02317469333642883,-0.0013542795582271539,0.31038470641798716,-0.20616695965013324,0.02673472990728478,0.010832175628795864,0.032115727374895424,0.49623837615308536,0.8835902639603618,0.0832103884081558,1.8282209846521185,0.22937190296553042,0.0955899328060264,-0.08444690766513441,0.0,0.0,0.7112508191111855,1.542793853042104,-0.0009862962303496074,0.02193911220974076,0.31280800841301054,0.06379561794941009,0.11958135885341264,0.12875934861561072,0.34870736937987146,0.028694531171372665,-0.011911369665551718,-0.043743186742058876,-0.07767650745972589,0.05062428044023301,0.02151836536671044,0.4577588524600026,0.004472494877334453,0.22012544656012223,0.10132992005021225,0.3892647662735495,0.2501198772399241
2492,-0.002207443410116113,0.0,0.00048480978853621473,0.029915703844503674,0.06023960839644581,-0.14117520712468268,0.12267279922654528,0.2739440527697627,0.420998054873668,0.14125866771894668,0.18817144726246648,0.04167956032922392,0.04966314595408652,0.0,0.0,0.0,0.0,0.045440960831189696,0.021247534362275156,0.018744710668434812,0.06272276399105282,-0.4552992137736921,0.7061375662578366,0.044131183593833175,0.11785914355812771,0.11309026526262891,0.025367603954006265,-0.006715453405406259,0.3104524145992507,-0.2072022695137313,0.024166519344053953,0.008618314678468901,0.03305918628080769,0.5002798791766161,0.8437661143457303,0.13154276649931756,1.8189740677357982,0.22937190296553042,0.0955899328060264,-0.08482880632586656,0.0,0.0,0.711469779808457,1.5445191499427542,-0.0009862962303496074,0.01157160355417365,0.31896986424447443,0.05968443581162485,0.11804951288148517,-0.013122701004305733,0.35243522165834223,0.029179715262013413,-0.013218850528218829,-0.043743186742058876,-0.0807518911775348,0.05109990571084207,0.021690107086621883,0.4623080433888036,0.007834620489054929,0.2175287792405309,0.10359288111552818,0.3994237864825272,0.25249804321073066
2493,-0.002207443410116113,0.0,0.00048480978853621473,0.03074668932247179,0.06023960839644581,-0.13587768080515356,0.11213821724724096,0.2672833746615778,0.4194355025131128,0.18502497916263005,0.19503402288453767,0.04210296247790642,0.050839504854328504,0.0,0.0,0.0,0.0,0.049036418380181114,0.04532278104597633,0.017486366619120744,0.06342909322366853,-0.5624438570712637,0.7016138174793523,0.044131183593833175,0.0818036859136495,0.11303066238000518,0.026564532154960088,-0.0008305731744657839,0.30736008884194826,-0.1751155870503615,0.025459339510244056,0.010377918696129975,0.03558516236207708,0.48897213643647613,0.8447306892122926,0.21364490483407061,1.8157069925358897,0.24793332874802929,0.09406332112815288,-0.08118132630357318,0.0,0.0,0.7054986259329876,1.4782377869927188,-0.0009862962303496074,0.02193911220974076,0.30641514050723556,0.05923041945946091,0.11735187293218385,0.1368758741457962,0.3535588725448597,0.027204806185208617,-0.012237927876852584,-0.043743186742058876,-0.08263447972370012,0.05081918931692303,0.021690107086621883,0.43932987834708415,0.008908499581624842,0.15347140077813926,0.10369252723709732,0.4158006326255542,0.2526239247803785
2494,-0.002207443410116113,0.0,0.00048480978853621473,0.03074668932247179,0.06023960839644581,-0.1342007963233114,0.125339972282646,0.265969329828831,0.40944088667204215,0.1791852837580219,0.18057944653467276,0.04336462889541047,0.05038154603335515,0.0,0.0,0.0,0.0,0.049036418380181114,0.024890280183477602,0.019074135009959345,0.061544216808192324,-0.5574061952916767,0.8395032258568197,0.04030208862067713,0.12372821512633386,0.11171864138454496,0.0320729951153082,-0.002294301756436919,0.30762591103991127,-0.1743146776674631,0.024178135637981716,0.009436025280599171,0.03558516236207708,0.48072309397120017,0.826907666412733,0.11202618802277861,1.8073204825570377,0.253402108316316,0.08952620773128456,-0.08977515722700655,0.0,0.0,0.7050655802096539,1.6343334577178859,-0.0009862962303496074,0.02233614978860994,0.2702883467492506,0.061738990361619006,0.11237506477859255,0.1311223176824026,0.25278770893543806,0.028654610966632937,-0.012237927876852584,-0.043743186742058876,-0.04986022402533018,0.05081918931692303,0.021690107086621883,0.4282350904253945,0.008951995791910515,0.1602671650864148,0.07742576832012135,0.4229644086150115,0.2286092620688375
2495,-0.002207443410116113,0.0,0.00048480978853621473,0.029915703844503674,0.06023960839644581,-0.11288116295647715,0.12716940202842605,0.31345235455131015,0.4226569349242152,0.14061131120779707,0.19226972184212027,0.04288415487760826,0.050839504854328504,0.0,0.0,0.0,0.0,0.04637742225860198,0.04532278104597633,0.020097204038895946,0.06076783344635476,-0.4507010524631415,0.8432634032350382,0.0380240777920112,0.08024386106898329,0.10127331949114535,0.026351938097881535,-0.007635314470941944,0.3119722075483697,-0.17611126566659122,0.023773297767540637,0.008848314301340521,0.03305918628080769,0.4908003234223402,0.843572149899995,0.03634565230610241,1.7812838617130067,0.2499609967486083,0.09406332112815288,-0.07575271733335073,0.0,0.0,0.7008378468742645,1.689934332415187,-0.0009862962303496074,0.01157160355417365,0.27871961892357594,0.028920502483018102,0.09825686753548914,-0.1706039276272233,0.2604565071014091,0.027204806185208617,-0.012872367655714584,-0.04555500537881284,-0.08247265327518383,0.05119991328579464,0.02151836536671044,0.38912069585322845,0.004124853109274428,0.1559419750129393,0.10838246728500033,0.4091532785963101,0.2525821550120489
2496,-0.002207443410116113,0.0,0.00048480978853621473,0.02993738116053032,0.06023960839644581,-0.11122098507491815,0.12147341261380909,0.31345235455131015,0.4000334657487705,0.13498227201757612,0.19603322320434632,0.04566506239573897,0.050839504854328504,0.0,0.0,0.0,0.0,0.049036418380181114,0.024890280183477602,0.019074135009959345,0.06076783344635476,-0.5188160535380429,0.7975362569234279,0.03837917611484877,0.12329477539682965,0.10208319351982538,0.0320729951153082,-0.010989843571887013,0.3119722075483697,-0.17572828572488927,0.02249209389527829,0.005412684453103625,0.032937515660400235,0.4952049711276772,0.8244064277333765,0.20673662816276353,1.8215527359054562,0.2730860232368629,0.08952620773128456,-0.08474745781479563,0.0,0.0,0.701124512301616,1.6223792343933632,-0.0009862962303496074,0.022270913808631693,0.30113687313345955,0.03001692008338477,0.0970388318837105,-0.16255038840627875,0.19137471976831957,0.028654610966632937,-0.012337320570022252,-0.047348431612506445,-0.08619664523091444,0.052716451950896845,0.02151836536671044,0.42241626041204144,0.004072069570399556,0.1641552525039587,0.10826618459876136,0.4011462807315034,0.22730925546732692
2497,-0.002207443410116113,0.0,0.00048480978853621473,0.029915703844503674,0.06023960839644581,-0.1396911273423534,0.12542678403095414,0.2739440527697627,0.420998054873668,0.14125866771894668,0.2045644943755737,0.04167956032922392,0.04966314595408652,0.0,0.0,0.0,0.0,0.045440960831189696,0.021247534362275156,0.018744710668434812,0.06272276399105282,-0.4552992137736921,0.7090647665453659,0.04185317276516725,0.11812253164050987,0.10962610286899835,0.025367603954006265,-0.005837198011829126,0.3104524145992507,-0.2072022695137313,0.023788989751684694,0.009023522889050875,0.03305918628080769,0.4959391768072785,0.8502459543899131,0.11844263517238382,1.8251309592968434,0.22937190296553042,0.0955899328060264,-0.08458497112628008,0.0,0.0,0.7069761442945905,1.5538948774154173,-0.0009862962303496074,0.01157160355417365,0.33519218996274025,0.029461750630272777,0.10354013764868512,-0.013122701004305733,0.35243522165834223,0.029179715262013413,-0.013053729431028506,-0.03489799303089902,-0.07636304999231082,0.05109990571084207,0.02151836536671044,0.4604407383157304,0.0030774630011413525,0.21955961042555616,0.10398108575581226,0.39960424771383807,0.25249804321073066
2498,-0.002207443410116113,0.0,0.00048480978853621473,0.029915703844503674,0.06023960839644581,-0.11219455513375759,0.12716940202842605,0.3133788573374854,0.42130356009073733,0.14082196742218428,0.20586551423263239,0.0415414555105493,0.050839504854328504,0.0,0.0,0.0,0.0,0.04637742225860198,0.024890280183477602,0.019074135009959345,0.06272276399105282,-0.5213910446182188,0.7089350334024729,0.04185317276516725,0.11871244166288666,0.10339521451528556,0.026564532154960088,-0.0073286679902948345,0.3119722075483697,-0.20578498078739826,0.023773297767540637,0.008924918817944069,0.03305918628080769,0.4891795652888179,0.8422294505329361,0.15551572334090522,1.8178426121335858,0.22937190296553042,0.09406332112815288,-0.08464963172119466,0.0,0.0,0.701124512301616,1.5460494844125934,-0.0009862962303496074,0.01157160355417365,0.3380026616894142,0.029067239174903992,0.1020156400373018,-0.1699508635144847,0.35051119310144874,0.02676198481080349,-0.012872367655714584,-0.04555500537881284,-0.08336040639000934,0.05119991328579464,0.02151836536671044,0.44718865092823396,0.004124853109274428,0.16107738206332264,0.10838246728500033,0.41124094327692007,0.25249804321073066
2499,-0.002207443410116113,0.0,0.00048480978853621473,0.029915703844503674,0.06023960839644581,-0.11369916808844335,0.120407730142777,0.31345235455131015,0.4235830611981681,0.14061131120779707,0.19226972184212027,0.04288415487760826,0.050839504854328504,0.0,0.0,0.0,0.0,0.04637742225860198,0.024890280183477602,0.019074135009959345,0.06076783344635476,-0.5213910446182188,0.8482398828776095,0.0380240777920112,0.11842256508922797,0.10127331949114535,0.026351938097881535,-0.0073286679902948345,0.3119722075483697,-0.17611126566659122,0.024150827359909897,0.008897363023424436,0.03305918628080769,0.4923372988253565,0.843572149899995,0.039400131769105014,1.8209572445478004,0.2499609967486083,0.09406332112815288,-0.08474745781479563,0.0,0.0,0.701124512301616,1.6454344820911992,-0.0009862962303496074,0.01157160355417365,0.2866981126625958,0.03128518886862744,0.09825686753548914,-0.1699508635144847,0.26153707778014007,0.028654610966632937,-0.012872367655714584,-0.04555500537881284,-0.08444420233399487,0.05119991328579464,0.02151836536671044,0.42991807390826114,0.004028573360113883,0.16107738206332264,0.10838246728500033,0.41574137618051765,0.25245627344240107
2650,-0.013316562904938678,0.0,0.0035611651244722197,-0.02963565847342104,-0.013019568596474813,-0.002939784826577316,-0.22253963444130764,-0.0909508400523516,-0.14048462299835845,-0.05424453095436343,0.08443002469528169,-0.008497575326234375,0.08252317429673482,0.0,0.0,0.0,0.0,-0.08528877367474184,-0.088217372071513,-0.006751204131561939,-0.11882153991495197,0.10827217366557793,-0.33608236485321763,-0.009868394347470779,-0.4335933778806598,-0.2536616087411977,0.08907393694531837,-0.07132366313484316,0.026516302777422826,0.14266133639463652,0.1636973722998115,0.018977380629256652,-0.032298454753346695,-0.07061048035993671,0.06748441116188258,0.2237419991663526,-0.7796063951856489,-0.21460003311059372,0.03276452579096365,0.10186380289745461,0.0,0.0,-0.24192251594074124,-0.5091914559054301,0.007101005449549773,0.016377854469594857,0.09985103766325541,-0.029172866683981873,-0.08912819059353526,0.03511743597929439,0.06328548856100483,-0.04323335067467812,0.036106486419916234,-0.08084335860267589,0.035123540433145695,-0.16261286357358906,-0.04271049748650566,-0.6045622557921683,0.009455367389066547,0.13199834083625847,0.026606201124499875,-0.016184483606025875,-0.07030581756932776
2651,-0.007587692855302775,0.0,0.005588599944420948,-0.02896763883752166,-0.01322385677748928,0.036215139462875585,-0.18813986277256414,-0.06966155513182241,-0.08329244036302054,-0.0333345340583822,-0.29686000790534217,-0.0031995131108080617,-0.004176599497747452,0.0,0.0,0.0,0.0,-0.04972463349592805,-0.05732118264341199,-0.002410757314509581,-0.14990641675402672,-0.02052354832779844,-0.3179434824205091,-0.011735255773448626,-0.22955414976254046,-0.2014195836142559,0.03955288238033934,-0.003940892916571974,0.008468121298744927,0.11357589695177425,0.17216598016223025,0.05284521864964895,-0.03172306759737961,0.1241859132256755,0.11545979769128759,0.20556242358919036,-0.7824217943112374,-0.1369311543533468,-0.006200341960453753,0.12296512554321168,0.0,0.0,-0.2481917417889666,-0.48424868383323505,0.007488479239972006,0.017449554768152346,0.012452125455192779,-0.04621837433243885,-0.08961294266113319,-0.009656248705110377,0.11661697313117037,-0.02903942346621971,0.0402107280233093,-0.017254405525681023,0.02274549777601086,-0.13741600924848602,-0.04340622047483787,-0.6014272013355488,0.010191810989494602,0.21370489278277735,-0.08644804979584288,-0.10487933390894497,-0.10297559511136647
2652,-0.007587692855302775,0.0,0.0015981458954309538,-0.02974320204707467,-0.015659851887757252,-0.2321827466333792,-0.32423636445225085,-0.09369687067681244,-0.19693522343470266,0.0014945986700416443,0.308296000418923,-0.0022201408650273174,0.06511417747807532,0.0,0.0,0.0,0.0,-0.07120118668577796,-0.05434285179529408,-0.00223219756788824,-0.03990985159344558,-0.0008287729508583878,-0.3414788741087491,-0.030221003087259543,-0.24677372454819502,-0.25732908933840803,0.022230039992312142,-0.0674358869181011,-0.21724653967724086,0.1386984329069883,0.08855282835439651,0.017034634105905347,-0.04449752673558644,0.11603840810157981,-0.1004428217855227,-0.05185464524360821,-0.7568472926463371,-0.13636392290260388,-0.006200341960453753,0.12898049122075508,0.0,0.0,-0.19055327872498037,-0.48380236870955795,0.0065890364231437236,-0.0027642522174309383,-0.06796524069914926,-0.06568755900383576,-0.22433146784324834,-0.12410920761771778,0.23133719471928943,-0.04058053829593547,0.04166313992349852,-0.03980742050292938,0.030318036762399175,-0.10772510274636843,-0.05707674474430837,-0.6359396798300859,0.01006806634682509,0.2674962389201455,-0.11425409103821427,-0.13545256381927256,-0.0990882867660111
2653,-0.007587692855302775,0.0,0.0035154174142916538,-0.030831889001697255,-0.015659851887757252,0.029466716899358137,-0.2756787660174225,-0.07109890014730728,-0.11593668072232592,-0.03323919190140548,0.3995452888178527,-0.0015361581377260187,0.013568894177885541,0.0,0.0,0.0,0.0,-0.06994790438354856,-0.05983725418347019,-0.00320774098976964,-0.15829541985041556,0.06246327662932815,-0.3200342444318992,-0.029397983486101183,-0.16318980303396022,-0.24663676078119037,0.036017248900044395,-0.05429033296144805,-0.1987739677678295,0.12330117618703566,0.08830208051530221,0.05266409812360211,-0.031713221915152405,0.07107288306797023,-0.06587570556150747,-0.05556900968514531,-0.7662630575448122,-0.13892908224706924,-0.006200341960453753,0.1265393871588432,0.0,0.0,-0.2509543603112674,-0.47408634992238957,0.0065890364231437236,-0.0029040018695562025,-0.07107801107743977,-0.02417072653607849,-0.22797683257454213,-0.009792332412451848,0.2418863356814359,-0.03784858693529273,0.04203454670006994,-0.04696868348012455,0.02741222569621442,-0.07391199508595903,-0.051966647877275354,-0.678827500902481,0.008404337592554857,0.26817950329115176,-0.11558676067780226,-0.12716914767357929,-0.09842020379113313
2654,-0.009531974446609165,0.0,0.00319079644279836,-0.03232954213136774,-0.009776640265987869,0.3874879138653827,-0.19072293845563137,-0.08784207003892604,-0.15810075735572382,-0.06766483163164351,0.08072804735965766,0.0017128778015325361,0.039066179606971105,0.0,0.0,0.0,0.0,-0.07883654898072777,-0.05377067083171558,-0.024924454622399343,-0.11426378352185891,0.3119433515865908,-0.29613678385536524,-0.011574592402876381,-0.21691654590571807,-0.20934935473120242,0.016244901826895163,-0.0003853957208570627,-0.041515966493956474,0.1274075991193684,0.11912257534935383,0.020810435799113226,-0.019369924013508063,-0.09193051445103509,0.12043284865332278,0.08230567494154999,-0.6266406889850785,-0.2152233132339739,0.0327649398714693,0.11885363367647914,0.0,0.0,-0.21714947706793117,-0.4889089893928989,0.007996489319080669,0.01720522718868087,0.1853697186146536,-0.07311770293069081,-0.1327737963057393,0.0644275219266872,0.040186365703589536,-0.04657180868061004,0.035847357225994574,-0.05856017815938879,0.03289997039970133,-0.1884532899058145,-0.05172839517415015,-0.34448458717639435,0.0038294510993208196,0.16449782073904726,0.043795365291058125,-0.139851533792953,-0.06936213843975424
2655,-0.007587692855302775,0.0,0.008035653060587688,-0.03572264510787918,-0.01655784703789257,-0.23106063349110267,-0.23463319051664208,-0.08809445850524303,-0.026209109033399326,-0.05333581358961236,0.33560159474282897,0.0011537894728299376,0.018253788873684344,0.0,0.0,0.0,0.0,-0.06884758492439708,-0.05617646824602681,0.0017400307787350687,0.002495027799484409,-0.039280157050350845,-0.30334647956422756,0.0507230449702692,-0.49373330889765144,-0.23275758487473505,0.03782660911019529,-0.04448454107466071,-0.00929216485318488,0.13262605668719785,0.07915913363332804,0.015779468119180365,-0.04892895845499592,0.09685204755727993,-0.11446524709786836,-0.11299449539309156,-0.7688876810004289,-0.15371288126756533,-0.007899847068296877,0.12635492035891246,0.0,0.0,-0.222058814769092,-0.47349348268907737,0.0067182254022206955,0.0010873682192994087,-0.19216686502352737,-0.06224818257403919,-0.19166918386810103,-0.1950196328230686,0.169334015543188,-0.030133143570694874,0.038885687084435544,-0.061070843651641366,0.03859724236625149,0.0716369532899264,0.039318635428426556,-0.6738532890280488,0.010599928455325638,0.32158089806337026,-0.20512598097987914,-0.15363845098506157,-0.10399173256534958
2656,-0.007587692855302775,0.0,0.002657313135555366,-0.025156588810149347,-0.01655784703789258,-0.2257069584021851,-0.1706385231452727,-0.10104698432343459,-0.08255168785750332,-0.07249450805955872,0.3365467439704691,-0.00015543839733289633,0.022830103409028576,0.0,0.0,0.0,0.0,-0.07196013406314825,0.12234399395606498,0.002436424800436773,0.01542596037485594,-0.057340303581098165,-0.34475538824976376,0.04945373938923542,-0.08411430144886209,-0.2654428489577702,0.023168221035376007,-0.056360801811484396,-0.02709114066959666,0.028230058365996784,0.09071690190328426,0.012691754795280537,-0.03441373126742237,0.06917122459258954,-0.1373489590851973,0.011593634610449915,-0.7656571257743048,-0.16630515734196485,-0.007899847068296877,0.12656162845869945,0.0,0.0,-0.2791590664143386,-0.47566796589784816,0.0067182254022206955,0.0011926675328444004,-0.21860541341857673,-0.06517772036816279,-0.18382467050126075,-0.2023295827708994,0.1908818818098665,0.008679907833077942,0.07767982253068599,-0.059035001398297926,0.042465343558652495,0.11009976439996282,0.045011447671385874,-0.6972417409828552,0.009818566380757489,0.3225169883272807,-0.20906713551665018,-0.20310445298372556,-0.10390380149727174
2657,-0.011545580163984175,0.0,0.0019449322630775252,-0.03147077282144973,-0.01655784703789258,0.0032445305440948436,-0.17911601582501402,-0.08361467923963233,0.03195366647539673,-0.036600135320258284,0.46369747585443877,0.005542424630852385,0.024541687808009676,0.0,0.0,0.0,0.0,-0.0858911808645701,-0.0686215043338915,-0.0013534982188875971,-0.06089882258111075,0.07211082716587042,-0.33623448311941845,-0.015942406917090562,-0.023906677433482442,-0.19107162228704305,0.019967971285213895,-0.05233026769852862,-0.01962098637134259,-0.0001259591617470755,0.13032082956775215,0.025616303233000688,-0.034590717036191584,0.06316772936767653,-0.12212178846634407,-0.0016563299213635842,-0.7708832851804419,-0.09055486966905545,-0.0031714345731916195,0.12065886591340011,0.0,0.0,-0.2515254145346539,-0.4708240661315627,0.0067182254022206955,0.003367429426588431,-0.1651987885017534,-0.05572550391061253,-0.06350526612859204,-0.12864736167302865,0.28984005615719344,0.014425492578432102,0.0544158187120153,-0.0571378317614802,0.0555148314350214,0.10836697058088546,0.03579461740055523,-0.7590930087459979,0.008497403161656788,0.31222270638946564,-0.22293948997479546,-0.21524240699377406,-0.11587719777062293
2658,-0.009531974446609165,0.0,0.008081400770768254,-0.03391880711512253,-0.018349211681243247,-0.2223819562837098,-0.274436645930853,-0.0657127938745643,-0.027344232546826375,0.16466779172774346,0.38268575743270067,0.002083669892397997,0.11329579275831203,0.0,0.0,0.0,0.0,-0.0734351233409925,0.05049391887334133,0.0010909874862058038,0.005763397045083999,-0.05132653393774693,-0.343630147007047,0.05386594915605293,-0.3056799953196032,-0.318321101190324,0.02981366990897529,-0.042484170917102174,0.005773754246277176,0.1575556510942388,0.07820850809993098,0.012326787014503026,-0.04612955400147933,-0.12366016784676163,-0.07158898402635784,0.031046304216434752,-0.7501821880697158,-0.20538162082997136,-0.009842258394855325,0.17808608574429566,0.0,0.0,-0.272439175810739,-0.49257032900868897,0.0067182254022206955,0.0010353861787979184,-0.1721678895100056,-0.06359360692327651,-0.20474260648485673,-0.23058530654629794,0.16216757227390757,-0.039464409521927785,0.07507583968084529,-0.06548058689092816,0.06012853838179478,0.07811205308443746,0.05183675826281319,-0.717387385805702,0.010110916819353461,0.1691125822962138,-0.15287899324851764,-0.06432431170594075,-0.10056519068590887
2659,-0.005301242364733377,0.0,-0.0003262325961049964,-0.03171102161746238,0.0010709735095471228,-0.1760059961776756,-0.1209371019891188,0.027206976469508676,0.1274257698508883,-0.04170608032484984,0.5400075386305708,0.008445729855080141,0.015858684368317784,0.0,0.0,0.0,0.0,-0.08510092593103646,0.12878614083922482,0.008522783971670429,0.17189316662053053,-0.033519786248159655,-0.24526065430182062,0.11510618190967757,0.07319973005214221,0.041170104032518,0.020849398005132188,-0.04365173024954004,0.029770876453837584,0.1522932034779457,0.14880810070795616,0.17511140814591178,0.09035168644864877,-0.061129187776188136,-0.1440079909020448,0.07516442747915676,-0.7233542507182806,0.8930195596666423,0.1587432734445122,0.10796053370378836,0.0,0.0,0.040706859692329386,-0.296935056311163,0.0067182254022206955,0.0014285524897838992,0.49504392891805743,-0.031480470696853606,0.18564979126448766,-0.2888945214918795,1.1750106715062918,-0.0003226072848736143,0.13823791261606685,-0.028687840784231044,0.09133240615425584,0.0631296996148499,0.07188438600050905,-1.0427399838729168,0.0054674003450071035,0.4355822809345509,-0.25947292869848465,-0.21472564230684635,-0.10392924725269558
2660,-0.009531974446609165,0.0,0.0035154174142916538,-0.029589645513928862,-0.010676141456556645,-0.23680231674418398,-0.23955116631545734,-0.08993812899208123,-0.14037265288414436,-0.004003828360778744,0.31100289137584,-0.0877879282760969,0.06683537498217287,0.0,0.0,0.0,0.0,-0.06913751517640657,-0.06763933001191091,0.0009315737441588888,-0.15660974552134388,-0.01916124011375018,-0.3323733474438492,-0.030718705417417967,-0.15098014861819786,-0.2720993522500751,0.03229011618623171,-0.04805557032680052,-0.03997652148780612,0.14213962862105334,0.1033472384396034,0.05935340381696377,-0.03279795988496169,-0.186017280651277,-0.10298080063924425,-0.046208952787870405,-0.7604515991756471,-0.18624783262139719,-0.006200341960453753,0.12406468725643592,0.0,0.0,-0.17727136826680961,-0.5110523298222448,0.008105461607501209,-0.0002429072716238962,-0.07683894082113814,-0.03321176470336973,-0.2269969752857151,-0.12290386900138142,0.19761503807011976,-0.040802133414748566,0.036666624673194204,-0.046541703272736545,0.02505602388553926,-0.10816367936192843,-0.051071642099706424,-0.6637553003451588,0.0092027318130695,0.26638702385410784,-0.14943454538172318,-0.13770941752218513,-0.10834706187755574
2661,-0.007587692855302775,0.0,0.0052299508456775156,-0.02883813328866829,-0.012315980325685705,-0.23753642540505993,-0.19709366393822064,-0.10170980761648536,-0.13079190893471115,0.0188697378594192,0.08278597318001932,0.001687088690868048,0.02515830104471799,0.0,0.0,0.0,0.0,-0.06979187107620602,-0.06325776664973223,-0.009924941970756173,-0.12732371920413665,-0.030238552024587473,-0.34152779482902607,-0.020361920190520664,-0.14028179395256082,-0.24265546273643177,0.03853406089871936,-0.019298762353640836,0.008576601552959312,0.12202560674183412,-0.08941349591083304,0.019396247689648045,-0.03284494689642231,0.11668157853400862,0.05503592454826151,0.04714302744615809,-0.7857248868964714,-0.13909789790561267,-0.006200341960453753,0.11516469945258295,0.0,0.0,-0.2708935000939017,-0.4900733905887516,0.0067182254022206955,0.0014277073325700694,-0.008966761320420019,-0.06524081146552645,-0.11832949176915387,-0.16600749573617943,0.09653356636711155,-0.03398066220140402,0.03849219732014463,-0.04873377428501819,0.02707124421487554,-0.12300160323388237,-0.05008713508741947,-0.7070218332850331,0.012610074474546856,0.3005804236513455,-0.13487865199172966,-0.1874736065428612,-0.1262218545020878
2662,-0.013316562904938678,0.0,0.001495056105563317,-0.03294280561914829,-0.01301956859647481,-0.2168342849666809,-0.11872367705005984,-0.11270381118000837,-0.18535856054158711,-0.053277904626954656,0.034233991658190494,-0.01983321622919332,-0.11113406869239469,0.0,0.0,0.0,0.0,-0.09500877556002622,-0.07493022261510969,-0.01699366250624115,-0.12110395637099228,-0.01493569003538127,-0.4039070746901425,-0.010892916029741326,-0.22577452971725231,-0.20657098241688673,0.06366586660042449,-0.08318427792452777,-0.2671991557512762,0.10780215003175166,0.09059420283976517,0.05360909496519999,-0.021323265954859238,-0.11873194683997874,0.07921874573954261,0.11018402114985366,-0.7742921980652613,-0.20496471781861075,0.03276452579096365,0.11231959506662176,0.0,0.0,-0.23082494314545837,-0.5207769619005758,0.007606545721673009,0.0005043106069173843,0.11816109297414096,-0.06563827906983087,-0.1180793103762314,-0.04051115648966231,0.03631267397837651,-0.04672591440319107,0.03734854645864454,-0.06214043223668975,0.029287168309063576,-0.16341062881844762,-0.05224566169962765,-0.6309370115340074,0.0032559387895293216,0.1323172037508726,0.38507774391157146,-0.16963919112864195,-0.0689323851511511
2663,-0.007587692855302775,0.0,0.028170815109867187,-0.0297463029828603,-0.015659851887757252,-0.21274064649218316,-0.21884347484720887,-0.09881749437476973,-0.06429045046900986,-0.015298034893935365,0.3840155486014039,-0.0021572139985737396,0.025311086405069128,0.0,0.0,0.0,0.0,-0.07211020767969177,-0.0598172111489634,-0.003284872978764122,-0.16199342162108762,-0.023288693139520252,-0.3696340554552124,-0.024487977193533635,-0.10013641463278652,-0.24124616784743433,0.016781228172935644,-0.06584616452194658,-0.20942587313735667,0.09962256022274998,-0.08902260264203443,0.016913051005096803,-0.03237963088554115,0.04434723340784812,-0.1343879155590617,0.012864279028162527,-0.7797334766524364,-0.1380943292779488,-0.006200341960453753,0.12336880830686404,0.0,0.0,-0.27805786457841103,-0.4851346911716034,0.0065890364231437236,-0.0021417130696055327,-0.07492422033839131,-0.03368470045678847,-0.23246960165736366,-0.1894405372645028,0.13874022320047594,-0.0349586345119206,0.03851522811957286,-0.04998092345447217,0.022609705994353652,-0.09065337370437725,-0.0493189334400422,-0.6561620288651953,0.0194203363288967,0.31050580075832585,-0.114411742861915,-0.20612716012075163,-0.11636307415653
2664,-0.007587692855302775,0.0,0.002078497756898262,-0.028918164504670645,-0.01322385677748928,0.048561396500851374,-0.2135405346383153,-0.08741443025885845,-0.15570352705470214,-0.015922424725652168,-0.25322374991144975,-0.009658084090052641,-0.01943555838108292,0.0,0.0,0.0,0.0,-0.04510896539384113,-0.058600643480586516,-0.002179395124363112,-0.11956200026343489,0.05800647860274396,-0.14881182458692216,-0.012099082939855262,-0.5357785479360432,-0.1975774663651691,0.04364991696647637,-0.07719740770626886,-0.12085987528909205,0.09473120640503287,0.1572858414327745,0.05783823108986714,-0.03231629572970016,0.13650735596904837,0.057377510721292935,0.02071981123159629,-0.7851081525353445,-0.136892785938046,-0.006200341960453753,0.12607418871138593,0.0,0.0,-0.222480656925005,-0.4933115523936718,0.006589731467663193,-0.0028374848786482556,0.01923237212876412,-0.061475331310382395,-0.08981948877836302,0.002152301026098055,0.11981098795617588,-0.030268420909663914,0.038632248723120224,-0.04435505671248982,0.02130731732534043,-0.14449688669445723,-0.042628717879537856,-0.5960622533971222,0.009200139251908306,0.25628107414008255,0.0055321869018312405,-0.09799277980924712,-0.08939899741146687
2665,-0.005859936625124911,0.0,-0.0003262325961049964,-0.03171102161746238,-0.006465669882400074,-0.22273641533589664,-0.1619613735778883,0.022651509645877678,0.12623929082378355,-0.05665649632686655,0.5182216871036048,0.012448956214398541,0.015210708173462529,0.0,0.0,0.0,0.0,-0.09541123121629647,-0.016720758429915102,0.020925476262368223,0.17885151356679474,0.07987541424645651,-0.2670150794353852,0.004182617023412217,0.03850020722851094,-0.005766500421455965,0.020607520055962104,-0.0399036657826851,0.06918927390155984,0.06100059730347661,0.13383504040534588,0.1640673596810616,-0.031249829382482594,-0.10597847216335968,-0.14428292457479314,0.06346563918746462,-0.7561365238302602,0.7201221668560579,-0.06836512682135684,0.11258359389355237,0.0,0.0,-0.30097988440892004,-0.3564157478703191,0.007101005449549773,0.026447190233163685,0.6220357245136443,-0.04197872323499497,-0.07511589942785839,-0.2545845181098348,1.02828707329151,0.019027273159325498,0.09505329832899638,-0.08992805748551368,0.0961667088687724,0.11053472715810088,0.0709612769586297,-0.7354453965266097,0.004491817469919562,0.3974833701114065,0.08595592033871702,-0.21309683490856413,-0.10102077781273776
2666,-0.005859936625124911,0.0,0.0024995704905874244,-0.040429387600502756,0.0005466501334618959,-0.1927111649453077,-0.19571626281112217,0.0004878729717796845,0.11774352548825871,-0.08654296421768418,0.4160532449095155,0.00016744716883426128,0.011144743462418548,0.0,0.0,0.0,0.0,-0.09541123121629647,-0.05062903548319934,0.0011620814624107405,0.07581653289315717,-0.015001763273303763,-0.24416345757103183,0.0004505901306421211,0.03045203387277752,-0.23213074840826314,0.01932151316836788,-0.042694664428257985,-0.014909856143168242,0.044372369874622286,-0.09170644573124057,0.06525488801665154,0.04728494376611502,-0.11607200491085251,-0.1359625028764278,0.094166970631806,-0.7750293225585692,0.7143135691194635,0.026106585746092287,0.11329744288015171,0.0,0.0,-0.35265397528584896,-0.3490453476718408,0.0067182254022206955,-0.0004205596818086344,0.6551291835675808,-0.054378947491605524,-0.09053348276049396,-0.31031923574866094,0.998825789531436,0.01913246122433999,0.10425373380848688,-0.07848547772206423,0.05879464199407245,0.06051405293797819,0.04330010331503536,-0.7684046698292989,0.010355735478377955,0.41860641782507096,-0.23645520188138108,-0.2436994721878968,-0.1334204957564146
2667,-0.009531974446609165,0.0,0.0014069282237879714,-0.03243541590117523,-0.016363440158546357,0.1205946576783608,-0.22603217243703846,-0.09357882534973354,-0.1526873073635659,-0.012655181003021553,0.2040664991514609,-0.01151380752357628,0.11166670409599813,0.0,0.0,0.0,0.0,-0.08500201035813545,-0.08523157642199813,0.03165207551318125,0.1098943384831586,0.03660011480340881,-0.36220327277081105,0.06560073069290397,-0.14857478362754903,-0.23919169809312388,0.042990274778289435,-0.03105446628647049,-0.09307477627537755,-0.13287050952720914,0.15294368330628613,0.012098766027854478,-0.021692431228421877,-0.11981842221775092,-0.014393520165765866,0.24943740620626745,-0.7624858898796032,-0.2752949052807314,0.05120764660560432,0.1055832227815279,0.0,0.0,-0.26912011448452283,-0.5121489334108623,0.0067182254022206955,0.0012476602497503533,0.0025760309150375947,-0.0648009907159259,-0.15354909225816687,0.043503215945108746,0.08214918063886881,-0.03247369326893874,0.045244766943129136,-0.04136442538809427,0.045144802612801516,-0.15090825397926524,-0.0517278043034152,-0.6427364615202742,-0.00028247570686328,0.14356966260963655,-0.12530439408237362,-0.18401790217538186,-0.07677502973395244
2668,-0.006334057653495211,0.0,0.0019449322630775252,-0.035985201969750066,-0.006989993258485303,-0.19103889665061938,-0.2752149802825197,-0.09182458373258523,0.08771656913245209,-0.06414698739571642,0.46767887474154074,-0.0063859059581124885,0.02409245954659589,0.0,0.0,0.0,0.0,-0.09389250375598879,-0.08244860834604743,0.003132602319732957,0.16413726059157868,-0.03562414665693772,-0.21193336876133245,0.0003629184657247108,-0.43807201023954545,-0.164878196431397,0.03584472349094283,-0.037835980491833274,0.009849011152665213,-0.040781276202153084,0.09861668126601655,0.06579280378160175,0.05013470653288419,-0.20562901742158107,-0.10953406232355774,-0.05592901638020248,-0.7698577296962635,0.9037715776451187,-0.06865846165414448,0.12864105323966368,0.0,0.0,-0.1867214793843464,-0.35842749787645206,0.007101005449549773,0.013819585788956437,0.561838446574367,-0.059364952173722556,-0.09906159478364457,-0.2911465748288099,1.0023824198937563,0.012734300160578436,0.0836925286493938,-0.09224370050391029,0.06846163887605511,0.09503254608552571,0.04009025948312996,-0.6859323744089946,0.007017636033143865,0.42689224014493954,0.07236019280913832,-0.17874295478850127,-0.11596893978012651
2669,-0.007587692855302775,0.0,-0.0003262325961049964,-0.03384735858890464,-0.01655784703789258,-0.21152348895899692,-0.26322448499698825,-0.0015907594485881776,0.06592891978406328,-0.042647697589503535,0.4443480365416848,-0.0033044414519866287,0.05565141985699339,0.0,0.0,0.0,0.0,-0.08578718326958623,-0.0501008418686654,0.0015678555648025554,0.08499213297757792,0.07981250674246215,-0.3502161621911987,-0.012352553013520689,-0.12088224942529376,-0.23230627782771718,0.034708871965184386,-0.05078878177413509,-0.05549016316907402,0.0034963001197368558,0.09206838058298919,0.05944581536553307,-0.03435586292720911,0.06477154464886083,-0.0933814099732393,0.05140504452031127,-0.7595328899171828,-0.18822201839599773,-0.007100832187820855,0.12822244250108392,0.0,0.0,-0.26536603312246054,-0.4666351451843302,0.0067182254022206955,0.001443486255673841,-0.1520050263420877,-0.07235026244120274,-0.06353533098480807,-0.20372571569757597,0.3177601180848103,0.013078125195938704,0.04378430131836163,-0.06875283106915711,0.05655817802055824,0.09203010593480933,0.04251386237326453,-0.7320786841512232,0.005210204911981349,0.30437012809753344,-0.21343360668363584,-0.18826876162183848,-0.11230645964562033
2670,-0.007587692855302775,0.0,0.0035154174142916538,-0.02662267296761365,-0.015659851887757252,-0.2278870098650613,-0.21184318158023824,-0.08411053358226449,-0.13227921606439763,0.012247288960444642,0.23434860238082375,-0.0003805719633221696,0.03408494040996603,0.0,0.0,0.0,0.0,-0.05823306010044943,-0.0581739511337917,-0.004127709993537249,-0.1216640909882806,0.016461367699952704,-0.34759248944408544,-0.03164474746277639,-0.18093882774859973,-0.25084319927073734,0.018424859307046057,-0.0557894398708001,0.004476567835112,0.12032954553079507,0.18606784614450705,0.020438355420990557,-0.03201766217761221,0.11036554267387211,-0.13213485672431632,-0.012381703672437782,-0.77296674751962,-0.136274362841452,-0.006200341960453753,0.1966273298349329,0.0,0.0,-0.21832313986095245,-0.4846212240927748,0.0076137092717515915,0.021815433764879228,0.012819765603263982,-0.06715974170337889,-0.22123916595294527,-0.09193546008278286,0.23172989244055284,-0.03516457668966789,0.03957150164031081,-0.04996773761775869,0.03074769756165831,-0.12458447392353066,-0.04726415918379747,-0.6272706163787765,0.009509574510426172,0.27908333461432805,-0.11606946455611439,-0.17827699861014587,-0.10430155726986337
2671,-0.009531974446609165,0.0,0.008081400770768254,-0.030778701986734176,-0.015090104709638601,-0.010156892531131194,-0.18030893561907368,-0.07506380498489323,-0.10047562527266803,-0.04876305699222954,0.06974318130982703,0.013013858330346146,0.11633640577685078,0.0,0.0,0.0,0.0,-0.09528933472767102,-0.08106773072597662,-0.021122000322165806,-0.12456201439164717,0.10906880879512883,-0.4024269670755884,0.013027325397851529,-0.14036844893776385,-0.25859997775074955,0.008703483303529616,-0.06906837131947134,-0.014050043110058152,0.1384268023168866,0.12319513836903388,0.016591193549150524,-0.03280501926328236,-0.0691406272736658,0.013490290118271318,0.23065062008495357,-0.7674093683946241,-0.21836746906830234,0.03274818269781649,0.09415008221204464,0.0,0.0,-0.2333962764682043,-0.5099001100593595,0.0067182254022206955,0.0023724721668250113,0.06935286463117121,-0.06027781135640441,-0.12037215102984569,-0.025269366805912616,0.0415716857347843,-0.05023156380875149,0.0458929679094244,-0.05474880178683724,0.038957202913773796,-0.15235949576545246,-0.054204905307125927,-0.6547880127135062,0.015644882906935133,0.12810141944510514,-0.193438368650093,-0.02417809942286889,-0.08066525922825162
2672,-0.009531974446609165,0.0,0.001495056105563317,-0.034662003596692297,-0.013019568596474813,-0.21552522501661792,-0.13368094491097948,-0.08893270300884171,-0.11349602555082709,-0.06349921930590102,0.08932558901192943,-0.003402862460123047,-0.10623368692368139,0.0,0.0,0.0,0.0,-0.07226753434420341,-0.08928684756552976,-0.018261297448497527,-0.10720084117799228,-0.015355444102094605,-0.3088533019152953,-0.022191905589721762,-0.466471514527072,-0.2538976134109916,0.030451378699997606,-0.00856306144068808,0.011454833473174839,0.12688807058542334,0.1136047606589049,0.026098150439075877,-0.030986201486614157,-0.09209934069039175,0.08044984334010591,0.2625018583071499,-0.7883068604270217,-0.21592201862144444,0.03274818269781649,0.11348781609986813,0.0,0.0,-0.12314452323230918,-0.5173273177348534,0.007996489319080669,0.03679687788780594,0.09934998014633499,-0.060039793553163544,-0.09364905290828943,-0.07797459738170177,0.05130395523577948,-0.037913345373344176,0.03947137604012182,-0.07886315911314241,0.04288989616461506,-0.1618692277483565,-0.039642958862547435,-0.6660395391105683,0.0044620471435856315,0.13124398630640757,0.03783291903168266,-0.09992711463758375,-0.08000974853956369
2673,-0.007587692855302775,0.0,0.0010683642981249126,-0.031086651188599306,-0.01322385677748928,-0.2122789528417171,-0.12261350880511816,-0.08089027943226058,-0.193146351883604,-0.09899785739170049,-0.3350126994797918,0.004847711674841969,-0.017949264397948604,0.0,0.0,0.0,0.0,-0.057804887138800554,-0.05897652636902327,-0.0019487180700036117,-0.12077114517605206,-0.030259993262200215,-0.30510383395062635,-0.013114015642714322,-0.3496284122586004,-0.18813111661924098,-0.014665177574846196,-0.06670109500850926,-0.01844939876257237,0.10516592726000591,0.06606014252807418,0.06113677284436171,-0.03160917886041888,0.09531242284348868,0.00011541850893164059,0.15810796845531988,-0.7371223863886749,-0.1360533143386416,-0.006183584786800948,0.19534033557888808,0.0,0.0,0.13551075442002114,-0.464946945547747,0.006945577113799738,0.009549098439075976,0.13770546467695355,-0.05881245424470995,-0.08467936948327313,-0.06676796357984732,0.11124036022359385,-0.03017432255877639,0.03963848095462848,-0.0443602797966652,0.024814660375279452,-0.15311912945327855,-0.043326724044531875,-0.6149750758744216,0.0061209228929760984,0.20135977651928588,-0.10121782914579906,-0.07275239732082937,-0.09253309079912062
2674,-0.009531974446609165,0.0,0.0030419589427501566,-0.032604859861142144,-0.009788319081825621,0.017629969882718408,-0.16113411373021685,-0.07778077184486225,-0.10944792719494333,-0.0951003464585893,0.049997868130136375,0.01525471569910392,-0.1518337827083467,0.0,0.0,0.0,0.0,-0.0887131743296435,-0.07827176542614564,-0.023994319752732553,-0.12287148682206984,0.014495153764599042,-0.30878426513583296,-0.022065212566686435,-0.13239305510358598,-0.23172888187781984,-0.02836349611134666,-0.07161825281227152,0.009644633370073078,0.11255061357072797,0.11894197133657955,0.055398797985518694,-0.03163758666346576,-0.049196249350402274,0.027982531356424107,0.04712072521212319,-0.7314397162531537,-0.21449567676326847,0.0327649398714693,0.13137799225822347,0.0,0.0,0.08904674189219429,-0.49262837790152775,0.008487237064423038,0.018264977684225855,0.2312014498041204,0.04750422380790135,-0.11741121290762753,0.07380965920165145,0.030537396114440358,-0.03617822963877207,0.04213976275389756,-0.04423561768032041,0.03043952244483986,-0.16689582814066173,-0.04814767191674676,-0.6278419375054051,0.008895328811948171,0.08693077697275933,-0.1521489481679815,-0.10934012967179464,-0.07664730005482394
2675,-0.007587692855302775,0.0,0.0019449322630775252,-0.040640790029255094,-0.014121851927624607,-0.22269673883154212,-0.18659273369873783,-0.07590581618013606,0.02399113283026726,-0.041362998183624274,-0.28059053283263574,-0.0062169207728239055,0.01201004399686634,0.0,0.0,0.0,0.0,-0.06445963491687523,-0.06360163752815588,0.010878495239995426,-0.049314164618891265,-0.0329485198477969,-0.37090349155714714,0.07328777256709584,-0.06840460299433575,-0.24003246050379828,0.04468149693677659,-0.07296698982798491,-0.04585097675097732,-0.04118535363342296,0.06520365841842424,0.02685680634428929,-0.03126907152857712,0.049723464116742326,0.004625247404303114,0.05623511853691262,-0.7710177416773996,-0.11424098463548206,0.001769562556331791,0.12319484547410027,0.0,0.0,-0.30911978698533465,-0.498636091506063,0.00659299537044111,-0.0019336593586581072,-0.136531228049221,-0.07854407693673779,-0.0665245645956687,-0.2187517407804208,0.051774206727156886,0.011075834141605689,0.03752976645916254,-0.07476510061405191,0.041138094967512404,-0.1345495768983848,0.027478708411470484,-0.6473300672638356,0.004865590062228153,0.27955110940854705,-0.12592617716673507,-0.15713734356138284,-0.10767344998990447
2676,-0.007587692855302775,0.0,0.008035653060587688,-0.026325779570957702,-0.01322385677748928,-0.2216915760359962,-0.22190521987441908,-0.07929190978540511,-0.08639179722777954,-0.026977709993397127,-0.3121962616327801,-0.007576941430523795,0.026211688227264135,0.0,0.0,0.0,0.0,-0.05165759669301913,-0.05874734776268888,-0.0011435331677549145,-0.03964708130215063,0.0298243407537863,-0.3170706250817277,-0.01070887406221678,-0.3321673941597682,-0.21500860100458094,0.04139665526005865,-0.007502317655805984,-0.012948640873777797,0.14151899726114814,0.16809720102024184,0.015620397328517934,-0.04514558633254905,0.13478325019113874,0.08777722195093193,0.04111241607137576,-0.7765160699307316,-0.12103056292951773,-0.006200341960453753,0.12954190176766708,0.0,0.0,-0.2901487835794881,-0.4912555348226221,0.006719811530716331,0.001325313417966509,-0.013274622904094955,-0.057874343056550315,-0.05390965430967476,-0.10566268703214607,0.09152491392410451,-0.03191988861352197,0.03709143737744611,-0.02804610980559573,0.029983022263913185,-0.14416117453888438,-0.04210118636322526,-0.5922162658219048,0.00891999785486552,0.2527964892048735,0.00811604447870916,-0.12307534057455907,-0.10268475361116497
2677,-0.007587692855302775,0.0,0.002848857948897319,-0.029328475958296598,-0.01322385677748928,-0.20045502344322916,-0.23955536225193438,-0.08014476778694553,-0.08887102745031406,-0.029236998521537532,-0.3036367845225535,-0.0027732578206048123,0.06879106747439766,0.0,0.0,0.0,0.0,-0.06481879136493977,-0.059849337893909775,0.013933769169042994,-0.039891191601501744,-0.018019082666846223,-0.3680609790762455,-0.011204839635835562,-0.23679106513032702,-0.21025220716928641,0.05496802746032115,-0.08097286415333359,-0.056762427086163754,0.16066366432705445,0.06478773991182647,0.014940192926884435,-0.045287670125163125,0.0807771991298243,0.0226648877845535,-0.027072906172343,-0.7646463791507002,-0.1445856505269473,-0.00498777962104528,0.13011269131305503,0.0,0.0,-0.3078569639912217,-0.49878560470912287,0.00659299537044111,-0.0021022349945072206,-0.007930507964713602,-0.06253741276446241,-0.053348652888378666,-0.17213255138144876,0.09931284799213737,-0.04036700213483922,0.03903085831308294,-0.04188326402291008,0.03628533314923927,-0.12234249681935491,-0.04966525241780632,-0.6317733918833851,-0.0003705429790127932,0.29612246288890154,-0.12380204834163065,-0.1283115069338538,-0.11193871035390267
2678,-0.007587692855302775,0.0,-0.0003262325961049964,-0.0281720865504568,-0.01655784703789258,-0.2400309777481544,-0.2236936836614549,-0.06827841432665568,0.06172804077182789,-0.06678367056122601,0.3721869743456499,0.008264608579032265,0.05250606256681211,0.0,0.0,0.0,0.0,-0.07282851185520321,-0.07168104122767166,-0.0028606368542791367,-0.06451541274698279,0.08183606880464,-0.37773277436756836,0.05161758390171715,-0.06187596098204348,-0.2007389422441869,0.035861338039054086,-0.050714588582127025,-0.055292424605061334,-0.07155684276255621,0.1309337745010745,0.0036049860246661,-0.03447682829923085,0.06890112023254531,-0.096150283483606,-0.20382392723340373,-0.7591424003637323,-0.111254200205407,-0.004104644845430395,0.11869738172951078,0.0,0.0,-0.25250549648519055,-0.47113359440886865,0.0067182254022206955,0.0026868011146809045,-0.24780208961260336,-0.05524382582091521,-0.21744378950662757,-0.22007033461892309,0.18533292194474132,0.006169057665012819,0.04874001663768065,-0.0758556776020013,0.0485883091175033,0.07180191259104984,0.0394940571305946,-0.7055079405396146,0.009381842401103107,0.3129683477213232,-0.2314882382829228,-0.19813883183739503,-0.107822083572848
2679,-0.007587692855302775,0.0,0.0005775839704422533,-0.03000884999524522,-0.01322385677748928,-0.20512731005137333,-0.11617747201865464,-0.07667839258099884,-0.10972804605020162,0.0451025264285552,-0.30724915997664176,-0.0022855446478240106,0.025649012692480856,0.0,0.0,0.0,0.0,-0.06250091286266933,-0.05897652636902327,0.015349620220069337,-0.03272715215244639,-0.01926073707353612,-0.3272753567092457,-0.0076916755721076115,-0.43772819916047356,-0.20889563552473078,0.03971050363229218,-0.0717721282600417,-0.01611766244405653,0.12695774952028804,0.07408660792873326,0.016818478347186527,-0.045287670125163125,0.08424982760055778,0.03226193699123768,0.0009259070870851911,-0.7780237150128729,-0.11521900779621522,-0.00498777962104528,0.19902998501572908,0.0,0.0,-0.25194702634771887,-0.5018124772256023,0.00659299537044111,-0.0021912175556870863,-0.015461166224947637,-0.058589199467652495,-0.053262389223045555,-0.10154874595358998,0.10600347229327414,-0.027442103374529916,0.03862637807363982,-0.053189497402553354,0.029880866249779117,-0.13812062130395933,-0.04165463532475097,-0.627954251506714,0.00204688026615539,0.30270373531809003,-0.11015544746602107,-0.12469499750398277,-0.1077438256019381
2680,-0.009531974446609165,0.0,0.0034123276244240166,-0.03427339048066703,-0.012315980325685705,-0.2277333484463021,-0.20949147160093537,-0.09490647348038161,-0.11938231494580137,-0.05086981290795202,0.08856137279471551,0.0010142474631589277,-0.14425258491655266,0.0,0.0,0.0,0.0,-0.05893704914227796,-0.06996241608565455,-0.003656755979644802,-0.12252986239087436,-0.0521992103626849,-0.3434965612116099,-0.016298296419524128,-0.22757680562504484,-0.24934935158135532,0.05457150153044576,-0.00889221924597536,-0.021420034097084827,0.1544878528090587,0.21103714510817725,0.020777025444366232,-0.03279795988496169,-0.13685152605145853,0.09348049067556574,-0.10514863501035017,-0.785681328595577,-0.19959066866495453,-0.006200341960453753,0.12268441408204268,0.0,0.0,-0.261287133173441,-0.5211348657824132,0.0067182254022206955,0.021763451724377738,0.009753486702650091,-0.06269665684144006,-0.10764604681900526,-0.13721864850999202,0.08972724288944442,-0.03663891910863924,0.04086450729152965,-0.04849355213820461,0.036051674361077014,-0.11123820223730833,-0.04726415918379747,-0.6317322305359849,0.0077867215822709605,0.2695082419979641,-0.14923461315202313,-0.09808875855956928,-0.10466818865018862
2681,-0.009531974446609165,0.0,0.008081400770768254,-0.03459892847329583,-0.015659851887757252,-0.22772247925407715,-0.27940321248601924,-0.08543083395690275,-0.08317675429563104,-0.02573735631610508,0.356221666617769,0.0005985514375860669,0.11365277178325006,0.0,0.0,0.0,0.0,-0.07195925511594291,-0.062157011334174395,-0.001254025760084371,-5.383246636794792e-05,-0.03014389017094644,-0.33473328162040344,-0.027393958557382782,-0.2533082000644776,-0.2862279058640659,0.03314433672785264,-0.04846276237970965,-0.041048722345025414,0.17040696358930857,0.0774154648281541,0.018778880650786624,-0.04569615344235645,-0.15015751962835872,-0.09985984765720786,-0.08403849685927633,-0.7540229534781575,-0.2479641335707921,-0.010129739575082987,0.12033824860502225,0.0,0.0,-0.26022665316187,-0.5199992055755794,0.0067182254022206955,0.0014447767906849063,-0.07881132934108574,-0.06139650060193064,-0.21790062027202609,-0.1562092959981717,0.1429964226633949,-0.04321978649870827,0.040505656935202555,-0.04778852825792875,0.034194544797839746,-0.11094460967555816,-0.05464193552111744,-0.6650882836803576,0.009634427588717303,0.30106390660510085,-0.17025916329841317,-0.12231783938555665,-0.11134070166016692
2682,-0.007587692855302775,0.0,0.0035154174142916538,-0.02912472569853627,-0.015659851887757252,-0.22629718024751447,-0.25882031571615716,-0.07377873029419153,-0.14287786409789918,-0.0016964505494427894,0.3076697618161821,0.001515896121031203,0.0661320514672673,0.0,0.0,0.0,0.0,-0.07266597681342352,-0.059849337893909775,-0.00223219756788824,-0.12972813158475177,-0.04660069234249058,-0.32421440136642954,-0.035466564668081194,-0.21269514225844005,-0.26553146275934036,0.03526714528963175,-0.05328853169604019,-0.025471673944133303,0.1429010491946084,0.10439127170665347,0.020275166223123073,-0.03279795988496169,0.11947838249971188,-0.10348677277102022,-0.06790885429716366,-0.7632112722753013,-0.12439972869190408,-0.006200341960453753,0.1971545992254787,0.0,0.0,-0.2619244910600418,-0.4903855206482954,0.0067182254022206955,0.0006120130929275686,-0.08492755076421073,-0.06207779800820469,-0.22412551848935475,-0.12405268074555739,0.2346433548021992,-0.0412532080747029,0.04025205549887392,-0.0560259014710529,0.03059937997882024,-0.1070897193772318,-0.05275726369747581,-0.6456716972781487,0.008023610341796482,0.2748372370301081,-0.15794840227103954,-0.15606912817046945,-0.1075521069865047
2683,-0.009531974446609165,0.0,0.0035611651244722197,-0.030743643871829564,-0.016363440158546357,-0.23159783996364836,-0.2381177280135084,-0.09009709798564436,-0.15520686329043348,-0.02330828536312399,0.29362097762918793,-0.003968138744567717,0.11532569399146667,0.0,0.0,0.0,0.0,-0.09792184667552968,-0.08103147604154659,-0.015509264087539582,-0.02163850240601035,-0.059326513068424035,-0.31935838093382285,-0.025462645859331324,-0.30388554127235884,-0.2957757558423838,0.06655963505605289,-0.04557214703525345,-0.041982240419103665,0.13733713838937833,0.10665225782155867,0.01668295006509062,-0.04554233707225577,-0.05128029547199514,-0.07105152730008166,0.21628333122769727,-0.7526155362762895,-0.2138208020092765,0.03274818269781649,0.10078621140653567,0.0,0.0,-0.18189636232067613,-0.5108843436496834,0.0067182254022206955,0.00016470428871756497,0.08102002338461402,-0.06353606407024211,-0.17189005927252396,-0.1179669672642694,0.08085104328439431,-0.049688705238485106,0.03870219095004645,-0.05150061288386358,0.03534225175407227,-0.15262570558524854,-0.054614702640909785,-0.6733308526526288,0.006389690501656352,0.13169865249700966,-0.15173605174317895,-0.0299350489990245,-0.0704569434851013
2684,-0.007587692855302775,0.0,0.008035653060587688,-0.03214170147125814,-0.015659851887757252,-0.2367546141332983,-0.21070885947334564,-0.08185654325941887,-0.0285995272651361,0.02355026617528129,0.4668063164208477,0.009421353859634057,0.03511704656458767,0.0,0.0,0.0,0.0,-0.07111525776701931,-0.059750147717061254,-0.001224399429121008,-0.13336814158011298,0.07489672944927087,-0.3483645101839077,-0.024195709276084824,-0.1281810325000235,-0.20250175813105234,0.01819775798618681,-0.05112070559614029,0.030084347257083966,0.1505295348717542,0.11943745384277833,0.019184660741552492,-0.03279795988496169,0.09663461692967733,-0.1453804506306808,-0.003283772769870484,-0.7714732828277303,-0.14428104457219423,-0.006200341960453753,0.12719573629064665,0.0,0.0,-0.22832540831942086,-0.47755996347004537,0.0067182254022206955,0.0017161736860922244,-0.0879685460122912,-0.06192104781126133,-0.24114112059896384,-0.14620370088518836,0.14965798202620428,-0.035575480405069373,0.04884873514481705,-0.055641226750501135,0.03311391178599201,-0.09065337370437725,-0.054176260510199796,-0.6708971177002042,0.011016233589571574,0.3130509938992222,-0.13448640055238437,-0.1872908966385719,-0.10760895836361117
2685,-0.013316562904938678,0.0,0.001311932810217035,-0.03262541257012601,-0.010856933026349129,-0.013083948888271413,-0.18643612010392005,-0.07652603564596538,-0.17346790255844197,-0.051938439770266985,-0.39871239162226574,-0.0001427235647918199,-0.15622038785888712,0.0,0.0,0.0,0.0,-0.0757059442600723,-0.0849640978419859,-0.003963119003129636,-0.03196840503856272,-0.058635128200924154,-0.3042981851837595,-0.011841630538276334,-0.27207215483101915,-0.20324251223271664,0.01643582025369881,-0.06832497937242733,-0.02169890302036505,0.09253007687162608,0.14900484063359198,0.05339683099059751,-0.04564091605294685,-0.08616513917528762,0.027523564951753794,0.04392489858102816,-0.6941178903250911,-0.2137335040926174,0.0005225945862378093,0.1491906641639648,0.0,0.0,-0.20613728660017797,-0.5262681629055319,0.006920436421052835,0.0013849372899383402,-0.41090146322179855,-0.07800930283718255,-0.0988630066907496,0.07426480668077096,0.03489099299562588,-0.03823724643541212,0.03409972685307268,-0.05191336990688554,0.030614838746610546,-0.19382148489998063,-0.052696888883357856,-0.5296707032723901,-0.012912295681992545,0.08061211235329242,0.007820297154681946,-0.13960091553318202,-0.07019064165085204
2686,-0.007587692855302775,0.0,0.0010683642981249126,-0.030372918605197485,-0.009084730811036513,-0.009954872136676314,-0.19175450943088754,-0.060581455595733025,-0.10200662727990896,-0.10618238788370374,0.07642831840649697,-0.010060310519504928,-0.03097408083960521,0.0,0.0,0.0,0.0,-0.04921120040754024,-0.05803626245381954,-0.0023550425131316326,-0.12106420778881535,0.005468586658049654,-0.3438333482092854,-0.013870260741950793,-0.18348505374643023,-0.24456862466218068,-0.01595623997175927,-0.0010420382176954106,0.03012090529705655,0.11977766985592543,0.20431806510831754,0.05669277029468005,-0.03213155091457295,0.12365961868293072,0.05748602616498529,0.16615188903072126,-0.7256595104306529,-0.13716664438879275,-0.006183584786800948,0.15414701547237883,0.0,0.0,0.07417492099600105,-0.4568736739138726,0.007070807145579323,0.018096961482175673,0.1284802244912575,-0.06285987906523711,-0.1108645032160508,0.012761763989843073,0.11730784449818187,-0.030476837069401345,0.036634126064563594,-0.049512771040584894,0.028773435124223614,-0.14034913484638528,-0.051002667227498424,-0.6274218280358248,0.006704685929037465,0.2155496848046851,-0.11557496641438732,-0.09358220906313522,-0.09866023853136444
2687,-0.009531974446609165,0.0,0.0035154174142916538,-0.028467545403868443,-0.015659851887757252,-0.22972623889168473,-0.26342294628557744,-0.07887370825116866,-0.13682179686962878,-0.02968942209464438,0.28519439264978563,0.006086572584034446,0.0709540969182304,0.0,0.0,0.0,0.0,-0.07050642350780417,-0.07479992884139351,-0.009209985677473798,-0.13251186534729464,-0.009299074994763143,-0.32526335754556407,-0.03155324339280565,-0.1668888036594438,-0.2679480667153628,0.036921494852124655,-0.0538987194535754,-0.26405549915711024,0.11682913145878604,0.09896165189823615,0.02160117530913955,-0.03242661789700177,-0.14634284745828646,-0.10158471732278396,-0.08339012756081643,-0.7605696042462855,-0.1890885195112939,-0.006200341960453753,0.18553027943285524,0.0,0.0,-0.2254631711539442,-0.515523837765147,0.0074845202926746195,0.018634588371247842,-0.06978935577698542,-0.0583025621698024,-0.22131285358617042,-0.11102574310421173,0.21820894569885155,-0.04064626463051479,0.04159587864484799,-0.018943445560123326,0.03685172521153259,-0.11168285750468195,-0.04733476979149689,-0.7057583058422007,0.013481861457315118,0.24222436460685748,-0.11602312105879276,-0.12000209918626897,-0.09756763852334942
2688,-0.009531974446609165,0.0,0.0034123276244240166,-0.03235840048024448,-0.016363440158546357,-0.21615109316069922,-0.25173402796982375,-0.07206570039302468,-0.13863155991498133,-0.10892932418240646,0.297727544200331,0.017034866030777012,-0.14757964836122495,0.0,0.0,0.0,0.0,-0.07098236834556543,-0.07304709583127769,-0.0126077386578188,-0.12091406223625405,-0.03406015141952109,-0.3440285337398113,-0.030889190296330103,-0.12298258008264724,-0.2556566745450749,0.022647127061852027,-0.04082915983576667,0.005109402338834457,0.14909985308118107,0.10609805465152422,0.022440364009607687,-0.032064649189072834,-0.1357591793209986,-0.08682348779495519,0.009160711318328038,-0.7164894188521638,-0.19720287660987823,-0.005228764049742749,0.1882026740420229,0.0,0.0,0.12087950552850818,-0.49616602179137814,0.007070807145579323,0.018793148177445405,0.1389730220928235,-0.06231522856674939,-0.22316300242740789,-0.14914765221297868,0.1935228815519953,-0.034780522403778824,0.04626751143961668,-0.04835229533213884,0.03742404279962575,-0.13345170407696252,-0.05213520282596657,-0.6535509274988801,0.01128257917045455,0.12859252655808684,-0.16407210576471348,-0.07121315176273697,-0.09309982553296092
2689,-0.009531974446609165,0.0,0.00047449418057461624,-0.03592596759977371,-0.01301956859647481,-0.22189600910349944,-0.23026184827888296,-0.07388319088758671,-0.1124464677932604,-0.14332420960366687,0.07617755333571115,0.008990631009911243,-0.15137876425595495,0.0,0.0,0.0,0.0,-0.0727686374220217,-0.06752580875281793,0.013482517678853822,-0.03320576559806862,-0.0005581883200099,-0.354655855062623,-0.017076165603147307,-0.2976277746928851,-0.246921991214527,-0.009242536908808281,-0.0007108362186768952,-0.022745278430496976,0.1597055879249541,0.08176662599977087,0.01756757831435,-0.04491585573500698,-0.140210376917428,0.05957299114140404,-0.046116685728800344,-0.7243940137934537,-0.19743114587900643,-0.004971022447392475,0.19112808486903995,0.0,0.0,0.11256230036827602,-0.4960221799306602,0.007070807145579323,0.018793148177445405,0.1274939496961488,-0.0605340088551442,-0.10688131829896316,-0.11620052110051425,0.0920499619755044,-0.035719818501874716,0.03951536364444801,-0.050913776982122017,0.03916979986116973,-0.13250758935833398,-0.050975434347290766,-0.6214889458971176,0.0015285828589163652,0.20650489121899793,-0.15826947264781818,-0.05948571218133541,-0.08875111475860384
2690,-0.007587692855302775,0.0,0.008035653060587688,-0.0226326354155228,-0.014121851927624607,-0.23742452889350127,-0.18611420530635783,-0.0907371855075529,-0.08996251280489848,-0.03207808006545366,-0.2733275775322873,-0.0028089256076735142,0.014648972395018564,0.0,0.0,0.0,0.0,-0.06411424260739738,-0.06345493324605352,-0.02528885250609561,-0.1289798952264727,0.04511116598242401,-0.3506390796124278,0.07213374928949201,-0.13990272896459904,-0.12299911887470738,0.044958157704401584,-0.07558557606003861,-0.037569323413757405,0.12790621528355117,0.052705655456142864,-0.00420480771968227,-0.033419166001112104,0.07131478643703876,-0.007851499288410967,-0.04746336646849344,-0.7769887362040663,-0.12368968795550382,-0.0035356879959181162,0.12178054918097568,0.0,0.0,-0.28856130048108075,-0.4828548413750927,0.00659299537044111,-0.002220119124865909,-0.11486311156262997,-0.05114302371577874,-0.05860932617646567,-0.15786458884413684,0.13740656292462025,-0.03485173771719401,0.039897311841601384,-0.05814145271798986,0.032179236048316635,0.14770507126136448,0.03991899245299222,-0.6161467167068445,0.010730399053173401,0.30670288339881463,-0.12009500148504897,-0.16586213732874525,-0.10623309156477201
2691,-0.009531974446609165,0.0,0.008035653060587688,-0.03230220075206654,-0.01655784703789258,-0.24055705024095733,-0.22657310831005034,-0.09112983102250408,0.04226131065578201,-0.04794759562436447,0.3394646116351755,0.0014539686807897114,0.058952693741888995,0.0,0.0,0.0,0.0,-0.07280423939532371,-0.0712006387613078,-0.02759908484503622,-0.16994662895896456,-0.027259253018700826,-0.34791441850761573,0.05076655677083635,-0.15711611421574762,-0.1766829545633706,0.03806213843598756,-0.04414779791818288,-0.05933289103811867,0.16302757970435441,0.07699014046840484,-0.005842931373108786,-0.03601468850040797,-0.18435827221223303,-0.08109318424411338,-0.0610010233122144,-0.7596931198387351,-0.17492029971660308,-0.004104644845430395,0.12980960031722694,0.0,0.0,-0.2767056201125778,-0.5006597986150239,0.0067182254022206955,0.001280557760726043,-0.20867045229398465,-0.05555885646121783,-0.2164656056939594,-0.2230978891745352,0.1407673697954861,-0.041466039828553465,0.04365826297608826,-0.06278742848102996,0.04559330651958383,0.09512394984834126,0.04352282933549744,-0.6800905074952004,0.011728012919731148,0.30861571063322657,-0.22349744495330467,-0.15293157359752918,-0.10980451588339522
2692,-0.007587692855302775,0.0,0.008035653060587688,-0.027799242341247365,-0.01655784703789258,0.01383944332527533,-0.23285200383431867,-0.07230220426522069,0.0409463068674901,-0.0469025060616553,0.3381387351307334,0.0011141396453724591,0.024496389502915564,0.0,0.0,0.0,0.0,-0.0589730807569875,-0.06194629380254461,-0.03156076387975049,-0.15581412634474823,0.022382138782823267,-0.31757763724679333,0.05057702577003866,-0.17626491975976336,-0.18594809405598367,0.02031284792547049,-0.05244013339395626,0.009741523527088779,0.13235492595106413,0.21311632534821498,-0.008841246874295279,-0.036128577237368696,0.1155231000977179,-0.10854628507191572,-0.05270302988155557,-0.7676221481147457,-0.11352005565261118,-0.004104644845430395,0.12677463047540558,0.0,0.0,-0.24448198323634535,-0.4721966064638905,0.0067182254022206955,0.0009219039182128423,-0.18639429784500594,-0.0590216572705123,-0.23568298631779744,-0.07357968175326672,0.17091338352470517,-0.035441230967951105,0.04383684167238867,-0.027611918673330505,0.02993476205556213,0.10762804956528588,0.04669430673610276,-0.6451247394718209,0.011060571161488592,0.277662412314041,-0.1801228834032847,-0.18983659893365584,-0.10593741195212128
2693,-0.00652031060747058,0.0,0.007947790872379514,-0.031084702012682947,0.0010709735095471228,-0.18604474350117714,-0.1933122907627489,-0.08313415292394997,0.060529853441569616,-0.059241644518849265,0.4476194541367456,0.008565143905979778,0.013743941702155395,0.0,0.0,0.0,0.0,-0.09462744231698643,-0.08014853374500344,0.017528272200569746,-0.17827245482783863,-0.02495002153165311,-0.32634651464841796,0.0015181575399636038,-0.08806357450213628,-0.021211929431967168,0.020662627221048193,-0.05246080968078826,0.0020844782150492157,0.16015704125858565,0.12039069944193512,0.08588622904513384,0.04402998050929081,0.04365704940081893,-0.13440961545091443,0.027477923402119398,-0.7681406912068197,-0.09098285445927891,-0.0008714799846100932,0.11064391521933453,0.0,0.0,-0.2641034199152823,-0.36665085117414964,0.0067182254022206955,-0.0006193683244631175,0.6325974843021036,-0.016240547824129887,-0.06591343834840391,-0.2507324779038521,0.5270542480745805,-0.028665595752589274,0.09980537957941849,-0.06081756769754913,0.07945607143741712,0.06439136189124893,0.0482624981469246,-0.6969159306405582,0.012940871089487676,0.3311836318194537,-0.23889397896936865,-0.2244365210184495,-0.10449741800083986
2694,-0.006927318872957104,0.0,0.006030519353518816,-0.02226619488230168,-0.007890359704207338,-0.23172361402351524,-0.23368311041839826,-0.09910968781650523,-0.014684809300701282,-0.09893760852843837,0.34100262925957053,0.0016050305833479905,0.051949805056215596,0.0,0.0,0.0,0.0,-0.09534199474858458,-0.06772762602442678,-6.777270646912519e-05,-0.46150815701316084,-0.013179336275621623,-0.330690139229403,0.05002758276920647,-0.18520633874269288,-0.20574373051815495,0.035590298685102675,-0.049224191649647094,-0.05138613791062915,0.1880110214503241,0.07717492788206168,0.04221849674189442,-0.031056911768236932,-0.13518425428272038,-0.09642877989123008,-0.13230489360589567,-0.7619273176374073,0.4358112218700531,-0.017801957502227673,0.1288648768849983,0.0,0.0,-0.28728167603555604,-0.45814660835252247,0.0067182254022206955,0.0011870484316165528,-0.113020675382423,-0.04614111061711089,-0.2580336059876182,-0.22651866287192146,0.4060887793488344,0.0021117048072775897,0.04585032961126401,-0.06399559578654772,0.05586812241119647,0.08168186082454398,0.035587541520482775,-0.6496294866827946,0.015715051013969507,0.3602655501500073,-0.21353448549767615,-0.189743930591933,-0.11994790669934997
2695,-0.009531974446609165,0.0,0.002457503204119883,-0.03261520437337474,-0.01292746913951292,0.16919112154683152,-0.0820529504666149,-0.07440426719432003,-0.13919645053441462,-0.11621024283116527,-0.3283525936927498,-0.0021530712329281237,-0.1785228242672563,0.0,0.0,0.0,0.0,-0.06818995811377791,-0.05052393130995975,-0.011130857789557537,-0.0988698829750744,0.003301348108079027,-0.25334728719397825,-0.018126832814698277,0.19929252217139476,-0.20516716842993005,-0.077994397850384,0.0013407349911872966,-0.03269063668514217,0.1408053856500349,0.012329541005979452,0.06698682254396687,-0.015851420129919455,-0.08796792999625268,0.08979199250518631,0.036387992462180226,-0.7227683879908929,-0.21443316195392556,0.002044213393509862,0.10830297732192633,0.0,0.0,-0.17568549639070288,-0.5203060580127391,0.00807835365489247,-0.021110480927723056,-0.5078462351213326,-0.06237447043680409,-0.10575324639869654,0.033778665994625076,0.0012147276343398013,-0.024256907699112876,0.035937903280504675,-0.036017648646720336,0.03847373666397416,-0.2193685700329798,-0.05370344011311846,-0.5827683169529462,-0.0014386608169977947,0.0791583558110166,0.003756123465332997,-0.055706573739421304,-0.07679001757161058
2696,-0.007587692855302775,0.0,0.0014490427018155798,-0.02654668852250127,-0.01322385677748928,-0.22753750948885348,-0.19828067176677366,-0.10885472912748921,-0.11157790633512601,0.06545787566177656,-0.3237580622576628,-0.007209760357647079,0.03382273212926113,0.0,0.0,0.0,0.0,-0.0657673080558474,-0.06052765146802639,0.0003211405552096267,-0.05945131720492457,-0.05938218526012761,-0.34809048276312116,0.02038553568122171,-0.08347642738289532,-0.2326862772619357,0.03993286760176763,-0.015384347126926906,-0.02293213556614823,-0.027021869171813845,0.06778965643221914,0.019196838137739994,-0.03077244293758958,0.05702863114879508,0.05934611350833845,0.050858749132714404,-0.7767115206738098,-0.10550626101949673,0.0021229625005544533,0.13026224313941784,0.0,0.0,-0.2932105288733746,-0.49924494801890035,0.00659299537044111,-0.0022063611297156224,-0.09495688220795834,-0.06501490499051608,-0.084158187379442,-0.12860918191491816,0.08188896253330323,-0.03493978621313115,0.03864623435039121,-0.054494183068373225,0.03535202500362781,-0.13381937529307183,-0.04965132717761049,-0.6158768313803701,0.002801967897541679,0.26752100953961544,-0.0976222574512434,-0.15878512749870533,-0.10452270523230445
2697,-0.009531974446609165,0.0,0.0035611651244722197,-0.02942220935917413,-0.009788319081825621,0.02859274657434824,-0.15379880300973028,-0.09308807891727736,-0.16353272219904516,-0.03893066999338431,0.0932053055679504,0.0008656525967914688,0.11545291855605767,0.0,0.0,0.0,0.0,-0.07680821236437253,-0.07456652163585882,-0.020297213802121537,-0.041537048229885666,-0.05779150536705979,-0.3275832255924173,0.07002886380508179,-0.19479127567106083,-0.25895476138036205,0.012609997419447244,-0.007857926784149214,-0.03671316041715708,0.13269864143392232,0.1706011243388123,0.008853707949850359,-0.033530920829002164,-0.11080191098015185,0.10657215258386757,0.08421598540106522,-0.7634975981918749,-0.21788165961370412,0.03274818269781649,0.14560821037054836,0.0,0.0,-0.22099969581131723,-0.49766221810936384,0.007996489319080669,0.02582288574370187,0.05168895031916718,-0.0735248580741308,-0.12795605181255248,0.0017838926028615556,0.05301772755560562,-0.048971940728935515,0.03506370736937667,-0.05321347743304756,0.034095411900938295,-0.1549103948152966,-0.05188538051908048,-0.612852305289693,0.009452776153259132,0.16799898016536197,0.048037457342146955,-0.15623576714688397,-0.07704724423424325
2698,-0.006927318872957104,0.0,0.0020327944512856994,-0.03805280183304784,-0.01655784703789258,-0.24124035671162286,-0.18744968792636535,-0.11124033381571254,-0.006453803834770829,-0.08870242408281603,0.34620246610587907,0.0010432601120252774,0.025243534100049363,0.0,0.0,0.0,0.0,-0.07170090826084097,-0.06467111186971668,0.012242344760895455,-0.38083022440012493,-0.04301713248353339,-0.31209209904022617,0.05193771764068244,-0.07005821288588177,-0.1963747033222496,0.023168221035376007,-0.051578593099625314,-0.004865318542356703,0.010131352791566297,0.0914665343747339,0.04039986800599458,-0.034139126494365915,-0.12086557185397982,-0.14657567617164716,0.02546355719600802,-0.7654666874681494,0.4411678302102661,-0.018161524815434708,0.122524710508372,0.0,0.0,-0.289421820832829,-0.45580510034585603,0.0067182254022206955,0.0052012257898881266,-0.2490239046868504,-0.07172183103709061,-0.25576068909482896,-0.2677694674593456,0.37359687215130144,0.010096653068903769,0.043872030690092774,-0.027459932157022162,0.04057422230743961,0.07940665003724266,0.03640652318702207,-0.7340836713853858,0.0046104756445794065,0.33499783858461507,-0.2758092248227199,-0.21304638943912718,-0.1105930125966318
2699,-0.007587692855302775,0.0,0.0020327944512856994,-0.02506490334930145,-0.014121851927624607,-0.01457960388048224,-0.1863544779522067,-0.08640102806483287,-0.08933889237163586,-0.0026485349599282733,-0.35772295211551913,-0.01166170548467815,0.014464023504713723,0.0,0.0,0.0,0.0,-0.06481155962902406,-0.06472231037278846,0.011615484657923838,-0.049317700173412825,0.05027693602541841,-0.36531967181932007,0.07244278693317134,-0.06648017088261278,-0.20662263204238462,0.04054972317896418,-0.07332648786977998,0.004811900925408108,-0.023022590998617955,0.07107607765141634,0.027833825209580998,-0.030920165960364766,0.06622867948284941,0.005563639485190869,0.019372564971486324,-0.7689508153481209,-0.09992191753240902,0.0020896493015704776,0.12713320993141924,0.0,0.0,-0.2890937109262273,-0.49786490995419413,0.006719811530716331,0.0015724254735389352,-0.1441791439323982,-0.07427909193170093,-0.08302881733838444,-0.018450408780009947,0.07951289175478615,-0.027605330563524093,0.044991970709136464,-0.06683627114726952,0.042153837805100854,-0.13994453436091792,0.02943476599516105,-0.6735509177071975,0.0038234966288768187,0.28415026086691625,0.038146654173608435,-0.16719664025303665,-0.1040566146920343
2700,-0.003248226427626368,0.0,0.009172843773668218,-0.01318846041596373,-0.0487282030163009,0.04911234873998294,-0.22979362930716454,-0.13919641334488436,0.5340104002233094,-0.06781242610908501,0.468371184650524,0.02550227997407845,-0.08506451625965959,0.0,0.0,0.0,0.0,-0.05041816788309948,-0.05576816976142537,0.03381436717573411,0.044180517169789525,-0.04251868695791471,-0.2012709578627329,0.0628034389121722,-0.017774496431931665,-0.012363209633670191,0.016592351020061298,-0.024166721757146757,-0.0896967488189371,0.06268196516390138,-0.08265911402434944,-0.09149156745053597,-0.035976318244333665,0.12915416887016226,-0.20459506627973748,0.44002279730076727,-0.6719742026920793,0.150792575872826,0.005738214655606785,0.028780232602746366,0.0,0.0,0.08787946766064687,-0.40721451012985055,-0.0024985993455885554,0.006770702981132386,-0.11958794696706213,0.09061808905892081,0.08433240808883963,0.9325707158297605,0.6076832103419395,-0.025820870011303638,0.04259773102439689,-0.09860377819790202,0.06309861002756142,0.10439388559666143,0.04730248968379011,0.8858012636154003,-0.007885545416420744,0.28040866654449637,-0.18602736497185632,-0.03855556894531199,-0.09278023595999217
2701,-0.003248226427626368,0.0,0.008911917389749108,-0.03718892969132399,-0.04830601102292768,-0.10731408687737265,-0.12455092186817497,-0.0931643223520145,0.4954384185656447,-0.08456656909793092,0.46518243168147233,0.024256729781496,-0.0352692080927302,0.0,0.0,0.0,0.0,-0.04343402974744665,-0.05576816976142537,0.03950233617021493,0.08890972325014174,-0.0069130596713382,-0.2503958125296874,0.07169175671958954,-0.10979888269738,-0.01946773379374336,0.018686315369515944,0.015408719556787435,-0.09845338121860238,0.12437214215501402,-0.026199962569749418,-0.01664075459420338,-0.0440732132622182,0.15310224428944058,-0.19692473119440068,0.4362212473893283,-0.6822354695115295,0.15958408183350978,0.004195402072452051,0.03298690695057421,0.0,0.0,0.08781794679702516,-0.43246579940754015,-0.0024985993455885554,0.00954064017066397,-0.10238755897083497,0.07804625574227454,0.08078310290624353,1.0077911409516291,0.6582517443202746,-0.018742220608837,0.03914219694267458,-0.053723828773044456,0.11622539071227878,0.09728993988324725,0.045655505052159595,0.9658175524295559,-0.006804972137121945,0.26583658617546907,-0.18800095836195713,-0.01454897678873709,-0.081630863130374
2702,-0.003710109055147705,0.0,-0.0005185815541502781,-0.04108554582852007,-0.048155725510581095,0.047951869690473055,-0.14975386275232472,-0.1472195973373044,-0.8011903839230454,-0.10552652222379408,0.3115050791828322,-0.012246736277396713,-0.10667203391443711,0.0,0.0,0.0,0.0,-0.057787500938352915,-0.05199529543565893,0.02418296942756686,0.0788628387041729,-0.06421087840625483,-0.14003249581178273,0.05525169284887212,-0.6231909079276987,-0.019486234098176083,0.016549270976787676,-0.016298337188990604,-0.0015145169239845705,0.11089479050648003,-0.028577322126990365,0.03936730408694224,-0.03709128412606441,0.1093888876311614,-0.17146911451742647,0.3628692139499595,-0.6624653835186036,0.1411872223542058,-0.007485397072321859,0.03328966873181501,0.0,0.0,-0.22165680778885394,-0.4286007085347084,-0.00280051176718992,0.017821538745656562,-0.13091970599390865,0.09106136010466677,0.08609422035759674,0.5314465446124557,0.2712726217643881,-0.02459657247367373,0.041962741321548876,-0.08083568771050248,0.12088953299273486,0.09475142814307634,0.045665618179626735,0.9011452000637091,0.005015394291689214,0.16671603549165473,0.05379300854326353,0.04967112639192913,-0.07765726227505135
2703,-0.003248226427626368,0.0,-0.0023783176602143446,0.0003704120855439536,-0.009753590311013912,0.07554553022595974,0.330443619171594,-0.14939649719509088,0.5554510685137258,-0.10557094937648723,0.4490449519727771,0.03429732580853093,-0.04844496478631239,0.0,0.0,0.0,0.0,-0.054159188589695303,-0.03263073815569433,0.041093129037648675,0.07392632642974739,-0.09723644194065018,-0.17064067848944753,0.04463966786152636,0.047767470708802835,0.11864687264487174,0.0026774693652603637,-0.01784037827384409,-0.08127408783180141,0.16525438317422422,-0.11110985274034882,0.0034681184039387697,-0.026580867521709878,0.1380261109444333,-0.21940321111180527,0.17012280160039372,-0.4802150755955136,0.1643949568247713,0.020280590201620485,0.019591979276828955,0.0,0.0,0.10931258741160169,-0.3391811543806459,-0.0012172521360150044,0.009233512716887445,-0.16927069359137834,0.10191780885768169,0.2617508129114029,0.961672268368063,0.8257302755812572,-0.014564679454645419,0.03065879492971927,-0.06332503370812799,-0.09158839264484821,0.014257583360007839,0.07764023367354371,0.8030939010453735,-0.0049613810792094575,0.29868882989798345,-0.19524617766290503,0.04373044082376935,-0.08973154403020996
2704,-0.003710109055147705,0.0,-0.011221102008168232,-0.04108554582852007,-0.04851189690129468,-0.13981835385429048,-0.16262512650244892,-0.101308379917366,-0.639138255875682,-0.09689040836993412,0.3052261617669549,0.005925732207107428,-0.05309123770047188,0.0,0.0,0.0,0.0,-0.063805213586014,-0.052165968874760445,0.023477377431298817,0.08058400054377574,-0.06678512924782026,-0.2697040528860195,0.0658874576415235,-0.5258558632757606,-0.012905197853568298,0.023454308082800208,-0.014500259229702378,-0.005274051332096585,0.09468352817255492,-0.025562688841047853,0.01827828504099891,-0.04629239831878986,0.11163804124137298,-0.20000815280903236,0.1343748719215674,-0.6924917230720038,0.18263984833250924,-0.007500593120820923,0.02647480890211496,0.0,0.0,-0.22195871829867914,-0.4406821457360948,-0.00280051176718992,0.01770037389667991,-0.1709800381585965,0.06850540566325349,0.12374355383231764,0.6928786442477901,0.3348065706651939,-0.02365378389565237,0.04608419884502111,-0.07750300519347886,-0.12282555596877295,0.09475142814307634,0.04770477134393931,0.8775017736955624,0.004910659685839331,0.2092109462457342,-0.017732495515671427,0.02364992885625004,-0.08312686978267596
2705,-0.003710109055147705,0.0,-0.0015821256753846367,-0.03672353597792129,-0.048934088894667896,0.02251449331475676,-0.20679055987202322,-0.10735447211023302,0.5465951001481011,-0.04097090919720741,0.4818183516446143,-0.08907590928317086,-0.03601787778080962,0.0,0.0,0.0,0.0,-0.06051621334543156,-0.05067053808899236,0.036777270752738754,0.09918697520659969,-0.015826952866853795,-0.26263628462185096,0.05803274082335536,-0.03495547123226187,-0.0009883566534180119,0.01729461015213061,-0.007105655751837916,-0.018572317214367733,0.07364750511850751,-0.020779407811691603,0.013449060766409126,-0.03322895111725108,0.1201794996681514,-0.1972794077297655,0.2363575997359736,-0.6699152102659528,0.17062394848289525,0.005738214655606785,0.023346988326906282,0.0,0.0,-0.265679368544699,-0.4037148059809035,-0.004679993347363656,0.021747029797011312,-0.11586597950034866,0.10252684039537373,0.20615217963307622,0.946512150710221,0.6592603273638715,-0.028844324972233572,0.043142144182496955,-0.052178999585375564,-0.044939962248869064,0.10220980474719289,0.07864373115008376,0.8521290441618672,-0.011310632871572981,0.2501120823657419,0.04464409788600369,0.05921657478857056,-0.08809976983432126
2706,-0.003248226427626368,0.0,-0.0015821256753846367,-0.015813168358326007,-0.048934088894667896,0.043571947064228365,-0.22899573976500479,-0.0923836017528659,-0.21595545504293634,-0.10006481201599703,0.46822994970201653,0.012345548489824375,-0.07317671526450197,0.0,0.0,0.0,0.0,-0.05220121181951251,-0.04940860373287102,0.019887579150631052,0.07125164005319784,-0.08051074860576474,-0.22353160524388052,0.05559363220012944,-0.07646743215254881,-0.01144714276947722,0.016592351020061298,-0.04259928458136318,-0.07451563223292947,0.06982065584384343,-0.06856832988738362,-0.0837758205143049,-0.038461456947090474,0.09891350011320289,-0.22510844106538985,0.39404232814777057,-0.6557908767143134,0.19290909205659462,0.004195402072452051,0.030030279125795974,0.0,0.0,0.1233990968722933,-0.41514820759357596,-0.0012172521360150044,0.0038198112030311485,-0.1597820583804319,0.08511326129308701,0.22701292418584965,0.6812615873359703,0.4657327135551134,-0.02201837239587343,0.041601739526914275,-0.10044122594675103,0.01850466703263251,0.09775578522631283,0.0726348977579323,0.8622650984613579,-0.007885545416420744,0.2458149306560104,-0.20780545656538554,-0.03776308521912514,-0.09397128066917253
2707,-0.004825909547373905,0.0,-0.0015821256753846367,-0.04089252377443247,-0.048934088894667896,0.026628191952830525,-0.12782837255631685,-0.14515454607821085,0.03737853364283855,-0.07732460220236669,0.46636119544625265,0.006263610775997644,-0.11868905366891849,0.0,0.0,0.0,0.0,-0.04012778421306489,-0.04518972793063521,0.031149571345163135,0.03605639399114889,-0.044896005925987324,-0.18012559154088828,0.058235427624088835,-0.4339526482600338,-0.011899291979097774,0.016976511184094607,-0.0190460082045618,0.003650506352329988,0.12309609244108932,-0.045943737985760257,0.01844606812602277,-0.035763461912616964,-0.12671139969464262,-0.19574374546523313,0.3859651049988956,-0.6886315158190507,0.34397995110135515,-0.007477859188081624,0.029788644488233717,0.0,0.0,-0.2090173178611695,-0.4388131079798039,-0.00280051176718992,0.01930576000551767,-0.17936934730259282,0.08604845167286196,0.1635893541943165,0.7743344707645449,0.6710069807358037,-0.07533599213133192,0.04125627246422021,-0.07224478765142027,0.19874703925822731,0.09604920192537748,0.046008975847291335,0.7712870421872964,-0.006262286586972017,0.10223303322466745,0.17126901140493325,-0.14012608538612095,-0.08526317052915373
2708,-0.003710109055147705,0.0,-0.002604373879533867,-0.04195593993835128,-0.04830601102292768,-0.21386019499952577,-0.08513296556362274,-0.10868999348210509,-0.7877588572253179,-0.13048284797780543,0.3271197625543058,0.006177315575858624,-0.021858023121015393,0.0,0.0,0.0,0.0,-0.08568972290058516,-0.06071929061346282,0.01916090652798679,0.07371794593885216,0.03731110283369007,-0.12884796298021406,0.0639880461367498,-0.7339720124380728,-0.005298355727625987,0.03478751607943042,-0.015062282047345337,-0.04214695224027509,0.09591942954729056,0.07323772639837536,0.017352171850633445,-0.048770490696504736,0.25703523077702967,-0.1851017759033241,-0.015288051271601544,-0.7049744855212943,0.2504562617824156,-0.007500593120820923,0.022943024766157123,0.0,0.0,-0.2259414329878651,-0.4308573980840757,-0.0024985993455885554,0.0042035949599323885,-0.13061324731251944,0.060344467672373156,0.08384472219856387,0.543287633642718,0.31139771924898024,-0.09636467201334813,0.04190907136266551,-0.047914825706911156,-0.11148731280433222,0.08262571693727568,0.04734629208471542,0.8496134992747827,0.003267424869531291,0.20906818579758754,-0.19530307178168785,0.072675159875237,-0.07678754213050915
2709,-0.0042893116616823015,0.0,-0.013874534639543586,-0.059914216375665255,-0.06399718221485116,-0.21468902313581278,-0.1804330521441817,-0.09432843105040693,-0.3683244576032759,-0.06816982953839978,-0.29660512558334123,-0.007009160654208879,0.06107310018731215,0.0,0.0,0.0,0.0,-0.11980154271638736,-0.08735631828488519,0.007360066028528439,0.08149516337538769,0.012274908122507793,-0.1268623787134829,-0.037482641826139015,-0.8845284965476751,-0.07061692313599296,0.044122119845589655,-0.011938945249057671,-0.054660106950308755,0.055358383555132264,0.030872642778673815,0.01812999320708705,-0.045968929687602016,-0.2319972651005271,-0.1869204885862662,0.0010030149973311703,-0.7170005109472954,-0.1425441835903618,0.003199426213480616,0.02756920702356266,0.0,0.0,-0.2704638267335278,-0.5097599950844416,-0.0020327486906789862,0.016607966173258857,-0.3052979286648587,0.10722057204659888,0.039161717162743526,0.43957554366597124,0.29115542042576437,-0.07812899149583655,0.02944805753868634,-0.048905644561737294,-0.07444602663887223,-0.13308103398153132,0.024118536305622808,0.9832138667105481,-0.02151156889027318,0.3003861984603278,0.014017439000966827,-0.27903831209441604,-0.09636733679391311
2710,-0.0042893116616823015,0.0,-0.013019151479904807,-0.06524447984089873,-0.06029310129427517,-0.1784165389336402,-0.10664142373994547,-0.1201356842054828,-0.4268672975576027,-0.037671243781923006,0.11628143118750822,-0.006411633648275489,0.12983870808190007,0.0,0.0,0.0,0.0,-0.1171013841295991,-0.05841802639630939,0.012881040964205186,0.08170115392447755,0.009278408353050493,-0.3366592431087523,-0.028748004341430773,-0.22285455586787137,0.614434022282851,0.035077183489342974,-0.004754723975827438,-0.09071365566776217,0.041957228501208754,-0.020128647460626006,0.05172595242684354,-0.031992269892856376,-0.27013897684351007,-0.19929460956623093,0.07036111297071415,-0.7006929438115495,-0.10760366435311117,0.08111114717529475,0.03548792069657157,0.0,0.0,-0.23792847081282872,-0.44908509273754094,-0.0019407225233986287,-0.00986495707142016,-0.2491752327465334,0.17543639518363943,0.0447543428443135,0.3131614790834296,0.28364409439469135,-0.08656879983962956,0.03682457791932685,-0.0966412089296679,-0.04704532491808613,-0.01701463059447088,-0.13008666047571643,1.0543500487113673,-0.02314278676625689,0.4822503105907266,-0.06497785005340978,-0.2803316177812814,-0.10046888731452637
2711,-0.003248226427626368,0.0,0.008911917389749108,-0.01507662833306981,-0.08356857494541671,-0.15690359689288225,0.10971866525820512,-0.10058220328493743,0.3609553007031042,-0.03350722358497143,0.5141176488861227,0.006259992779794774,0.021246898674417758,0.0,0.0,0.0,0.0,-0.05945565242183834,-0.030530606132024254,0.016266852747587112,0.12041312777214593,-0.049217656211894285,-0.17040945496830842,0.06967245262987097,-0.09750331122417741,-0.043550939452759695,0.019627132455677522,0.01593428265964943,-0.15980025482108182,0.09179971229828793,0.0010521863869578547,0.02161584886814888,-0.04252778735036664,0.082653915261794,-0.22014581828781588,0.1699322987289637,-0.6772305438615667,0.16748497721403105,-0.007500593120820923,0.019189273062791844,0.0,0.0,0.09097357167145777,-0.3934516679320507,-0.001211563255518698,0.008351505690553943,-0.15421017163284192,0.0679972488555639,0.11354415217360136,0.9865487644272305,0.5461431557943909,-0.07292162793913033,0.037833312175916144,-0.030785532693890852,-0.02554280187626414,0.12577497701526183,0.056634871346146,0.8095339703955592,-0.00677154181116053,0.2608301408488479,0.01578937151380659,0.04258153322143345,-0.07879513513367332
2712,-0.005405112153908501,0.0,-0.0015112142356735261,-0.06844864868361689,-0.06093443249547882,-0.24757339411585436,-0.11989325821951251,-0.10616611158507562,-0.1827522089306434,-0.06644926419506694,-0.09255452581710694,0.0036936783183306064,0.015969090917320312,0.0,0.0,0.0,0.0,-0.09741212432066078,-0.064638328496101,0.012136834827599467,0.09847492329210744,0.02753846820704617,-0.3540333313472738,-0.027816744485717193,-0.32189364556829125,0.3566898883901758,-0.07933498418539299,-0.020114302460422208,-0.1785727440572834,0.09589651321903557,-0.011422327623762014,0.042861360164124646,-0.03146130851880043,-0.16617255870365763,-0.207305481467821,0.020952526695994792,-0.6980192854651734,-0.23173200993542287,-0.013813610652687224,0.10600453567854311,0.0,0.0,-0.24778382795086545,-0.4578822694340441,-0.004987159756194032,-0.012107713284395355,-0.5303898756355657,0.0766779930254869,-0.019776367507751035,0.27884034412787645,0.42003380009058094,-0.0790728690802857,0.03857344852682589,-0.07375009601910819,0.04132577639902177,-0.08491317748148793,-0.056537834461156344,0.276638686348983,-0.03139187531062775,0.3212522566860331,0.0016673921853877522,-0.13217263146486477,-0.09677524417313402
2713,-0.003710109055147705,0.0,0.008376651788838512,-0.019268457339257795,-0.04616585491039775,0.049154114207565686,0.1327130416684494,-0.11014110992528865,0.624963390064287,-0.031105046923831165,0.549696012375951,0.005873283738440659,-0.025200330893077313,0.0,0.0,0.0,0.0,-0.05461499171395585,-0.030612097616958607,0.043754107507841325,0.050297391743854836,-0.06250366946054485,-0.1915723532537892,0.04731440164349347,-0.10996503623367324,0.16192918927006156,0.014745127663479924,0.13447568211171382,-0.07105676658046059,0.069487237033603,-0.008743664721625657,0.020139804324778427,-0.03254053447816287,0.09953103932893416,-0.19762556010193208,0.1818727052334142,-0.6492612655121984,0.11685158991426284,0.007252622562605235,0.019526984164579993,0.0,0.0,-0.2629373835851662,-0.3951849080287211,-0.0012229595932235697,0.009693246739418657,-0.1322540194555944,0.06328866339720075,0.039475434177672006,0.8976492667808968,0.7198044056429412,-0.06279762906715729,0.024135581027354417,-0.019644412970753714,-0.04753154118604235,0.02364156980074777,0.04878950058417818,0.7814769183734109,-0.006529043015849901,0.17704191513748313,-0.12772720997828932,0.06653923271480053,-0.07879678571737991
2714,-0.004825909547373905,0.0,0.009172843773668218,-0.01507662833306981,-0.04616585491039775,0.013132092868305419,0.1330961356718166,-0.16852562498142398,0.3505730980504978,-0.031163912960442852,0.48141710759015616,0.006443119503611356,-0.035891777865771045,0.0,0.0,0.0,0.0,-0.04661458684784047,-0.0302683649116589,0.042667161244126485,0.12689401333972986,-0.04313933402736749,-0.17011309528195892,0.04791211233668752,-0.07889973716404895,0.15843981893550588,0.015059358139323659,-0.043923176142933874,-0.1459882683103686,0.11330162036510533,-0.07105421374082994,0.01844661049388832,-0.034173302889098894,0.07965775017031981,-0.22461538994585822,0.17455615693818338,-0.6754476222679577,0.17412925036797353,0.007064516357932076,0.01899014680910977,0.0,0.0,-0.260212875394362,-0.38875932723007445,-0.001211563255518698,0.01214287416186027,-0.17209873197890574,0.10091138492418501,0.06430685493792379,0.9470266157251188,0.5849469395562665,-0.07729724663954507,0.03257047221758943,-0.02508519707671194,-0.016163847282356286,0.025846556817096935,0.049348178453643934,0.74986882500755,-0.006529043015849901,0.21758240055722944,0.044522551723948804,0.058779276031927154,-0.07469773123562419
2715,-0.003710109055147705,0.0,-0.0005185815541502781,-0.017141472951532497,-0.04937263274655717,0.07190140541154155,-0.16372623224665317,-0.15484594626957707,-0.668861700738258,-0.07049734578870066,-0.2735340586159751,-9.541989807631288e-05,-0.0999944363280521,0.0,0.0,0.0,0.0,-0.06226973197044337,-0.05123831427288044,0.026562038349018526,-0.0016501491148442414,-0.02834714523667172,-0.10930401216169457,0.0641328212353683,-0.6497653877210379,0.00644815480300685,0.0224739462847103,-0.00350612993413679,-0.03785933666816186,0.0956502420043425,-0.029928263387299373,0.01901092366602577,-0.03720810287365165,0.03431010319726139,-0.18137505878418744,0.13664873498705873,-0.709320209027999,0.08456860847358821,-0.007485397072321859,0.02549627143991274,0.0,0.0,-0.276334813487882,-0.4570764167458088,-0.0023998710354203754,-0.0003312257398485096,-0.07370601779496411,0.09152439867822265,0.03517776642013258,0.5116634911687379,0.2722217312071717,-0.05911703071218914,0.0367338624193039,-0.04468021341945969,0.0008864106877180013,0.13075086783961573,0.05053143678300662,0.9455794420699055,0.0049988177015839325,0.3223445066167909,-0.10836687340584734,0.03749885362817402,-0.07805764774782352
2716,-0.005405112153908501,0.0,-0.003398140634284501,-0.041223475819026884,-0.06358620871361637,-0.22018560415451918,-0.14086985395896798,-0.09146026431991372,-0.4752570636121675,-0.09473221735988312,-0.25228339128852295,-0.005008366399303969,-0.015737482287034334,0.0,0.0,0.0,0.0,-0.11651628247561192,-0.07235071206600129,0.0038493085322505406,0.01608434992655745,0.007027618986962063,-0.11475141330994253,-0.02224738677917599,-0.7391539759359561,-0.0460017982160165,-0.0798248519673751,-0.010248866133898991,-0.04530537906246442,0.02339774338864318,0.05710684341606302,0.026320051445868877,-0.053904889944820004,-0.22512741687079452,-0.1647387364105457,-0.0008895801880555062,-0.6758159963416075,-0.2086469834467226,0.007909741398088472,0.03282181554316344,0.0,0.0,-0.18292971460330354,-0.506331863457931,-0.001809679587815806,-0.018500054311613372,-0.4893141925440135,-0.014643021039411043,-0.009934424682969343,0.25380822357718014,0.3698142138076145,-0.06599327524884126,0.03965849734576404,-0.03532177083187872,-0.0007059879660012078,-0.1584957316242869,-0.0665505988433462,1.0058118050925602,-0.0106813180901337,0.36731673255836844,0.0015958802325528438,-0.2899733765417895,-0.08979083776189307
2717,-0.0042893116616823015,0.0,-0.0010639998052124594,-0.01759244054387987,-0.07193825469117883,0.028228682175795734,-0.12709216897256556,-0.1446198345028198,-0.7621227385711874,-0.09980895806576343,0.3425934398286249,-0.008845652249799555,0.041958657982492126,0.0,0.0,0.0,0.0,-0.12637376555208454,-0.10937263861147531,0.028420772531945793,0.043838281966684794,0.00994895988225054,-0.32006132302843293,-0.016338521574769282,-0.2746579181400205,-0.043075951612968705,0.03803458055146121,-0.03390797282731739,-0.09453369444537198,0.021591400781245735,-0.019582783299341378,0.021817539283539793,-0.04088421335049467,-0.1851187471821974,-0.20280268510295751,-0.026637633404340194,-0.6891025435120673,-0.16508748052508665,-0.016147398242439655,0.04247252590216525,0.0,0.0,-0.29008003354717005,-0.4642534104571131,-0.0059814122584319115,0.01975653068527888,-0.09571204780542175,0.06993307479316577,-0.031195777099374395,0.4383031770427561,0.2717928556875833,-0.16642881759913575,0.030606182579007962,-0.0893008949837425,-0.1268907043879732,0.14527818861782793,0.05900772463260528,0.5216414701471707,-0.009865531993237428,0.3127827591986683,0.06681374066783054,-0.010891215630835937,-0.09034239689645895
2718,-0.004825909547373905,0.0,-0.0018430520593037466,-0.04108554582852007,-0.04851189690129468,-0.186368706254297,-0.1444694839004776,-0.0982766057544371,0.04768951064446634,-0.07909572578672422,0.48976937927366876,0.006832016841342213,-0.04007467130949128,0.0,0.0,0.0,0.0,-0.05080841107990863,-0.05282007230204425,0.023067483570530258,0.07747799170211596,-0.03215744338783925,-0.2240298677592974,0.06778471788114593,-0.42293522927584065,0.0015482718772278528,0.023454308082800208,-0.0014017180600617036,-0.0060890505020388605,0.12987229534760675,-0.029339253410179098,0.013600436156191052,-0.04629239831878986,0.11689107526620471,-0.19633748149789323,0.16310344845010508,-0.6904683174728748,0.34427666902440957,-0.007493055236580688,0.027102734997296117,0.0,0.0,-0.26446779705074996,-0.42701620273827545,-0.00280051176718992,0.021287607282478846,-0.1548261286460493,0.07402981490182396,0.1607813202132537,0.8629889050229713,0.6437254523388471,-0.023784178824948154,0.039989999315685844,-0.0854223077349801,-0.16036075704441274,0.09464994815743212,0.04912965090447518,0.8834823792648926,-0.006797387971890459,0.10365755420038228,0.051807843069394205,0.022936207349945194,-0.08312686978267596
2719,-0.0042893116616823015,0.0,-0.0028839398554630392,-0.07008009817150117,-0.06398064544817775,0.33860741367660935,-0.04684201160003197,-0.12034195662963816,-0.37305386147882535,-0.09208246424457923,-0.3369769595420607,-0.00172257455466919,-0.10432822195122363,0.0,0.0,0.0,0.0,-0.11044234335317239,-0.0539153836385068,0.013100438655298915,0.07249124779789975,0.001118793656151821,-0.21380828101945631,-0.020862159463746296,-0.6354892719822186,0.2734226652090622,-0.07645655538812204,-0.008836752142153723,-0.1216650505316237,0.09278806734727518,4.069346984273553e-06,0.04637275735137394,-0.02114821164018549,-0.0960423588118339,-0.17255628008352775,0.052128471022617376,-0.7097517839559755,-0.21294713974013335,-0.013809613882425274,0.1098693408339854,0.0,0.0,-0.23539003844238882,-0.48089994251040835,-0.004940079259111607,-0.0022433707253066053,-0.3994940642631066,0.13491833641403594,-0.01814004021269755,0.40633398629067047,0.3491916439537438,-0.0699786291121552,0.035784765204725316,-0.07364475211245285,0.0006340810475430718,-0.11327231376995862,-0.06604159286405181,0.25274625831170056,-0.036866789556592054,0.36073648383798285,0.0008808652907474552,-0.11547451861466697,-0.09633841117979984
2720,-0.003710109055147705,0.0,-0.0021952298693527087,-0.014246801986976799,-0.04637174078876474,0.034361668334473475,0.10781647875177358,-0.16290638944897506,0.589865216228178,-0.02376947062555159,0.5074888347632778,0.0029953935779103557,-0.03672656001501337,0.0,0.0,0.0,0.0,-0.04661458684784047,-0.0314335535033822,0.045602503621783516,0.12283662236736756,-0.07921458604078899,-0.19186027980000558,0.05367562980061824,-0.044315502830862046,0.15003718920752185,0.015059358139323659,-0.044223619869391814,-0.032383825014586434,0.09461456148123636,-0.08347944064493353,-0.08728657240698115,-0.03243434784842441,0.1006513477573558,-0.20603538749679537,0.15253614076924452,-0.6619594793509278,0.19952137428657374,0.008599791056846575,0.019591979276828955,0.0,0.0,-0.2566196700076963,-0.38103687791682916,-0.0015191645576163688,0.02653198490420013,-0.12421622055239376,0.10592216170937481,0.1843478458231922,0.9280067663402164,0.6589215502264161,-0.07107254966818641,0.03336198950367937,-0.08339491059199129,-0.0719543112825869,0.021530068044981355,0.07742884343283646,0.7889889126493843,-0.005933217020920568,0.23653604366053044,0.05623143516618181,0.052713015188619476,-0.09695125461446251
2721,-0.003710109055147705,0.0,-0.0007795079380693889,-0.04221349454492092,-0.055270176909155075,-0.1321556682649645,-0.19412750355364333,-0.09958533662560046,-0.814187670137256,-0.09687467359945577,0.30450184918573187,-0.00305587459892194,-0.023197583630323412,0.0,0.0,0.0,0.0,-0.09468072382926213,-0.05489824985792199,0.036947166206536444,0.07482008063116635,-0.058274220922167566,-0.13854254323869244,0.06691512072006055,-0.6717314137170494,-0.02890539219160277,0.03530389622469084,-0.008511355801618329,-0.15156476230099394,0.10734418322016344,-0.022191800147907444,0.031130118501483624,-0.045703544136687445,0.23172445814447412,-0.20451337732044284,0.20497728481896127,-0.7067685681293024,0.17332053038026582,-0.007500593120820923,0.023666354128016067,0.0,0.0,-0.217222959417674,-0.4306329344522622,-0.0024929104650922487,0.003813294535004631,-0.15059332932664757,0.05834798306490447,0.05602113396039415,0.6244822185186562,0.25156469342326926,-0.10167953826837017,0.040448259016249814,-0.05297648167568876,-0.11072282547201542,0.13228602633914419,0.05066518188024768,0.8395912386725576,0.004224616357376037,0.16083137648641843,-0.048127774580388034,0.09956802632722564,-0.07429255869996289
2722,-0.003710109055147705,0.0,-0.00020520617519626514,-0.018213025269560666,-0.055692368902528294,0.18639425705907883,-0.0819376442648776,-0.13473023155539102,-0.8359358112900122,-0.09233006055189737,0.20887960829636942,-0.0016284972911029664,-0.0814026449463123,0.0,0.0,0.0,0.0,-0.06670187090980276,-0.04328701776168921,0.04562361804452173,0.07333920877281515,-0.08833733532255018,-0.28163847085776783,0.05676811976980944,-0.4683761822477184,-0.03962647100390039,0.014526985660191316,-0.04084747180074449,-0.08494197488723057,0.10335341651589539,-0.1087735473859797,0.02988267401333385,-0.035797433989732584,0.07114520888147233,-0.19791215712383356,0.04556268157017152,-0.6863053865941712,0.09294734512496393,-0.007485397072321859,0.023446590467023135,0.0,0.0,-0.22663263349859497,-0.4227399937049494,-0.0012229595932235697,-0.0004974221523440731,-0.12073460807889988,0.09156581453567339,0.060098763112155396,0.5553583065334453,0.34753575716269675,-0.05951930132485307,0.03695819579656752,-0.031502868238915516,0.011890326315369591,0.1280420478387193,0.05089815036244443,0.7468457319221465,0.004052129022358409,0.21210480391462935,-0.11418566691251592,0.02300450918959581,-0.07329906489571854
2723,-0.0042893116616823015,0.0,-0.0006480522187449289,-0.06487776168638279,-0.06307276899637417,0.048732627556587436,-0.08584918756359149,-0.10923447977905944,-0.2662528106889694,-0.051704451729256945,0.01615147392897733,-0.055789656437655946,0.11759629874552405,0.0,0.0,0.0,0.0,-0.1001015465457134,-0.06835593452223451,0.02505032740946055,0.07028773084341366,-0.01379344495343018,-0.3559315210874424,-0.028492862504952927,-0.20179832866625594,0.5518778498532492,0.005289734443089806,-0.004925941658549066,-0.08666071744883433,0.03812866254501723,-0.022666340238840996,-0.07527625520243882,-0.03396856969543007,-0.25735004516546395,-0.21598121252696184,0.04679459626719431,-0.7165347698098308,-0.08730810658008156,0.08111650920032967,0.035139491066799595,0.0,0.0,-0.22762728024331733,-0.4492374553499552,-0.0020645041584395315,-0.007267202404266952,-0.250843468595501,0.18619461106992632,-0.03426445252933843,0.3440136588874185,0.37466900888719384,-0.07838608711132321,0.03333619175412871,-0.09031999288496936,0.01804551585699117,-0.01610624368931559,-0.05695475954118459,0.8665862858284104,-0.020939287175793533,0.389557106643527,-0.06306797395198553,-0.26355666015117013,-0.10389259016685838
2724,-0.0042893116616823015,0.0,-0.01333252685885882,-0.06516946924861439,-0.06120097774607875,0.1482563309534856,-0.15604728193531964,-0.09273750281913304,-0.43507897457372297,-0.10612325488916145,-0.25209648272888774,0.0006163008514725803,0.06596612895339127,0.0,0.0,0.0,0.0,-0.11748449242432285,-0.07134576646587777,0.025210202146515138,0.0768836379422675,-0.007545594315948136,-0.11172669434516268,-0.03622760617504372,-0.8191886879469453,-0.12610304834474795,-0.07153939859305267,-0.017433223770402913,-0.05161739287176137,0.02627103602446583,-0.02494308023119101,0.008129680962802711,-0.036283032493151936,-0.21125161051709884,-0.16562263408674316,0.04217127256677811,-0.7266950931988195,-0.15546433936319973,0.0032047882385155446,0.02782680901408459,0.0,0.0,-0.26064108570508704,-0.49832422287173983,-0.0019413408649334924,-0.01439727757439216,-0.24095769004795636,0.11823758117554369,0.038416212405428654,0.29981271925252473,0.33861810925464564,-0.07580439860602574,0.026838657547479668,-0.04855502276741699,-0.12202908645712962,-0.13453826643627012,-0.06759532923881383,0.8547355580886971,-0.020682081154065383,0.35862227793983686,0.012204504637477085,-0.2621536626627971,-0.09036023965813285
2725,-0.003710109055147705,0.0,0.009172843773668218,-0.011427494704453051,-0.0487282030163009,0.037945987039302013,-0.11633423378728268,-0.10923211624884925,-0.17905209042879278,-0.10786542852975313,0.48752821871200547,0.010519686549952894,-0.03970574218915461,0.0,0.0,0.0,0.0,-0.045558085189809826,-0.05074896472063006,0.027226494447487648,0.036713506260274635,-0.05394311155540744,-0.18840169247162616,0.05727113769362913,-0.06024487488961402,0.036082952882123466,0.017019591227368232,-0.00397151407269043,-0.07249802453992418,0.05769829123833856,-0.020731003324213768,0.013020081274687038,-0.038484299407104246,0.10218025496421683,-0.22230251066860704,0.14558280628901232,-0.6731718545365882,0.1758306317267823,-0.007485397072321859,0.02587630276367585,0.0,0.0,-0.2720402798804412,-0.43578402841559005,-0.0024985993455885554,0.004058959375996478,-0.13992391399460297,0.06853118210955089,0.05133744583654924,0.6556379273860291,0.6636300331338867,-0.06323381495809062,0.03976985464142895,-0.058753436711925455,-0.045438052373243235,0.0975364249498397,0.06699046328254822,0.8463525895533358,-0.00638912625256452,0.2765669554087824,-0.20673563209911452,0.09194808464087324,-0.08698515941246716
2726,-0.0042893116616823015,0.0,-0.0012156981022700265,-0.10199928387067433,-0.03241209876265233,-0.2447349629944839,0.38713364320972765,-0.08593999685236102,0.17871504477350372,-0.025051875444578802,-0.09974835381083538,-0.11219283809533241,0.16424838995856894,0.0,0.0,0.0,0.0,-0.09211709764240836,-0.03683093856047216,0.037260189923607134,0.18633155760035403,-0.009047151853734602,-0.3296095050607732,-0.02343551204204411,0.5396616184169248,0.5446148872213982,-0.04908227451810132,-0.04274379451394311,-0.1099661104127146,0.20323414173876672,-0.023403012510524398,-0.10759300977904308,-0.0186932149387303,-0.11014081525218763,-0.19432120521342466,0.16929801785449924,-0.7382672214756388,-0.040940232776485834,0.08047311123106865,0.10637899809265448,0.0,0.0,-0.17043707542508815,-0.3916648098974503,-0.005109799042952939,-0.0027231458126947623,-0.29191642437270116,0.15651153312615684,-0.11452211825006477,0.4789185212517053,0.8805252419836388,-0.07938964486768675,0.02091675070995876,0.028535308535315513,0.07615103053689651,-0.0718671181483081,-0.12830744132862623,0.25835232049574297,-0.021550675808261168,0.1644588417057407,0.00907206013286598,-0.1414893389137305,-0.09985954463818685
2727,-0.003710109055147705,0.0,-0.0004661325591153755,-0.01933250083264671,-0.055270176909155075,-0.10382991667736621,-0.1477128586028561,-0.07928990854309644,-0.8875894589802799,-0.08866057465337498,0.35338769913149787,-0.057023092439636956,0.011509400432853216,0.0,0.0,0.0,0.0,-0.07584185800670855,-0.06514752032235699,0.03532200094700726,0.09162719699775096,-0.07891721080046438,-0.27735288264869085,0.06368011864417499,-0.12108301613070167,0.007347306223874341,0.01892487332360821,-0.06494416377895319,-0.13074458260593233,0.04927243215963382,-0.08952224521210872,0.022943565992881283,-0.03812427569694587,0.0567763048070027,-0.220413051442852,0.12642191800948047,-0.6732407753100073,0.08885548515802229,-0.0061100718878003635,0.023287223884981268,0.0,0.0,-0.289469378242197,-0.4216631379504204,-0.0012229595932235697,-0.00027462906667030293,-0.13139910790039735,0.05275169642614952,0.045268633774598714,0.5862730520776234,0.3210375503620034,-0.0633196740633817,0.04033194895769431,-0.03316028396663514,0.035804306994903626,0.09897005934328794,0.06024738906407216,0.7841202260442061,5.2237080590441894e-05,0.23894413175029922,-0.12162419768733469,0.022009435832520796,-0.07318006709780982
2728,-0.003710109055147705,0.0,0.009172843773668218,-0.01820457783455016,-0.08341828943307011,0.06135876718633089,0.12178659901493541,-0.1352965818798246,0.6146176422987947,-0.03910279703871617,0.5282059782139391,0.01215738598732748,-0.037014470060668145,0.0,0.0,0.0,0.0,-0.0871956751955456,-0.0479416374006427,0.06321683535758035,0.039270765758631074,-0.038780068214530596,-0.1570001363747837,0.05993966364231497,-0.1515551289248053,-0.04252622853568298,0.029941329744881454,-0.061299979666803076,-0.11063960168894321,0.09117691691409144,-0.06871160447555198,0.043698642874959163,-0.03302017807759429,0.21041753735090016,-0.20770118723907643,0.28936379614131513,-0.6630618125383984,0.19219640373993996,-0.005942584489167125,0.021138402567253183,0.0,0.0,-0.22389777527378552,-0.38695282896290617,-0.0011153790317747704,0.004853141139463293,-0.11923543813010998,0.07236294110011389,0.045173762349913896,0.9569370466237967,0.8290815053735909,-0.09635023323408999,0.03273401737152371,0.00882826785750589,-0.06851367823782163,0.13675071963467517,0.07267284745471207,0.7449402829998762,-0.011082432624695661,0.4233750079884548,-0.11248740342297613,0.10045089262260162,-0.07488054015568796
2729,-0.0042893116616823015,0.0,-0.0028839398554630392,-0.07008009817150117,-0.06398064544817775,0.14823737183895466,-0.10755111794470393,-0.09465389553793097,-0.44883255500973246,-0.10865601587453366,-0.33602530939229464,-0.03240265323068699,-0.09786484088765014,0.0,0.0,0.0,0.0,-0.1067315332209688,-0.07175738794005965,0.016339666721499325,0.07538664196927586,0.002475326194547099,-0.2017033925578473,-0.017330584762592312,-0.6846013291046377,0.27867662926833503,-0.03995793224902962,-0.023983923993420544,-0.1371860415735694,0.06592507289209468,0.00012623284894666838,-0.004080345647863187,-0.03169500191323735,-0.062828681141983,-0.17037998300414955,0.05360096608209816,-0.7425233242139349,-0.1857378193423297,-0.013809613882425274,0.09762984223256753,0.0,0.0,-0.2289430977858372,-0.4846568232043815,-0.007995071761518587,0.0026401349940102705,-0.38598554273219343,0.15938880172521408,-0.04950268124712297,0.29392975779273744,0.4003886200952383,-0.059829609109624725,0.037362955630428664,-0.045850364425029266,-0.10035609704296529,-0.10745611216818655,-0.05725102238507788,0.20101911706421363,-0.02302246560915729,0.15484589044273775,-0.04459538053924442,-0.10318306474783602,-0.08417553408379626
2730,-0.0042893116616823015,0.0,-0.00166005173572173,-0.07008009817150117,-0.061842308947282404,-0.23555469044098565,-0.10578980624531437,-0.08822047802903567,-0.06784270114966981,-0.12818727041686295,-0.4516963008803615,-0.028523584551036506,-0.10908845373202401,0.0,0.0,0.0,0.0,-0.10068737151133006,-0.06543048770920615,0.012909203151650176,0.08334997078091162,0.0187069217031853,-0.3650192030634941,-0.0223028678138062,-0.42347070194372566,0.34251015192574796,-0.04222136871959527,-0.011813049278684245,-0.12621579536362912,0.05801751717831442,-0.011681497696629559,-0.005436572539121372,-0.04063054551307552,-0.09667771680465927,-0.1804182383014779,0.06974411928175611,-0.7361003604222452,-0.19252383213019514,-0.01382114853692746,0.10696871765331428,0.0,0.0,-0.23132216974030506,-0.48136955501045414,-0.004943575943715173,0.003854911752474156,-0.5165530020245356,0.10920394173779635,-0.013307785013983834,0.4110832726657561,0.5671537243113481,-0.059634273110678454,0.03938773428148118,-0.010963145595883742,0.004384349799594161,-0.10773966094288143,-0.05606068110484681,0.21436958958456326,-0.03171547414360808,0.249022218425876,-0.0534155542643452,-0.13629368156490995,-0.08795458976597487
2731,-0.0042893116616823015,0.0,-0.0010186562364215843,-0.06721394891450903,-0.06093443249547882,-0.2523446222236731,-0.13379351322997493,-0.09026207103879161,-0.41319962363462126,-0.08981824234209121,0.06422061384638501,-0.07293615748673248,0.1294225757528052,0.0,0.0,0.0,0.0,-0.12167377770507116,-0.0677018310949507,0.026972339353325995,0.08727728725678946,1.2238591160234182e-05,-0.3234886236798133,-0.029911519722003253,-0.3596464872069986,0.6257657480997423,-0.06984770484905825,0.004067421219513105,-0.10943026705305106,0.03578875759575067,0.009496652012628566,-0.07887060403753748,-0.042498720697599295,-0.30502161584062176,-0.213991553569108,-0.05708523489956436,-0.717486372882654,-0.043307674386515095,0.0812334432757818,0.034559962446165875,0.0,0.0,-0.22699817159550076,-0.4523313483474764,-0.004995762698706637,0.0005523306850999383,-0.32500981368308623,0.1742518866921437,-0.0396839005908704,0.2992526050334615,0.43247258884583467,-0.07211069853686815,0.03595953174140917,-0.07726815441326382,-0.018442672883278576,-0.017470101938472545,-0.05825796114293618,0.7870468308748201,-0.029994941673841126,0.10934768640111678,-0.0610616721289422,-0.2794044341300609,-0.09266524439599329
2732,-0.0042893116616823015,0.0,-0.002581023950120714,-0.06855493827022253,-0.06093443249547882,-0.24690292496574803,-0.08854971800247843,-0.09949108888835993,-0.23678269018286552,-0.06258104692346501,-0.08003642697583574,-0.006218370072004728,-0.15550546701042417,0.0,0.0,0.0,0.0,-0.11705425606430749,-0.06162753741584797,0.014864187497416585,0.08181849373298132,0.024488041543827225,-0.3484441788081515,-0.022787905711142094,-0.40138360838666554,0.3370442183377155,-0.07754485845297715,-0.007141565248455571,-0.06665662387413462,0.06571507940156014,0.024680650438239374,-0.02170273302400943,-0.04291704969701983,-0.1496217367026671,-0.1843141883275804,0.02858725962772391,-0.7176637423843377,-0.19237570212479374,-0.01382114853692746,0.10708150265943275,0.0,0.0,-0.26572061374610895,-0.47047293022401826,-0.0049899617375229344,-0.012872343526631911,-0.5153625789150214,0.0971580614348071,-0.02170243601284542,0.3959118523523733,0.358034881813304,-0.06514731679658047,0.03931158841116859,-0.07736686941690013,-0.013101885438240757,-0.08213599476992646,-0.06093082928526044,0.27802136760795554,-0.03031372968261387,0.3302976643910725,-0.05267103361060323,-0.15334429311323763,-0.10342179209340722
2733,-0.004825909547373905,0.0,0.008911917389749108,-0.0380593238011552,-0.05584265441487488,-0.20282485672954725,-0.10454646142357041,-0.08881772972174404,0.5543539455889689,-0.053835568891808884,0.5089471265865868,0.021028645358525007,0.014649326120509776,0.0,0.0,0.0,0.0,-0.054915818584924114,-0.054736371692952014,0.034193022932504126,0.08948180752158427,-0.0006430858250278593,-0.1815754075206349,0.07381092297048596,-0.08231757346353268,0.1070966393998631,0.020277834707416977,0.016988164086540386,-0.039583763158245695,0.13303693672132166,-0.029926779484169108,0.01499372122888243,-0.04608659647098824,0.13651536165882516,-0.1948258042063883,0.14996128451736837,-0.6775238343380353,0.20880289957221926,0.019514238298727147,0.025912232236818645,0.0,0.0,-0.26247573280117453,-0.40479977983728355,-0.00280051176718992,0.025760624991926474,-0.08874111481242772,0.07022030385160047,0.072054900438332,1.0072739989605326,0.7252457271747432,-0.07390195360466544,0.03717688883906192,-0.0837132979115576,-0.07776695887762416,0.028976772109916255,0.07141661252354502,0.9245686388157919,-0.006354363487400826,0.2621451234032342,0.055526447491180596,0.06801845278857796,-0.08158865459436254
2734,-0.0042893116616823015,0.0,-0.011433686420139425,-0.09286850392213566,-0.06363697285634672,-0.2200241148685498,-0.05644374895980269,-0.10530747181076244,0.27496718047915797,-0.020481422047206883,0.33227184016828804,0.00392759489890629,0.1183956369751803,0.0,0.0,0.0,0.0,-0.10183895298865371,-0.07494404245666257,0.019329027334470398,0.10562291742155834,0.0653239666744922,-0.2909123615328941,-0.03714115026059363,-0.21953496764039232,0.617547857029957,0.04395576586849462,0.008171641263557372,-0.07780172611975744,0.042198868785269385,-0.036763424220830614,0.040740597657612856,-0.03134968603659246,-0.30760738553311157,-0.19669753975019105,0.007019417697898307,-0.7104096093728928,-0.10871208019675263,0.08048336071871581,0.03615585720964438,0.0,0.0,-0.2225813149817532,-0.44958798147041446,-0.0020507673181760417,-0.06246968890509468,-0.33292792534751653,0.18234878058405504,0.04528835813049063,0.49817443115191573,0.6929779401902036,-0.10798380901628256,0.03458499657720717,-0.11587456076709908,-0.05367900775476863,-0.028286249943751406,-0.19342640477406287,0.913817043931981,-0.02428252455614485,0.2456561136540355,0.006915940326549906,-0.29671733628805824,-0.10105761748362387
2735,-0.003710109055147705,0.0,-0.0018430520593037466,-0.04232265809286723,-0.04851189690129468,-0.14009341668253517,-0.13786134655450688,-0.0944108838256105,0.025672142640204575,-0.10452411499124413,0.48588620209372957,-0.008049604738435169,-0.007027028847879295,0.0,0.0,0.0,0.0,-0.051232563684449964,-0.05085359097774169,0.02422621998749204,0.0806490776643922,-0.04575772409646881,-0.2470176956367022,0.06527057234008043,-0.2101399383446299,0.010843642299438988,0.023456047572815827,-0.030776520217579796,-0.05377051070943556,0.10031634296717189,-0.02404307672052241,0.008720883084758805,-0.049062607905886214,0.09783991102926588,-0.2138427775835309,0.16083599959113237,-0.672519479477137,0.2998905009886157,-0.007500593120820923,0.02380390825894959,0.0,0.0,-0.27568192121460977,-0.4463567063073556,-0.00283228843056151,0.0045136947453113955,-0.14536254443058694,0.08368783396078648,0.17623856280397585,0.883403813490339,0.6731768721366799,-0.06229331133542765,0.04064466923873107,-0.041753749673808356,-0.03774756469982268,0.09786373105042272,0.06843032165032614,0.8735349126512334,-0.007023229532136199,0.18024494722384343,-0.16767270751344232,0.036985518372970365,-0.08313202493332844
2736,-0.003710109055147705,0.0,0.008559739579700147,0.013248768531129633,-0.04559337740467794,0.055977953586373794,0.15385263160823426,-0.0950262206463738,0.6514221704152419,-0.0539557753628509,0.6144024946684072,-0.06575975828794825,-0.06652227710800394,0.0,0.0,0.0,0.0,-0.06159021071894673,-0.050390617889731294,0.0634779702026682,0.10605601382828866,-0.04644142885515611,-0.1451920648145698,0.04842308172794557,-0.1564069818652709,0.029493127686772445,0.014870709814027784,0.053221788248983326,-0.08337622826459135,0.10322110692735634,-0.008810872778306507,0.07122962987491087,-0.03561338517732832,0.0921122015341448,-0.20264780643602712,0.38617781152786584,-0.6221281829273031,0.1226559299192187,0.007252622562605235,0.026464773642132493,0.0,0.0,-0.22589726835013343,-0.39091710980196337,-0.0012229595932235697,0.004450101182806561,-0.09426726195550475,0.08989096662134988,0.04154059552902676,0.9632921985536629,0.8117203149063732,-0.057733621888678796,0.033320189032569315,0.009715647148345889,0.12446889863798898,0.023930241548445336,0.060565203128413604,0.8236573316461646,-0.010184197833710936,0.2822658104355572,-0.07084158056071549,-0.048471008237172854,-0.07590673894228463
2737,-0.003710109055147705,0.0,-0.0007795079380693889,-0.04195593993835128,-0.047733533517207875,-0.10400486005228358,-0.18198055633480428,-0.11392695205694074,-0.7988496249834738,-0.11334773396123525,0.30521352553669207,0.00020724203978798026,-0.03851736031578588,0.0,0.0,0.0,0.0,-0.0811053611056741,-0.05658415135367915,0.01786565012725394,0.0806435350511508,-0.05828822448097698,-0.1396474717323013,0.06606366042530641,-0.7122432049511443,-0.0008776043375791356,0.03903853882042729,-0.017496715660622213,-0.01606455703873563,0.09773076924243719,-0.02762051367305395,0.039468098383662754,-0.041216688313542,0.2458717141224623,-0.18382738833449977,0.19703689793340676,-0.6894065533440746,0.23900568139039272,-0.007485397072321859,0.027335371561754532,0.0,0.0,-0.22116396068802405,-0.41580144582539497,-0.00280051176718992,0.017852708335050666,-0.13659862667286046,0.07141472982317769,0.07112720824388279,0.5925536729941887,0.26433760466301315,-0.060429569956736894,0.03681993142509618,-0.07807713331854021,-0.059469049477892715,0.08513153949446249,0.04655979776132446,0.8254417825977357,0.004333634572497275,0.20913233300526027,0.058948791201970344,0.11263771972491018,-0.07783842061140851
2738,-0.003710109055147705,0.0,-0.0024561562532718186,-0.038247271262337054,-0.04851189690129468,-0.18269072460833688,0.06516461382814379,-0.10228909033577609,0.582535091133369,-0.04747670878816033,0.5397229597875134,0.01988140178510314,0.023294298702120842,0.0,0.0,0.0,0.0,-0.07501523599263825,-0.05286901962644261,0.039081077162742596,0.13103267619629996,0.04831915418052602,-0.2709878440759426,0.07394149034685012,-0.07853229656655938,0.07836471937355759,0.04021111820307716,0.017997164924741623,-0.05687456500486436,0.11382498907326065,-0.040397303937886486,0.01829449832985916,-0.04579447926160678,0.2968307960906151,-0.2164678897754032,0.014322000793555648,-0.6889011083574641,0.35679938463123956,0.008584595008347509,0.019218683395029874,0.0,0.0,-0.25026461536744604,-0.3924699585438358,-0.00280051176718992,0.025708642951424984,-0.12817314366292487,0.06545964002455769,0.19230010742850703,1.0105420289503166,0.6602935076245099,-0.11325258495047032,0.035638882210603885,-0.04835895342740988,-0.2541085478891644,0.012557521711884723,0.08701618413518929,0.8459617329428519,-0.008439603139054829,0.2735651650391798,0.06260048503742272,0.09167942120899057,-0.08828092817067842
2739,-0.0042893116616823015,0.0,-0.003398140634284501,-0.06995605490904086,-0.06358620871361637,0.20783083759317428,-0.14489229278000545,-0.0670511223831174,-0.4576098588949552,-0.08437170514882687,-0.38587089881262765,-0.03365418915784627,-0.10371322057387863,0.0,0.0,0.0,0.0,-0.1158973495587822,-0.06987990667288535,0.019781496111407903,0.07780670698647275,0.01056307418422265,-0.17467671358186862,-0.019451757426146386,-0.7126641330050669,-0.02121007677228912,-0.09023416191226802,-0.010039298095655638,-0.05829484693517565,0.08375201004661292,0.03593210246520994,0.02228661844161581,-0.024378310946515137,-0.08457253322833685,-0.1672210171671532,0.05820804394065919,-0.7380414898965375,-0.14941097549810364,0.007903488680703254,0.09967291191904092,0.0,0.0,-0.20185821274631577,-0.49529737641590577,-0.005115072215110602,-0.015895350002854622,-0.3991666204494223,0.1310036478958429,-0.027556599132532864,0.34955266985269096,0.3513181932354878,-0.06280191593810147,0.040658051654108386,-0.03669587167604715,-0.028127553148561496,-0.18610455879051585,-0.06780940081554297,0.19660339815437086,-0.025469546524046198,0.17011185475805818,-0.00020471525238549695,-0.13593059027252274,-0.08759080215685776
2740,-0.003710109055147705,0.0,-0.0018430520593037466,-0.0380593238011552,-0.04851189690129468,-0.15536553361246114,-0.1137757731703194,-0.09621373888288004,0.5415467890229464,-0.04117366406123072,0.5299284989146869,0.021330017414083052,-0.024419691414553243,0.0,0.0,0.0,0.0,-0.054915818584924114,-0.052913846448109356,0.034940024989966026,0.09279121949282076,-0.013923042944902696,-0.24675960505958142,0.07381092297048596,-0.06699604020224367,0.004764487790946579,0.019627132455677522,0.019501866827451322,-0.04616612417896999,0.08576066941034646,-0.028169196359906633,0.018678778469011413,-0.04608659647098824,0.1422542298237049,-0.18960687005986487,0.39440974402682255,-0.6439487084301475,0.1910052275669352,-0.00595778053766619,0.03427842202361889,0.0,0.0,-0.262733078441876,-0.4113234831966739,-0.00280051176718992,0.0260057965738546,-0.10038601224849292,0.07373551031613439,0.15077519946595547,1.0371337361320356,0.7245008604761545,-0.07347277195184115,0.0401876213019697,-0.08675171352762552,0.004894898919675716,0.1016360135800174,0.0796092703963318,1.018141366730835,-0.006804972137121945,0.19057974473967906,0.05585010308053275,-0.020061032486140593,-0.08158865459436254
2741,-0.0042893116616823015,0.0,-0.0015505843179593613,-0.09950904784750289,-0.06398064544817775,0.3502761762295783,-0.14289424774035683,-0.10752019746241864,0.191227458827255,-0.09342306369313357,-0.41735051295264497,0.005915637054909263,-0.19105876407682307,0.0,0.0,0.0,0.0,-0.1002461991001042,-0.06867029851024903,0.01546096459037094,0.08857652418187756,0.017021693739650408,-0.45926838896247313,-0.02251666476696048,-0.1808379315929098,0.2594969661240112,-0.04085911743710558,0.002717793984909219,-0.12328664661018988,0.06367780533601784,-0.0026745835603646725,0.04749523726177175,-0.016944902438557268,-0.08911963271068968,-0.18177781169505874,-0.08295788652204836,-0.726661110293852,-0.24124563073363828,-0.014040878896465193,0.10474498688800654,0.0,0.0,-0.2433489254221835,-0.48294069720732746,-0.00491441733375467,0.002833148973194563,-0.47183854196909536,0.12226896691324876,-0.06377354577269041,0.4071246132198672,0.4642242371664046,-0.06590878103519934,0.035283196442031824,-0.04245714011636202,-0.012080701530791,-0.12356779039590668,-0.15795198617032644,0.21347193399845155,-0.03784761099541179,0.4278243063850056,-0.04445994140933776,-0.11887383098614962,-0.1006920097136886
2742,-0.003710109055147705,0.0,-0.0024561562532718186,-0.039428816373337276,-0.04851189690129468,-0.14797788345915744,0.04450533095687831,-0.08151648630894405,0.5528351241952287,-0.06808544421750648,0.43089151379562357,-0.054877826588584026,0.02740356717436764,0.0,0.0,0.0,0.0,-0.08517454402245646,-0.03244819162547777,0.03435683470546113,0.11235279850719197,-0.06773577170259487,-0.26503958584490434,0.0717578310306045,-0.07473007065466697,0.0628298933260383,0.03908161886370092,0.01850941259491619,-0.11542503492965656,0.051050709675234805,-0.022938319755305785,-0.08337135844966607,-0.048541846388689344,0.25021484110101777,-0.22295865599238204,0.02468373358573196,-0.692223239152951,0.315973527755609,0.008584595008347509,0.019289739887507845,0.0,0.0,-0.26607797010520623,-0.4101503838765675,-0.00283228843056151,0.007987323063766956,-0.14642189599628938,0.04860475877393189,0.17891183657020251,0.9975819315025711,0.6895683246352592,-0.0568915817945471,0.03739230371967125,-0.05442005629730675,-0.19489120241353078,0.009714261864411516,0.07872588837575475,0.8550054643248989,-0.015870493617343204,0.2733393922502879,-0.21940600129770926,0.06102481802604622,-0.09713406353452629
2743,-0.003710109055147705,0.0,-3.1228924599525096e-05,-0.016784877512416554,-0.05365842397888222,-0.06829188488597283,-0.129663757221251,-0.12171981443607076,-0.7931636087087762,-0.10472287290294953,0.33667101701445873,-0.009828842365449772,0.06925097104243011,0.0,0.0,0.0,0.0,-0.11737126068536508,-0.10937263861147531,0.045926772883306474,0.053350452465130045,-0.0029133914786469844,-0.33053886298465385,0.09010831702136338,-0.2634406707115457,-0.0035217055994862067,0.03803458055146121,-0.03577939348035403,-0.07172803927758722,0.08158006807602848,-0.03844147043337763,0.02593783035341571,-0.03801424780744527,-0.14609562146847424,-0.18130025890821996,0.401667226634473,-0.7236549054564918,0.5945271667740031,-0.019458426001455673,0.01949829724428708,0.0,0.0,-0.29121759787065704,-0.4106001243350906,-0.00280051176718992,0.01975653068527888,-0.14904094098280388,0.06373638756585828,0.024897546606503437,0.3627681621500234,0.34670950231507386,-0.16744261650425366,0.03800919003254998,-0.08740154147478388,-0.17853076988919583,0.10034750984396629,0.06216848520669094,0.5990469097245464,-0.009664409469831254,0.2902496660114629,0.07660146590404691,-0.21767912673675574,-0.08196355898671846
2744,-0.003710109055147705,0.0,0.008733716830296888,-0.013252105568395749,-0.07193825469117883,-0.2683704082495449,-0.23264320678088887,-0.11682603472414121,0.47052628873121766,-0.12593135422911575,0.48276001663440243,-0.01836253025254739,0.07623687746382553,0.0,0.0,0.0,0.0,-0.0961483828814173,-0.11145053803982766,0.03749543749676898,-0.014918104406687876,0.05645417027404216,-0.2800162920936743,0.10309286475332285,-0.22392562559435386,-0.03517752643734211,0.04042746675193886,0.000675444835543215,-0.10719661482559552,0.015320123627663801,-0.03353316673240508,0.023971968672722985,-0.04979270614121706,-0.19555320979933627,-0.20453529555649863,0.12697703526242102,-0.7393926392632456,0.4372840074118286,-0.008374195221717964,0.01411510178200494,0.0,0.0,-0.24457772672895356,-0.4337746424022491,-3.9301097245761515e-05,0.008122300217101575,-0.11807689835753243,0.07374056410708969,-0.1397275585441496,0.7456251180464151,0.8246585038901406,-0.11275561629493874,0.03513668992043499,-0.02871425269891134,-0.23544954146096497,0.10780590154182283,0.06442275221263434,0.6131206758239875,-0.020890057561931966,0.391519992491892,-0.17655780545242186,-0.24564629056406284,-0.09268742823935751
2745,-0.003710109055147705,0.0,0.008298813195781036,-0.014203673045510122,-0.08356857494541671,-0.16104509550272886,0.10650279377714583,-0.1232070212359434,0.622879143421908,-0.09979852893658744,0.43038185352444525,0.012266948986772911,0.024722590558821013,0.0,0.0,0.0,0.0,-0.0774157614872909,-0.03239298540751073,0.05366313820836289,0.03892779271153656,0.0052698532149786535,-0.15489214627665213,0.05817228155292074,-0.11496713930364594,0.1923352979279737,0.03515980631297476,-0.021729889893611163,-0.14512436272426138,0.06356840195863273,-0.011068126394247728,0.052497350968059325,-0.04088012441768036,0.20521300251028657,-0.22609605429221302,0.04662928180398225,-0.699959853706013,0.23257877108578717,0.008584595008347509,0.015562050635751319,0.0,0.0,-0.22295763141517422,-0.42175995245500486,-0.0006602424120723501,0.010016625699604953,-0.16496831403923518,0.06923532642780844,-0.07763354514907023,0.9423775382010633,0.8313087309365776,-0.10248647978173912,0.03500948451680481,0.011190279829465802,-0.0928957740167969,0.019290121469669155,0.07875049851017811,0.8330778642625148,-0.012682420086539319,0.4863177437662807,-0.09527958688109521,0.0654122181783262,-0.07488054015568796
2746,-0.003710109055147705,0.0,0.009172843773668218,-0.011318331156506743,-0.055692368902528294,0.13271741878662296,-0.24298532204031925,-0.15359436050997324,0.09702302716787128,-0.11293809145047591,0.6181998587161708,0.001608411685544575,-0.039431783577219215,0.0,0.0,0.0,0.0,-0.059764303845658076,-0.0620767447122974,0.024682351386071208,-0.0031380422493463528,-0.013895656459830078,-0.18405466414480764,0.05495416252772611,-0.08738840129872515,0.03560217403309118,0.014357099007254348,0.008041952084665384,-0.16563562072161622,0.015726093677197482,0.0002196858462304059,0.04793700724553082,-0.03581037039148418,0.0789097027664083,-0.22710613173249372,0.09069485701402437,-0.6504919312521216,0.25037338256206987,-0.007485397072321859,0.018844872914046695,0.0,0.0,-0.23407874399895873,-0.4251814556660484,-0.0011153790317747704,0.00038586243765906134,-0.1456582112627067,0.09754159358353413,-0.08408146683947612,0.8642246906128436,0.7771313652246509,-0.06510925315298961,0.040408978779936745,-0.017574524615798396,-0.10024750864687561,0.09816649561697356,0.05443851224084612,0.7525398492855446,-0.011733249804591412,0.35905886915934504,-0.0754718444822853,0.03217869183509049,-0.07817070133913276
2748,-0.0042893116616823015,0.0,-0.0008889182926760163,-0.04069184293704052,-0.06171091586659213,-0.14568141767958412,-0.20711058672855803,-0.07047182770230447,-0.3748087320302864,-0.0841024992224201,0.10185309217865068,-0.03788169067130615,0.06356582159344219,0.0,0.0,0.0,0.0,-0.12026084428694862,-0.06185578932788958,0.028604415732825475,0.05052967995089089,-0.08505175957613789,-0.2419748558365282,-0.03653275169360462,-0.6850386652499673,-0.13724320242075527,0.04632189083608805,-0.011806833499993502,-0.12907715655894728,0.04589717057632531,0.029415739505675813,0.02290574519113942,-0.05433825650170295,-0.2959426322795432,-0.15837284626693038,0.07504265827116047,-0.6280772500138951,-0.1530696802250359,0.0033227601985444614,0.02621982690698772,0.0,0.0,-0.22849126896175123,-0.4963569044528666,-0.0020583032251495236,-0.013483400431882358,-0.3101011895345737,0.07387740955037402,-0.016224727046560045,0.1983129947466531,0.33177407752722016,-0.060779578047485495,0.03132729801850833,-0.03705487578334861,0.06956818384490354,-0.16674120573662118,-0.0689845911018369,0.9024797840027172,-0.02222730482635314,0.35864689403987143,-0.03265886710157466,-0.2493129073583024,-0.07258794020240145
2749,-0.003710109055147705,0.0,-0.0005185815541502781,-0.018322188817506975,-0.048155725510581095,0.04824579784145341,-0.17772821291631527,-0.1096373442741874,-0.7461799649171422,-0.13204512178542918,0.22848886222829926,0.008866883818176229,-0.0986511473904275,0.0,0.0,0.0,0.0,-0.059874706758191745,-0.04997637991675911,0.013895784339669549,0.07683592588162969,-0.08433858669112286,-0.13871854063907466,0.05713972323439453,-0.6750792093780076,0.01804894825366161,0.0142157845938275,-0.04473838018166705,-0.031696891153329534,0.08166387038638558,-0.017856078418828664,0.039745228983396455,-0.038484299407104246,0.09974472448891254,-0.20160635813985606,0.13610709510603317,-0.6986300423571001,0.0912797665420148,-0.007485397072321859,0.022459787562842223,0.0,0.0,-0.24022493573265027,-0.44788691290194,-0.0024985993455885554,0.0025826405070829526,-0.11480846052502745,0.06687165255847627,0.0497443339697176,0.5057164417952497,0.3133145315961772,-0.01660956463613146,0.03639610148030216,-0.04988461902483623,-0.007870575094521288,0.12884674972986687,0.05075862943769433,0.8280851054264449,0.005170012217006095,0.2141168403194515,-0.19974675957568166,0.03456305904829271,-0.08313202493332844
3250,-0.009531974446609165,0.0,0.002559761718661169,-0.037030113441768056,-0.020732047347159638,-0.1676238664130329,0.16116968344422455,-0.09499571771859736,0.05443041608853018,-0.13399869223487093,-0.40047925309840793,0.0029343975829399472,-0.1483003186995636,0.0,0.0,0.0,0.0,-0.08971527793463611,-0.04291781889467606,-0.03546491755866009,-0.2048827841374406,0.031550162398828095,-0.43508979652249685,-0.016786371948144124,0.3059574291949922,-0.06922007354860654,-0.04733152000181456,-0.044848546467908874,-0.1335739012215966,0.06696785992190293,-0.037209425104962,0.03181359006858177,-0.02958258302889709,-0.026170431283029934,-0.08898708012311257,0.13884070867547393,-0.7732473617902049,-0.21840592810541126,0.0019761024901440868,0.1282653290301575,0.0,0.0,-0.24593615620653103,-0.5273061466477893,0.013328378847098114,-0.006439352771202733,-0.4371166096091436,-0.06796933664046029,-0.006356462523030657,-0.07559993220388925,0.019389331841445024,-0.014343936335194958,0.027050595797201513,-0.014202479841998761,-0.007787740119566333,-0.14795900292427447,-0.053292708458529646,-0.6577244251430818,0.0025160377850095214,0.04611727360884766,-0.013954716892973828,-0.08019660850310935,0.08888777610621641
3251,-0.009531974446609165,0.0,-0.00029955083973212736,-0.03614577688931472,-0.021611793117800555,-0.20280217340721127,0.10201668834387642,-0.07377635928179224,0.05003598857344471,-0.1424807479371791,-0.43331287192964424,0.0026602128074590514,-0.14948517834926484,0.0,0.0,0.0,0.0,-0.1058513237391748,-0.05385692348485344,-0.024996649316910407,-0.14338535015881865,-0.05425853676422526,-0.46462002917133655,-0.017953615113940845,0.13045575916808774,-0.08814256204781243,-0.05094241264588281,-0.040798467247741284,-0.16146316729788826,-0.10618721760347388,-0.02814597685062431,-0.04510543825285453,-0.027027124262159457,0.0021250459177405267,-0.06218111420892018,0.05412245619794956,-0.7784681570285744,-0.23137972154279557,0.00043814058972487896,0.14769499195515076,0.0,0.0,-0.2625235133623643,-0.5284955664486651,0.013360963201837698,-0.012328935526376834,-0.4697883457586003,-0.06722277618511727,-0.02928176771264073,-0.06402613152791428,0.11687757785874534,-0.0291546566323929,0.03668540634877488,-0.04974305434892977,0.0014413060010984983,-0.22175314995273246,-0.04952373944687468,-0.651517521648356,0.0028615105822528365,0.04705728569933317,0.005118343173207175,-0.11344352134565085,0.09603388386932951
3252,-0.009531974446609165,0.0,0.00016380991835206237,-0.03986807883969742,-0.016076504867144778,0.19671289139090814,-0.08221019317270907,-0.05893094792359879,0.024581027780986725,-0.14650424464491207,-0.39171615383737673,0.0009486230044642734,-0.11445275792560107,0.0,0.0,0.0,0.0,-0.10192438202059793,-0.08000963798870665,-0.027318222384226286,-0.14615382061959936,-0.025914793610711785,-0.4348196237576756,-0.016848328356962546,-0.08384211594107065,-0.06977561525656768,-0.043460093136599036,-0.03239713321266131,-0.17666116877476729,-0.055211758918486155,-0.01866194411226404,-0.06402268437030413,-0.01062673668755526,0.03772066957134171,-0.022543690950629743,0.10797306327909405,-0.7752322713386182,-0.2358629794754846,0.0004496752442270621,0.13809103356519342,0.0,0.0,-0.2680395144518353,-0.5319455036863977,0.00890423498554617,-0.007418085800387091,-0.41182147097565563,-0.08458548974729074,-0.004357174043002921,-0.08914129243988192,0.14145935952527547,-0.06326412762301195,0.041240231414003264,-0.08492882744097126,0.026934677098213722,-0.17838924397622916,-0.04328481416540189,-0.6350283845373522,0.0013998525365373888,0.04616443274981525,-0.06522484236492672,-0.11589106929952321,0.10442314816451026
3253,-0.009531974446609165,0.0,-0.000686913724038092,-0.04074291682787461,-0.020732047347159638,-0.12702498803025117,0.12716559473787428,-0.06391035238579168,0.02838191840726723,-0.1295827692526469,-0.44137940723868085,0.0027204944014385508,-0.14971880525454007,0.0,0.0,0.0,0.0,-0.09410248572745508,-0.043109962560521554,-0.03368409065374879,-0.12573601504551163,-0.02390208550169065,-0.45691752005961994,-0.016728732646464028,0.12857875296516713,-0.08317259953260456,-0.047403250185265346,-0.04362170397617643,-0.16369327905402947,-0.12723746726070587,0.022142572668302465,-0.06876923913660091,-0.015564896652584714,0.019423932540994768,-0.06293132349567011,0.06838261927366615,-0.7758665734521277,-0.20648177060775427,0.0019761024901440868,0.13110592215858308,0.0,0.0,-0.26064182511879475,-0.5297478766692897,0.007902088072218646,-0.005578753391067462,-0.43025509887528984,-0.06778128746035514,0.012976207608531042,-0.06879756337067386,0.10538526018305301,-0.01708316261389841,0.02623993012935157,-0.04811648299549209,0.027301089980994987,-0.2001880194935377,-0.05349230178823016,-0.6523409563725729,0.002790842403261776,0.04472734223411743,-0.029751956344720873,-0.12717291121802185,0.08935022169017467
3254,-0.009531974446609165,0.0,-0.003291880944012766,-0.040115721317959145,-0.0220392746688943,-0.20976240710943433,0.14734634823727374,-0.07446069627954832,0.04327045634717675,-0.15255878513413237,-0.4405981933506577,0.0023920321395223747,-0.162342590301245,0.0,0.0,0.0,0.0,-0.0800468663717112,-0.035157518736815586,-0.024854752357189848,-0.17087502276084462,-0.015006323361501452,-0.39901740936962304,-0.017815903344731907,0.09078901586694328,-0.0016539325985778924,-0.019338482193767367,-0.036594515606740506,-0.13651914609291183,-0.08807128046336601,-0.02619908747303715,0.04029457252574801,-0.028438422163846098,-0.029199191744487405,-0.036411990125957874,0.26068638768032387,-0.7608473250554851,-0.2040651696045938,-0.00651110204759816,0.11442806865688171,0.0,0.0,-0.2764679792284487,-0.5176404084320572,0.013328378847098114,-0.007021101493819003,-0.5419814032580748,-0.0736955081032301,0.019230557250727247,-0.09742226079738377,0.16608427473965792,-0.009914895290851496,0.03965547888496165,-0.026680392992400364,-0.009377457408200675,-0.1636085820924176,-0.08337113447005037,-0.7339013132392451,0.0025261763207519586,0.06987911829909411,-0.06525658326107463,-0.06454263778628401,0.1290481348237867
3255,-0.008517402688776798,0.0,-0.0005774463062757239,-0.03918844425261989,-0.017034729466584936,0.12455019913139102,0.08047537608432646,-0.0749440000627111,0.18767358313561433,-0.13676618668023613,-0.49697856973721055,0.002077653641791295,-0.14435763230858828,0.0,0.0,0.0,0.0,-0.08955881790412829,-0.04119910735939047,-0.018194178158900447,-0.12516879308054868,-0.012766186328729136,-0.4168919981781606,-0.013291276975859774,0.28908570443101267,-0.07439282632637434,-0.04044467979210496,-0.04340395161134369,-0.14814903887012398,-0.071692825996169,-0.08658618058492021,-0.06640951912655721,-0.007908021678328919,0.005844982300903969,-0.07129700709083539,0.0809606844070581,-0.759939199620146,-0.20031191949503518,0.00198763714464627,0.08421735930795306,0.0,0.0,-0.24520179166907277,-0.4957578522861411,0.0092914573315854,-0.006502318465209498,-0.3779802369774742,-0.06929539517080055,0.0013435729270923056,-0.226188793451727,0.06854430432756664,-0.022015231607702884,0.026159324725696775,-0.04082605334116717,-0.0025499310542231634,-0.15907148659579723,-0.05349230178823016,-0.566617227395252,0.004665859670505565,0.05332373425212959,-0.07266254019403605,-0.11329420755418214,0.10212054643005414
3256,-0.009531974446609165,0.0,-0.003291880944012766,-0.036202617949158675,-0.014869921418535475,-0.20633291932392803,0.1528183061869674,-0.08829673114201725,0.043950751262763675,-0.11910275797401425,-0.40286377207768737,0.0021812939661043544,-0.16270619610113116,0.0,0.0,0.0,0.0,-0.07349110343827495,-0.03787521019925419,-0.02351476338908702,-0.1605665815718332,-0.008620405733897997,-0.3992838383435459,-0.01794946025126318,0.08398224190216848,0.008110913889686381,-0.01727970779177578,-0.03724424297703497,-0.133253648774369,-0.08757899186568874,0.018370312189011855,0.04038945985457577,-0.016879766903043165,-0.05597769129934996,-0.037901306004715155,0.24672408975059026,-0.76107323297098,-0.1997657818755303,-0.004973140147178951,0.11511668518724383,0.0,0.0,-0.27567042921797325,-0.5173984675692349,0.013360963201837698,-0.01123432742194222,-0.5180194457749747,-0.0723918297486228,0.015460470706254332,-0.17356844176956085,0.1467348229365972,-0.021165691393510253,0.03663054180180543,-0.028415353363094028,-0.009594174495486961,-0.15475738076266096,-0.08337113447005037,-0.7243721957469766,-0.00018507957599673712,0.0759038204195263,-0.005743144641995364,-0.06504624608664922,0.11450547635669163
3257,-0.009531974446609165,0.0,-0.002678776750044694,-0.040115721317959145,-0.01386696811922061,-0.21601697490764896,0.14006550999819645,-0.08635413982732619,-0.04674048997840895,-0.11600763283510065,-0.4360805985398421,0.0016399942089998772,-0.12002499894439403,0.0,0.0,0.0,0.0,-0.0718227838183036,-0.03458855917458844,-0.01742710125481775,-0.14944907562495677,-0.008061123419991354,-0.4001507719266964,-0.016345423995541647,0.09121658016805234,-0.09544026485009023,-0.015278236188776854,-0.039856021193444,-0.13573424902498224,-0.09691408816424779,0.018424693435115193,0.021611587408759562,-0.016841988736273322,-0.032719535301703975,-0.05189702555065898,0.27101150966622867,-0.7702373051429706,-0.20021582518666295,-0.004921786417465981,0.06988831643903722,0.0,0.0,-0.27350751229936243,-0.5183362350702923,0.013328378847098114,-0.007021101493819003,-0.5076030631534041,-0.07376139181434684,0.018920869617149207,-0.24957791698899814,0.09205571415149418,-0.026253643323229575,0.03667192083603039,-0.02089472490700807,-0.006134007963259363,-0.14773752090323472,-0.05895827303447036,-0.614369526791979,0.0021704877077394157,0.0713230319656016,-0.058075959597872186,-0.06852145847233132,0.11076494935777405
3258,-0.009531974446609165,0.0,0.002081081437212762,-0.03514759272348904,-0.01791447523722585,0.1782817930851085,-0.07598113149924215,-0.09345147126067585,-0.12049900407308448,-0.17128768264590855,-0.3825799140244013,0.0018202069026553764,-0.21577805920830004,0.0,0.0,0.0,0.0,-0.10062367151223126,-0.07070665951289232,-0.015170555313749175,-0.17528507783046743,-0.021759917735268617,-0.4284712335258048,-0.013606911875888132,0.11844674170542835,0.012705538937208279,-0.02107497511807393,-0.03815445291410257,-0.16237241480798575,-0.11177581611396038,-0.01967940101274948,0.01482441159551477,-0.011131426247604853,0.046668894919285914,-0.07423733119033532,-0.08770478115869698,-0.7741962847572034,-0.2094876307200809,0.0004870568512748656,0.10052494078013363,0.0,0.0,-0.2781108401340673,-0.5345770721091868,0.013328378847098114,-0.006560942538889322,-0.38352072617672855,-0.08292784513044477,0.004083750070069871,-0.2559580457856701,0.12943483381663579,-0.041295937105359795,0.041732516691054,-0.0358774308936521,-0.03667724866260698,-0.15393230122731014,-0.04311424419434878,-0.566613179684475,0.009068938283359586,0.06322298437412965,-0.07356911829489986,-0.11692947283585023,0.14909897486184784
3259,-0.013316562904938678,0.0,0.0014221059072940553,-0.035895677216588893,-0.014714651737362734,0.154657695367603,-0.07763848653624474,-0.07663616751023253,0.015305987095958134,-0.13107820651595023,-0.4039776268331342,0.0014224152273869986,-0.2405587063107719,0.0,0.0,0.0,0.0,-0.08900758685999213,-0.04148190372301326,-0.018841014362426137,-0.1590977356203464,0.2430783521016337,-0.39365382014222305,-0.016348034224085,-0.01414980474139469,0.020048870385246404,-0.02400953528722147,-0.035025728289085234,-0.15570880332703915,-0.08553963250481206,0.13649002681671082,0.033364218512702826,-0.018406494278013212,-0.0723719741113073,-0.05238217459013714,-0.09273259664683686,-0.7300961989226176,-0.2162092830879863,0.00039702403285516065,0.0974917666385839,0.0,0.0,-0.2694907863829932,-0.528961888068751,0.013360963201837698,-0.014281658960733055,-0.47121110121570003,-0.07878635146012423,0.006770089074408788,-0.23548507126125506,0.07048115163060943,-0.03813198294610513,0.045429179071630105,-0.0033728978970600336,-0.03555951213180464,-0.1570356207066208,-0.06307330581840674,-0.365417702159318,-0.002255980569323997,0.06144346151622697,-0.0010720645001253525,-0.09257437020443447,0.09452400232403856
3260,-0.009531974446609165,0.0,0.0014221059072940553,-0.03578797801636402,-0.023803686797829224,-0.021470967122685973,0.07248960243829221,-0.05108923065982958,-0.005869833648625731,-0.1511789336654467,-0.4823436978306512,0.0034820260100144975,-0.23967758178382897,0.0,0.0,0.0,0.0,-0.09271502284972347,-0.024394278515318186,-0.015059663474799357,-0.16549156004990662,0.25928412049919936,-0.4416177410824941,-0.017691700133490657,0.12166841958561965,0.023458252279360256,-0.05084467078618733,-0.037923906022798166,-0.1553612605408375,-0.11256540134747141,0.1620570747356947,0.06018433418695366,-0.015944199455326036,-0.001679723199723671,-0.08129401167401384,0.0892578850497724,-0.7247412964225577,-0.2285559425288412,0.00043814058972487896,0.11527798104131645,0.0,0.0,-0.2602984687321069,-0.5281881555378349,0.013360963201837698,-0.0124943998274634,-0.43690785654021763,-0.0460292505407437,-0.004574525850406654,-0.17286332936028004,0.08103095929973021,-0.03624037071005909,0.03883665816047194,-0.011232329848859298,-0.03001792961413089,-0.1830095389557647,-0.08622676460338081,-0.4856225581215434,-0.0019299387924040805,0.055989126704910554,-0.006656711645896301,-0.08388643931422726,0.06735050706965513
3261,-0.009531974446609165,0.0,-0.0032027371417946123,-0.038382716889334374,-0.0220392746688943,-0.22001611542515054,0.14471109733496637,-0.10725205611230015,-0.048517133546054095,-0.14885166251143747,-0.4134999515819476,0.002174442938768376,-0.16630684043611021,0.0,0.0,0.0,0.0,-0.0800468663717112,-0.03833845994969971,-0.005720253181017635,-0.16189657788796982,-0.014825063067388969,-0.3913494968017792,-0.0278210019348272,0.04655895472629638,-0.03336162408637316,-0.020914022861590904,-0.042852982528747176,-0.14384873549726646,-0.08985964919106273,0.020528908038499733,0.045003344978328405,-0.01677031696273825,-0.0567227636687056,-0.04293068415692503,0.25128247873967763,-0.7605964313539105,-0.1670826124253664,0.003725541869070301,0.11690324032704931,0.0,0.0,-0.27581446097230455,-0.5178516981948567,0.013360963201837698,-0.014229734583712336,-0.5181483603532665,-0.071099652550347,0.018343937485845868,-0.11839543110968259,0.09241619647223577,-0.020518409454944788,0.039614099850736696,-0.013611419684359057,-0.03165514539794672,-0.14853019452573096,-0.08608906666114256,-0.7175345860455905,-0.007855559130992921,0.07767303594309043,0.002479161160623056,-0.07466024386743338,0.13046751447122423
3262,-0.013316562904938678,0.0,-0.0007615052311839945,-0.030918791699707644,-0.016203620287424246,-0.23407747179029598,-0.12033789966019738,-0.05434405954783989,-0.10095331712096281,-0.11888685198342726,-0.42595096014460837,0.0009874644552617298,-0.1604010023762087,0.0,0.0,0.0,0.0,-0.09197827296478395,-0.06867834558441702,-0.01042404150846021,-0.16844704375082228,-0.04238497677327409,-0.3735303535018746,-0.020421434341575034,0.1575823104996292,-0.012005197927367681,-0.01658959882195245,-0.04082006093936836,-0.1424447572152263,-0.0841977556308901,-0.027974492055036545,0.023557823047258154,-0.02896493650855915,-0.04938014073909457,-0.07327559663338083,0.2578487934585528,-0.7621191797596565,-0.20808104161255328,-0.006443405224738035,0.13891832643248053,0.0,0.0,-0.2771481487311415,-0.517637882350226,0.013360963201837698,-0.012959492815225696,-0.5555138622536926,-0.08759835626492338,0.006453809884948812,-0.11379917554756347,0.13543343221595344,-0.042569691480433665,0.043954874852903274,-0.04146721303419728,-0.03618541857483292,-0.1656937110661076,-0.0775755879175032,-0.7056696207875336,0.0004845254867381603,0.07732724790715802,0.0015659922492029274,-0.06380971782010426,0.12385446072490343
3263,-0.009531974446609165,0.0,-0.003291880944012766,-0.03655651166237926,-0.021159528898253385,-0.184071648327824,0.16177753303276768,-0.06625706531034814,0.05076149839624657,-0.13068816361119862,-0.47340629105096477,0.0021395308323874144,-0.16271134520277758,0.0,0.0,0.0,0.0,-0.0800468663717112,-0.0357503809484926,-0.0065179721726219084,-0.15340267603268568,-0.021669943492566828,-0.36058289724593556,-0.02627838120426628,0.29767686956006717,-0.012870379562580341,-0.016486593448244026,-0.040500245487691953,-0.13347926737782675,-0.057003344434969794,-0.03934306222958632,0.0450190441922156,-0.016760662448139087,-0.02105157501093292,-0.03185919634077395,0.21432428342907034,-0.7562529392206431,-0.16678122807275872,0.003674188139357331,0.10786635722224845,0.0,0.0,-0.2529163587844336,-0.49419168684083786,0.0092914573315854,-0.006530358031171884,-0.48253120421073753,-0.07488673296751394,0.03953912216799746,-0.08679216850754791,0.11666078683489599,-0.020875224381911847,0.03932677608231505,-0.026146027696231196,-0.0283001434532916,-0.0898331850210923,-0.08801661435852867,-0.7278170357591336,0.00017060903701580633,0.07123777772471114,-0.05146167810835712,-0.06990792034755343,0.13070645866163255
3264,-0.009531974446609165,0.0,-0.003291880944012766,-0.03482350723375449,-0.0220392746688943,-0.2117084144970406,0.14512516754902677,-0.06893522317832003,0.04938901288634329,-0.10953897384457396,-0.4449327966353864,0.0025711294646780405,-0.16329014621406424,0.0,0.0,0.0,0.0,-0.0799849349392709,-0.03542167814584601,-0.012303594988201157,-0.1568986891822737,-0.015840509905459543,-0.34166558579712664,-0.019602304937960086,0.11940983363110562,-0.00955584920510669,-0.017065394459530696,-0.04083590180667011,-0.1348506953905414,-0.08084616138229311,-0.061429306272044515,0.04476455593703563,-0.016760662448139087,-0.027594762656358008,-0.03757937395789654,0.21461036730919056,-0.7446172693246129,-0.1997657818755303,0.003674188139357331,0.11039114714136902,0.0,0.0,-0.2733175341003984,-0.4966383010488861,0.0092914573315854,-0.008329069076998187,-0.5085351385904703,-0.07123441693021539,0.03096744055657319,-0.08895344897815723,0.16030462683308425,-0.021275883237758576,0.03965547888496165,-0.023641662720889307,-0.029294433644309403,-0.14401077679355467,-0.08337113447005037,-0.7272227501324666,0.00017060903701580633,0.07053833333225411,-0.062029556744144475,-0.07223783565702188,0.11597118957825382
3265,-0.009531974446609165,0.0,-0.0005774463062757239,-0.04119001133942555,-0.02375012961869591,0.21051647530188322,0.07830291052158424,-0.08238677714254565,0.08088718108292187,-0.0405541862939041,-0.5149764949126333,0.0005127972236091604,-0.1392877470857554,0.0,0.0,0.0,0.0,-0.10885290847829587,-0.05451234324381696,-0.05704978179528421,-0.17504351582565303,-0.023607450397971685,-0.467273215932099,-0.0164651531436065,0.186269984666012,-0.0859850143112598,-0.046320645072579165,-0.039483961104125526,-0.1615099517512865,-0.11405104515207984,-0.017879328224538717,-0.03908284775061657,-0.009349507241693781,0.014082046464609733,-0.04197144896130388,0.18407505392339243,-0.7720406330458901,-0.23784739815359654,0.0004496752442270621,0.13213930496826456,0.0,0.0,-0.26284333670665855,-0.5276364656085148,0.013360963201837698,-0.011199227124174139,-0.4211200592737052,-0.07460587720209759,-0.03256313438127736,-0.08539645192375972,0.043020314206323504,-0.05349218455729927,0.026117945691471817,-0.06711201703599132,0.014101472882461273,-0.2200578715883265,-0.050952841706349804,-0.6892791086985175,0.005831646569299544,0.05794751326995764,0.0055767935604219936,-0.10995636461651002,0.22294434068699537
3266,-0.009531974446609165,0.0,-0.0005774463062757239,-0.04067022145736896,-0.02287038384805499,0.2188795746588077,0.13378515312924472,-0.08013173928409248,0.04816899273274732,-0.14994860393329093,-0.46517062688728666,0.001893019405122404,-0.14234716332116953,0.0,0.0,0.0,0.0,-0.08905835280985983,-0.04229540978138196,-0.017910585635862224,-0.13474112687018805,-0.014056565700799667,-0.4993717347795522,-0.013348916277539872,0.05920989667043256,-0.09495799376594129,-0.04044467979210496,-0.04411557581778349,-0.15889588637764138,-0.12721584398158134,0.0006536011091174063,-0.06101144714971518,-0.0075467335981351915,0.015615911249211276,-0.06713681241877432,0.0864615441943748,-0.7687208458871668,-0.22113419920110872,0.00198763714464627,0.13148874296381752,0.0,0.0,-0.2557754820531281,-0.5264768604531885,0.013328378847098114,-0.006451525928675988,-0.3843503490767499,-0.06598269474681004,0.006166484587105401,-0.1819112882895075,0.05528115452751947,-0.02210584834340792,0.026159324725696775,-0.049627516994031055,-0.002834790538055981,-0.19513166633907245,-0.08778519704546939,-0.6722108259448046,0.0016081390142748417,0.05381728701745132,-0.0350347049630785,-0.12462993905343604,0.10858963891875677
3267,-0.009531974446609165,0.0,-0.002678776750044694,-0.040115721317959145,-0.0220392746688943,-0.20003372592426352,0.1456623131647249,-0.07507015295644162,0.028380139202129496,-0.14638951162000535,-0.43902634808507207,0.002374003360438278,-0.16271134520277758,0.0,0.0,0.0,0.0,-0.0800468663717112,-0.035057973566108035,-0.024854752357189848,-0.1618439003581071,-0.010300733310385703,-0.39418238515993165,-0.01813364160781601,0.045313785200793266,0.0018557972128839693,-0.0168196604052828,-0.03882613856974422,-0.13656440636189873,-0.09350486218509821,0.0114250463308554,0.04119039278190508,-0.01692798072865726,-0.029869919951771667,-0.03438868177212284,0.2588743558072094,-0.761336358566728,-0.20019604885705128,-0.004973140147178951,0.11442806865688171,0.0,0.0,-0.27411710644326975,-0.5185299864503157,0.013328378847098114,-0.007021101493819003,-0.5244343164238264,-0.07210180487172566,0.028846575185399105,-0.09915900429170471,0.1595704097135937,-0.014570173621709944,0.03965547888496165,-0.026680392992400364,-0.009377457408200675,-0.14860582814127143,-0.08337113447005037,-0.7243721957469766,0.0025261763207519586,0.06988161318191029,-0.061500589655001166,-0.0642497452935973,0.12883618991596618
3268,-0.009531974446609165,0.0,-0.0005774463062757239,-0.04292301576805031,-0.02287038384805499,0.17109119332166292,0.09506732797050109,-0.07090022326089879,0.03435126370142343,-0.12768244623744912,-0.49610860554849107,0.0027662594282025156,-0.14312617944456812,0.0,0.0,0.0,0.0,-0.08975581227112826,-0.04119307053998627,-0.023011143225445146,-0.13131147357246786,-0.0376056727329369,-0.448147956940256,-0.015240270676129678,0.07894478376743914,-0.08629908532244973,-0.04057550806411636,-0.04254620130064982,-0.1638096022127524,-0.12459010869368733,0.002974018336656909,-0.03701046570052102,-0.006571201786133982,0.024685910576664624,-0.06533167552414294,0.02941689573080739,-0.7735520905759784,-0.2128583457637568,0.00198763714464627,0.13352781277991446,0.0,0.0,-0.25698681960976927,-0.5295816798936148,0.013328378847098114,-0.005578753391067462,-0.38179341799459615,-0.0688478564842704,0.012731591988768064,-0.07618985273691446,0.10158954939908242,-0.028129992339312127,0.022678340086820663,-0.04912010732229235,0.003738684232465514,-0.19910532797743158,-0.05349230178823016,-0.6484694532646379,0.005860746761294211,0.04763256952378472,-0.029063585342545568,-0.1224547106626885,0.08887224163066933
3269,-0.009531974446609165,0.0,-0.0008490589518884658,-0.03603343125391594,-0.011888446224097914,0.1348017686545102,-0.105488431695547,-0.053331100064112846,0.032094759088191656,-0.1464512895389332,-0.38119032406291226,0.0016322853851919027,-0.21656430369733168,0.0,0.0,0.0,0.0,-0.0823756131150583,-0.040908336548142826,-0.009254405211522985,-0.1411787468870196,-0.07145913996971169,-0.42588930668522496,-0.01686795707263073,-0.02003302795857574,0.014565635070285281,-0.03430213740155175,-0.03500203129848132,-0.15945055430856064,-0.06770784696611823,0.12725390919402496,0.02675039462042519,-0.01681890682614066,-0.004473058879786895,-0.04922633386052263,0.052724710136280925,-0.7724384727158918,-0.22128992701986552,0.00043814058972487896,0.14375473953037596,0.0,0.0,-0.26520949015042533,-0.5303683443108875,0.013328378847098114,-0.007583550101473657,-0.44294641907868965,-0.06718981871500414,0.012077557139621574,-0.13718464403702185,0.07366432963277211,-0.028940643702775097,0.03918981972090231,-0.037720432668808646,-0.02975297533488596,-0.1771722868562207,-0.0637800567838325,-0.614171682999463,-0.002255980569323997,0.05253526676289368,-0.026873286662521593,-0.08282342794056173,0.05964046594008036
3270,-0.013316562904938678,0.0,-0.0003422055081160796,-0.0313525105614991,-0.014714651737362734,0.14364006122783693,-0.07380281460695408,-0.05744779928967433,-0.074353868851313,-0.13521293604087753,-0.3952378919405997,0.0008730622771198771,-0.11656441352145872,0.0,0.0,0.0,0.0,-0.08229794033649156,-0.051235828269867986,-0.013471286697902195,-0.13226044838584095,0.29163027952048687,-0.2068273651262346,-0.019001523733658484,-0.5043531794051187,-0.006694419881100039,-0.05256022648396142,-0.03436746128931166,-0.1589310601079748,-0.05601873580460159,0.10270967912996999,0.037013750133109126,-0.013828774789417523,0.0057985148301159615,-0.054621645223524445,0.0794949469179321,-0.734785864844297,-0.22496246478842322,0.0005058374125850044,0.14634292004519145,0.0,0.0,-0.19416313465772267,-0.5277155410010526,0.014363110115165221,-0.00905256617329763,-0.4322247249255761,-0.08070718605132891,0.012972885181653371,-0.09276652931677076,0.06898168594509288,-0.047384195905793285,0.04158124905062946,-0.03337611856244817,-0.02818890255777084,-0.17847732818806172,-0.047736231398518084,-0.42653252782888795,-0.007040025825782137,0.04514930238679098,0.035035231871808147,-0.08240223345929917,0.06597002546196715
3271,-0.013316562904938678,0.0,-0.00017335753197321912,-0.03587477590651517,-0.014869921418535475,-0.11198670891988748,0.16796242209449325,-0.06499696914072463,0.0614342874095251,-0.10760903232720408,-0.43924840496682566,0.001000898241782129,-0.16083429463044308,0.0,0.0,0.0,0.0,-0.08024258955701033,-0.0383384862923722,-0.0720992124048012,-0.217103513466106,-0.016097777078850233,-0.40157695686424816,-0.016480796921119104,0.2813420141907916,0.025441398819115387,-0.017463003415340357,-0.042259833382195626,-0.1284769857419232,0.05067033392251911,-0.014868498294050202,0.043186301981140325,-0.015272240942499245,-0.04084411781997549,-0.0618985054824332,0.14427077241591071,-0.7573514118535912,-0.20088322521518,-0.004956797054031798,0.10586042016230378,0.0,0.0,-0.2539931653037509,-0.5152087062673548,0.00793467242695823,-0.010965218399874792,-0.5216196173668808,-0.07285526595590794,0.026580268958806226,-0.18805729918530667,0.07569419010154947,-0.021360457599309143,0.026297831179488786,-0.027448069289019952,0.028219490710317104,-0.10335432414145225,-0.07476189361366262,-0.7287265452545146,0.001931493877732175,0.075787071795699,0.004401976349701573,-0.05534141263768164,0.11617338385643627
3272,-0.008517402688776798,0.0,-0.000686913724038092,-0.037562255429979485,-0.014896392965689582,-0.13506336830454194,0.08552879586798696,-0.09195407590877787,0.25705647949332106,-0.13956726342138384,-0.43663685455163664,0.0006760437551377354,-0.14905501202085267,0.0,0.0,0.0,0.0,-0.09276877672174742,-0.04172989747073541,-0.021244417461942965,-0.13539425965802826,-0.007041195017850518,-0.4708974862446765,-0.015251482809773688,0.2423613813561079,0.14437336876068518,-0.019812945774442026,-0.04384653771782676,-0.15082403668971142,-0.0775905615594678,-0.08788961391691849,-0.03935996779298262,-0.013602396271428074,-0.02891599009061623,-0.06110048401276687,-0.01650214289724317,-0.7567194492150867,-0.20543079337497022,-0.01979445972300132,0.1263207845263841,0.0,0.0,-0.24280074665223117,-0.4868327175887567,0.010293604244912923,-0.0064517003509840885,-0.4890778881756612,-0.0796859055860532,-0.005154225229796375,-0.20164682438906883,0.06608118615487882,-0.022160009129211556,0.027982070936361354,-0.060604724464497634,0.0014130382580550154,-0.11696193583551072,-0.050746752286909516,-0.7162449393651222,-0.0009378668988575117,0.05290845646097985,-0.07059598431396345,-0.11328702682337222,0.07856384575047916
3273,-0.009531974446609165,0.0,5.434250058969424e-05,-0.04047928427249471,-0.01292746913951292,-0.2447140220556207,-0.1336748583335346,-0.06246913850365288,-0.04898762619522782,-0.12253771423410977,-0.3619543065753335,0.001506020383304845,-0.17433495834053891,0.0,0.0,0.0,0.0,-0.08539960294442142,-0.07593565062513712,-0.012368730881949595,-0.16338571165086963,-0.010708001672075789,-0.4086446369747562,-0.026875121413177695,0.1972530731511897,-0.16326249337475898,-0.022658147757077342,-0.04215746842323549,-0.16911468954737474,-0.15516613479565133,-0.024347192576183667,0.04864308995620973,-0.02831063822844208,-0.04831043116371917,-0.06923932884194518,-0.026015003025008195,-0.7728366736825594,-0.17122890518556358,0.00047085424257121815,0.13199935616289443,0.0,0.0,-0.27915776958877203,-0.5278216251046571,0.013328378847098114,-0.007143896658877574,-0.5218749400350394,-0.07732535870027184,-0.0019721834154287016,-0.1125620943660794,0.10019225281925231,-0.017724170623474526,0.040445840333065225,-0.039159386298624005,-0.010543541442158237,-0.18168432724790834,-0.06194914603329109,-0.7361281999629636,-0.001160285718377283,0.06032954594893025,-0.07694459413237503,-0.12597235893936712,0.1237096786758317
3274,-0.009531974446609165,0.0,-0.0005587616933783778,-0.03986807883969742,-0.013938168366249426,-0.15482566731920386,-0.08826123962177174,-0.0652258609423774,0.04053198037900168,-0.14416328415102903,-0.38672783574998293,0.002528329667156782,-0.1254196904174385,0.0,0.0,0.0,0.0,-0.10644892908220864,-0.07620734361855022,-0.014407912921587544,-0.1537362214202379,-0.029011308551083935,-0.44409772176999446,-0.019708051952818894,-0.03564102243709657,-0.08866849693594042,-0.04873704496521963,-0.03731459909957832,-0.17670244445830915,-0.062235136606251774,-0.028367382218935793,-0.0005399016933547891,-0.028026519804527195,0.04644331848368688,-0.023134690371834826,0.04107236007195068,-0.7806853642848217,-0.23176325697692354,0.00043814058972487896,0.14895226164492117,0.0,0.0,-0.26275992181044755,-0.5317603409757454,0.013360963201837698,-0.0121634135618095,-0.45558779528701365,-0.07890666413589985,0.0018978680314118814,-0.07218298578243847,0.1474925803684059,-0.05441517869949843,0.04127945778343311,-0.07745865032820023,-0.00397266916761578,-0.18075649359829418,-0.04318272667775547,-0.6486908541908807,0.0001992317977840892,0.04776293539574717,-0.046428566551526856,-0.12328459980082897,0.0966979479625091
3275,-0.009531974446609165,0.0,0.0003086878390083167,-0.036202617949158675,-0.0220392746688943,-0.19044625738821186,0.14141014145840763,-0.09003923741711067,0.03228247295223915,-0.14164092192161992,-0.4112629704106024,0.002270362727267583,-0.16317707285158428,0.0,0.0,0.0,0.0,-0.07778177467502734,-0.035057973566108035,-0.02335633806319649,-0.2104836224288728,-0.018809435204647187,-0.3247124410654298,-0.02530046133676932,0.16633128098132713,-0.012109932671690547,-0.015278236188776854,-0.0410471816417838,-0.13350085178547513,0.06406628912493476,-0.059982317562028334,0.039982701898439374,-0.01824279537974295,-0.02382372042304687,-0.0338204280232699,0.153037837923204,-0.7568363069490542,-0.16678122807275872,-0.004973140147178951,0.10834977299323786,0.0,0.0,-0.27499787163192974,-0.4971957735372397,0.0092914573315854,-0.007716236572867708,-0.5013227736263564,-0.0726050074661823,0.028373573878998193,-0.09221795055808518,0.16281637888654948,-0.03348184522563315,0.03965547888496165,-0.02658566589244444,-0.007466095282743872,-0.14600877349449226,-0.07686791342026056,-0.7233564056479677,0.003785727453837703,0.07222650974793553,-0.05988248035328236,-0.06810351734891291,0.1303934747523627
3276,-0.009531974446609165,0.0,-0.000686913724038092,-0.04292301576805031,-0.020732047347159638,-0.1684876902735866,0.11262653112860728,-0.05910039376921885,0.0319312451376662,-0.039644403311340205,-0.4426373445409758,0.0016177081278812803,-0.14717901904409214,0.0,0.0,0.0,0.0,-0.09404055429501479,-0.0404282554118047,-0.023674407494427722,-0.13774880087822294,-0.030065759861715235,-0.4478141745775306,-0.01462277677110556,0.09678291599506497,0.10840697051115147,-0.05163014491441664,-0.03957811649445312,-0.15363165439680976,-0.1247912890577983,-0.03195296490726866,-0.039920561121704716,-0.027032869058234623,0.018005883880518166,-0.05560702695420712,0.013944353099484694,-0.7771886910525639,-0.2173362617825026,-0.021274961973403648,0.13534154721338562,0.0,0.0,-0.2627115114582251,-0.519003602190041,0.013328378847098114,-0.005963155900104609,-0.4757809988116999,-0.0689329457031982,0.002221941268430613,-0.17877720706913347,0.10838155018644004,-0.033912499576838846,0.02623993012935157,-0.05032267626175178,0.0015541157235670648,-0.14071599737283258,-0.05349230178823016,-0.6666994422162786,0.002476260694682075,0.04787447220017759,-0.03601318748308166,-0.11657650175580729,0.15499672300739684
3277,-0.013316562904938678,0.0,-0.00097721098254818,-0.03638636359273912,-0.02292394102718831,0.043535378288489815,0.08791330159905561,-0.05623430550981369,0.002440323314442492,-0.11643392667314595,-0.4419177220624107,0.0023650493688701225,-0.14446711869871537,0.0,0.0,0.0,0.0,-0.09564610231271348,-0.024540387212350263,-0.06891360961874268,-0.1628146025004663,0.25904685808270517,-0.40091532029050436,-0.015306532461010236,0.17748165027115895,-0.06683466579855425,-0.05065853039819604,-0.038317576258140196,-0.15535143758562012,-0.1277013790162389,0.13021998521596698,0.062970257236489,-0.01611151773584421,-0.010982802619525054,-0.0907094684863543,0.09707985162841799,-0.7328178179759164,-0.21036501316192469,0.00045448368287203414,0.1242261022075718,0.0,0.0,-0.2510340365108361,-0.5229366865590723,0.014363110115165221,-0.010832589591961511,-0.4542615739229029,-0.07721608995405298,-0.008288680387697894,-0.16221900110404264,0.03157555713518852,-0.04393011021404931,0.02763621173659723,-0.007416689558324568,0.01603421360993137,-0.21576194949717203,-0.08511547355296407,-0.47811851800173,0.00042562849133207263,0.04963148936763522,-0.00578550723763313,-0.08560856559478248,0.0608291471394078
3278,-0.009531974446609165,0.0,-0.002678776750044694,-0.036202617949158675,-0.0220392746688943,-0.21287048563022032,0.14520832329017153,-0.09277546175266517,0.02762034099951801,-0.11147963239832388,-0.40797154448748535,0.0014913793187927627,-0.16356008749348414,0.0,0.0,0.0,0.0,-0.0800468663717112,-0.03823891477899216,-0.02262614102277389,-0.15751042546606245,-0.010135787687922783,-0.33348027797440316,-0.01918551887572981,0.09842065567140672,-0.012410659280347531,-0.017360357006156735,-0.04053292458911309,-0.1383945582997754,-0.08782904636328334,-0.061665790614216565,0.04084705751356006,-0.016879766903043165,-0.05455511531310865,-0.037490850493190606,0.25522167508011445,-0.7446307179437379,-0.1997657818755303,0.003674188139357331,0.11050084105870175,0.0,0.0,-0.27560914213728155,-0.496388224375663,0.009324041686324983,-0.012150831764278561,-0.5129231736969497,-0.07214299419086984,0.019383858628734287,-0.09248645570713174,0.16063301645238406,-0.031108545802835057,0.039614099850736696,-0.028315423878841495,-0.007628065855851132,-0.14885133809401893,-0.08337113447005037,-0.7257086749939508,0.0025261763207519586,0.07662578439237054,-0.003707453459269181,-0.0749176756438593,0.11450547635669163
3279,-0.009531974446609165,0.0,-0.0034200329746724802,-0.03587477590651517,-0.021159528898253385,-0.18658737872850417,0.17080599066373978,-0.07147425301202184,0.033201582534654696,-0.13169668188211445,-0.476002362009913,0.0019229783007202622,-0.16271134520277758,0.0,0.0,0.0,0.0,-0.08739512456715909,-0.03530007360079967,-0.023708374241622247,-0.147218368050782,-0.02103987104556232,-0.3454980404728378,-0.0248097178741222,0.3002991046282929,0.006825557782633339,-0.01530706887812721,-0.04274740452641752,-0.1345121098336654,-0.04537930528609124,-0.03870346011909499,0.0409244519152492,-0.01688551169911833,-0.020949928588041723,-0.03491819598369222,0.20497036717831768,-0.7561990555551759,-0.15546586584630503,-0.004973140147178951,0.10590833701632865,0.0,0.0,-0.2522102212639092,-0.4957466313748377,0.0092914573315854,-0.005400649628969188,-0.48979544910789485,-0.07232872138034557,0.03398505758892653,-0.09113235835908146,0.11662240418899769,-0.02876277006803614,0.02916862363131337,-0.025994681760178343,-0.006172950997585113,-0.09574860799132363,-0.08547715427664832,-0.7299601379050072,0.0008773049900401119,0.06713080882826661,-0.059633065007648735,-0.06977439988414184,0.1292695357631752
3280,-0.013316562904938678,0.0,0.0014221059072940553,-0.03625347608953959,-0.027853904500576926,-0.21568713503323184,0.16253455623496108,-0.07204922161313597,0.024193874104670353,-0.1285574369698068,-0.4093617592396685,0.0015734817914027437,-0.26303204894763327,0.0,0.0,0.0,0.0,-0.10086483211788676,-0.05763794121286508,-0.015128055227034821,-0.19848849532151258,0.007403302439579358,-0.3743619730616561,-0.019063381414940236,0.20960918264324924,0.008706274923232917,-0.024483612881631263,-0.039830763515186836,-0.15135889057616062,-0.15871730790054647,-0.007339624674409576,0.050410105849050646,-0.02890706816834589,-0.06693887367267641,-0.08524177983613487,-0.014209805259916788,-0.7679575568190425,-0.21509572072834365,0.00039702403285516065,0.1443967167234153,0.0,0.0,-0.27189487873728607,-0.5241021779663482,0.013360963201837698,-0.012368278105866617,-0.556836256682302,-0.06501894776649,-0.008024428556128862,-0.11564581919465348,0.0909606207380385,-0.05375399289739428,0.04032053561898263,-0.027784755875897335,-0.0373627679849629,-0.19701834198593235,-0.08813996678116723,-0.7004282897812182,0.004336375340810031,0.05906746571259508,0.0016989953785758426,-0.12278941506434474,0.10265519576333017
3281,-0.009531974446609165,0.0,-0.002678776750044694,-0.03482350723375449,-0.0220392746688943,-0.1879188006890573,0.1444155706227564,-0.08558615658719432,0.030690073355229053,-0.13366436918791905,-0.4135215694654308,0.002150047801841994,-0.16271134520277758,0.0,0.0,0.0,0.0,-0.0800468663717112,-0.038370214919550415,-0.004609568796320117,-0.15670611135821208,-0.012256745329935214,-0.33524601886569905,-0.026769124666913398,0.12811891255818222,-0.027590908902539547,-0.020683060183011113,-0.04061090800591284,-0.1318448464091774,-0.07769332909574131,-0.0589964168742098,0.04476041309358486,-0.016760662448139087,-0.031530642756730516,-0.034795158530405976,0.19143989126907848,-0.7447977537417452,-0.16701902195154544,0.003674188139357331,0.11039114714136902,0.0,0.0,-0.2564478335547141,-0.4966383010488861,0.0092914573315854,-0.007021101493819003,-0.5007712071680469,-0.07223656925159404,0.022274051923465807,-0.08682976137122224,0.1254860376521539,-0.027901538651313083,0.03965547888496165,-0.027576710244749253,-0.029051515467115534,-0.1419380583192208,-0.08608906666114256,-0.7254658306467789,0.00017060903701580633,0.07174478565682667,-0.0543573110451011,-0.07358205952052256,0.14091157957058748
3282,-0.009531974446609165,0.0,-0.003032670090366516,-0.03326940045384759,-0.014869921418535475,-0.1578765253804908,0.1509313562622426,-0.08260295460754505,0.03438423333967044,-0.127378446122023,-0.39686386751426056,0.002322599917587465,-0.15443596132656792,0.0,0.0,0.0,0.0,-0.07349110343827495,-0.03542167814584601,-0.011416490757480177,-0.1416388437894147,-0.012309149058779398,-0.41346076231452206,-0.026769124666913398,0.10966720946658233,-0.03495974119309743,-0.017039711087133348,-0.03993825388462745,-0.1312926321658979,-0.09173562665621401,-0.028590271333551482,0.04051360553185844,-0.02895528199395999,-0.035428719063858444,-0.06293459877823336,0.23585341269676716,-0.7605425577282157,-0.16745918774605098,0.003674188139357331,0.11199556607971961,0.0,0.0,-0.271474115692516,-0.5172585862153463,0.013328378847098114,-0.007186565794905569,-0.5019784027066164,-0.07193368812668599,0.012403493022851738,-0.1191755474017792,0.06869902294274917,-0.024232408961343647,0.03748258650388033,0.0010996146011190454,-0.03173779133277405,-0.14234388635950346,-0.08608906666114256,-0.7268632254008628,-0.0013279359260771795,0.07047361260101191,-0.058733535418014494,-0.06311056396300783,0.11625109832518744
3283,-0.009531974446609165,0.0,0.0013577586231665086,-0.034644086490916624,-0.022018250119106873,-0.22013752158766778,-0.16445235425662372,-0.07057951630411329,-0.13174404195590847,-0.12617614162018123,-0.38364613466392733,0.0013790398966553282,-0.24199832943000207,0.0,0.0,0.0,0.0,-0.09458453785589997,-0.0889943386173019,-0.009721133302683864,-0.15485547420201973,-0.0211042019156307,-0.3892992714592092,-0.017776940263681394,0.12687210750033753,-0.004775496800819245,-0.02419043072116723,-0.03689989318249828,-0.15403131607677004,-0.165122331174789,-0.028776447882644003,0.02747200484494442,-0.028328972223541186,-0.05280356075053228,-0.06895579081746898,-0.009901451119234598,-0.7683516610224725,-0.208054983813438,0.0004320346694209757,0.1457911968592125,0.0,0.0,-0.279993704848415,-0.5298694499056885,0.013328378847098114,-0.0056368412612004355,-0.5498825744833378,-0.07586681000909455,0.041647747942787375,-0.14281398138405593,0.20121683960505274,-0.03196394792675652,0.04439440039271091,-0.02962827631012838,-0.03290850235338298,-0.18628178672729212,-0.08173047152864131,-0.6926872124738227,0.0012892593448626444,0.061108249314976174,-0.06905414900013741,-0.11924639457206798,0.12888032408294273
3284,-0.009531974446609165,0.0,-0.000559512895694191,-0.033026463984304394,-0.01615871865416211,-0.15881874105495225,-0.12430597777478399,-0.08963965062211388,-0.18289711164296887,-0.14305092865646757,-0.3699606113732384,0.0009437333882332654,-0.17909228338478905,0.0,0.0,0.0,0.0,-0.0775668861988683,-0.069296552738483,-0.010091055536128195,-0.14421499757484724,-0.004657019866482796,-0.3626826642903773,-0.018094678526765495,0.18202326239716624,-0.1457847500140565,-0.022932686751268,-0.03913340518446041,-0.14422007839434026,-0.12399079186679021,-0.047138595352148996,0.05191865186771372,-0.016800196793253244,-0.05503869518638815,-0.05793261692000087,-0.021309852432320305,-0.7739364575151868,-0.19954499929299416,0.0019699965698401836,0.13407648050490648,0.0,0.0,-0.2608409933369272,-0.5073773570328362,0.013328378847098114,-0.005490276952928993,-0.5000574234557839,-0.07653978027883844,0.027480058969584772,-0.14895158958537888,0.16158551958644032,-0.020043214904827914,0.0424845794446597,-0.03200820026190727,-0.009636374985504334,-0.17168051411593935,-0.0542601060713475,-0.7092948448188606,-0.0020850780089864385,0.059453792827444674,-0.06505904592195945,-0.10109277285266013,0.13773533841652644
3285,-0.009531974446609165,0.0,-0.0034200329746724802,-0.03726649745386631,-0.021159528898253385,-0.21493504148228068,0.15277415817469242,-0.07207702556719166,0.07081171837410316,-0.10956531112068545,-0.443301009142483,0.00239224706451944,-0.16481308734603062,0.0,0.0,0.0,0.0,-0.08739512456715909,-0.038894334537955676,-0.01261547004010987,-0.15827779989767785,-0.014271229108371544,-0.3411432414867333,-0.02627838120426628,0.09722685547302959,-0.027116740502339,-0.016677365803305123,-0.04046720792151103,-0.13979646182117544,-0.0894438889615356,-0.06790576360678462,0.044714878662352756,-0.016760662448139087,-0.028593998016853302,-0.035559710444937775,0.25378103131880697,-0.7449357255438026,-0.16678122807275872,0.003674188139357331,0.11442806865688171,0.0,0.0,-0.2734154062675065,-0.4958428833317068,0.013328378847098114,-0.006324214703111223,-0.5039588853096943,-0.07114084186949118,0.029939500863382804,-0.09183803956707781,0.14622049066413986,-0.0205371622191881,0.02916862363131337,-0.014059974773385156,-0.030834534837027885,-0.14318401259731772,-0.08608906666114256,-0.7228014261079169,0.00017060903701580633,0.06989182181473381,-0.05957280826040037,-0.07543197230622989,0.11595674666184562
3286,-0.009531974446609165,0.0,-0.0004277028703918416,-0.04292301576805031,-0.020732047347159638,-0.04324932525889039,0.1431914462621459,-0.06512283415752124,0.019048141445935744,-0.13895362825816918,-0.41494679815391133,0.0032585851766941845,-0.14924101143420054,0.0,0.0,0.0,0.0,-0.09025011857890834,-0.04308663477164108,-0.02660794508057104,-0.1515918260867093,-0.02675061887922443,-0.4068624756311202,-0.0179372970152041,0.09863306156165627,-0.08724534358191122,-0.04981172448333408,-0.04427435567507211,-0.1547790361532963,-0.1411018805891189,-0.025573361123965684,0.030644429394378166,-0.01567285785474267,0.013235811308776638,-0.09077625643809208,0.0905363079530712,-0.7761478597628435,-0.20827478695080598,0.0019761024901440868,0.12539719040010525,0.0,0.0,-0.26215321553248105,-0.529478936638276,0.013328378847098114,-0.007052185275333212,-0.4743106156596718,-0.06531625735306852,0.01195640269786682,-0.10965262755399642,0.0406203827013017,-0.02205551751025929,0.027050595797201513,-0.020597799316561888,-0.009093777713500024,-0.1981655406369791,-0.04984155065593308,-0.6641185782544309,-0.0013677627045370236,0.04740957467545457,-0.07292881352969982,-0.11397686388021813,0.08563012828893103
3287,-0.009531974446609165,0.0,-0.003291880944012766,-0.03655651166237926,-0.0220392746688943,-0.2125649438128794,0.1436872566615075,-0.06735202331778087,0.04924610830516995,-0.10933734369282191,-0.44014496948372095,0.002270901253024656,-0.16329014621406424,0.0,0.0,0.0,0.0,-0.0800468663717112,-0.03542167814584601,-0.012303594988201157,-0.15653704476202732,-0.015622809460113213,-0.34166558579712664,-0.026769124666913398,0.12305988934685419,-0.028417263685977478,-0.017065394459530696,-0.04064237137358682,-0.13429662617038135,-0.07976038696955526,-0.06117067517341378,0.0450190441922156,-0.016760662448139087,-0.027049483491806445,-0.03540334971036106,0.21046034897412372,-0.7444996469839779,-0.16678122807275872,0.003674188139357331,0.11039114714136902,0.0,0.0,-0.27364007084489766,-0.49654342223093356,0.0092914573315854,-0.007021101493819003,-0.5003562851214727,-0.07479458083876242,0.030305401135976386,-0.08809070007140095,0.16030462683308425,-0.021399802938770973,0.03965547888496165,-0.027261383224983164,-0.029219511884144494,-0.14003691138141275,-0.08862852674302292,-0.7267257732720898,0.00017060903701580633,0.07053833333225411,-0.06297516193138009,-0.07258150166037505,0.11598705019814441
3288,-0.009531974446609165,0.0,-0.0008094789268700358,-0.034902139485937116,-0.01615871865416211,-0.23001644901461998,-0.11924355120459015,-0.09096715747004404,-0.12814588859132095,-0.1278627891432275,-0.3816547951077334,0.0016744446544284597,-0.18077175934973091,0.0,0.0,0.0,0.0,-0.08097053226379859,-0.07377823112738556,-0.0147895738063744,-0.15731082752568415,-0.006749786863942257,-0.40968865795810994,-0.01956515787595576,0.1285031314119231,-0.14810194460128906,-0.02419043072116723,-0.03757483877426514,-0.15567161882499,-0.15824118148577193,-0.028120265879711427,0.0085117243505552,-0.02831063822844208,-0.05523869460620045,-0.07151056561110843,-0.019870733855297373,-0.7748255326445611,-0.20229516802823125,-0.005213223356245309,0.1520073199445957,0.0,0.0,-0.2818488588012003,-0.5274660557540131,0.013328378847098114,-0.0056368412612004355,-0.5459019115830143,-0.07699569839814668,0.020392155985733556,-0.06489868844529229,0.1982379027580378,-0.030256996705882833,0.0409477680531813,-0.021943573768896652,-0.01619503473218522,-0.18736447824339825,-0.0542601060713475,-0.6871500715722116,-0.00842351351668861,0.06015557533040951,-0.06822399502876085,-0.11805141198044093,0.12314661521389512
3289,-0.009531974446609165,0.0,-0.000686913724038092,-0.04292301576805031,-0.020732047347159638,0.21758852724767194,0.07934325436241647,-0.05733232430371238,0.0794961413296983,-0.12861026799905995,-0.4968314276180708,0.0028184324459186298,-0.1483072866698572,0.0,0.0,0.0,0.0,-0.10885290847829587,-0.04062039907765019,-0.027182771483586776,-0.14837484111471216,-0.036314655015467594,-0.4301294355440862,-0.015413275875692698,0.17754102761219645,-0.08545953670069166,-0.0413715146982804,-0.04333699510227734,-0.16463741188099965,-0.10698082490434593,-0.08578542999495913,-0.039798011772816916,-0.006787421326404585,0.04208604778575195,-0.05984610608456595,0.044479867133627476,-0.7727495753504738,-0.23615756886606934,0.0004496752442270621,0.13416723707772338,0.0,0.0,-0.2585992343497088,-0.5068562703955938,0.013328378847098114,-0.006069496853714581,-0.372231470455053,-0.07388929201814227,-0.016072163763268976,-0.05794779437368632,0.10843542719490769,-0.03107311410161575,0.022678340086820663,-0.04945841256176094,0.0028967973086331178,-0.21519077344468385,-0.0523770891949729,-0.6631728621850641,0.010511568255271468,0.049906062400579744,-0.06940281043126457,-0.12394058523298722,0.09635037851015316
3290,-0.013316562904938678,0.0,-0.003291880944012766,-0.03482350723375449,-0.014869921418535475,-0.20271088153553626,0.15727353366598837,-0.07602587681184082,0.04878094742115834,-0.09309841148648793,-0.44305976239840356,0.0009024590244296139,-0.15442521089997027,0.0,0.0,0.0,0.0,-0.0718227838183036,-0.038006510339812435,-0.0629522186528374,-0.13732020372009243,-0.004572206546257058,-0.4116939924666031,-0.016480796921119104,0.28259042526170364,0.01938286418817439,-0.021476174526542866,-0.04087063568353956,-0.13173725778973613,-0.05645762150318692,0.021872647188294913,0.0454277394509208,-0.016879766903043165,-0.04375179690352449,-0.03753975433322654,0.18328661758412798,-0.7594367577661073,-0.20112101909396674,-0.004956797054031798,0.10969039441236438,0.0,0.0,-0.2543729157513231,-0.5159556411377387,0.00793467242695823,-0.01123432742194222,-0.5042631800724927,-0.072485404809347,0.02976006603734315,-0.16950661186228544,0.11738317280767098,-0.02253198741276677,0.036517820763763933,-0.03102015903381998,0.028560705539222343,-0.10429531895080434,-0.08337113447005037,-0.7270663499767186,0.0021704877077394157,0.07677783579607465,0.007042277380762108,-0.07157790916741098,0.12709343318938177
3291,-0.009531974446609165,0.0,-0.003291880944012766,-0.037935622377783446,-0.021159528898253385,-0.14806660772264035,0.1626905425311714,-0.06665046119939655,0.049987143673788856,-0.1374374043517461,-0.4722804248497624,0.0017299663922619483,-0.1618574538104246,0.0,0.0,0.0,0.0,-0.0800468663717112,-0.035057973566108035,-0.0073116122398967235,-0.15465544779754828,-0.028256444996586007,-0.3657374159296503,-0.017323343863038604,0.06724542865531329,0.008062055608402102,-0.01640594423386307,-0.040284925653940214,-0.1305136049702442,-0.08952688161992273,-0.0396089732040409,0.0450190441922156,-0.016760662448139087,-0.028164568807903658,-0.03612730401616125,0.2626513604997712,-0.7561715203339765,-0.1997657818755303,-0.004973140147178951,0.10892869560626726,0.0,0.0,-0.27203933917221396,-0.4967222432923622,0.0092914573315854,-0.005663134431723481,-0.5064752652556067,-0.07379895304929764,0.04008224327266605,-0.18712138822323082,0.14636584112580156,-0.011790148283463668,0.03965547888496165,-0.025565037463648396,-0.028973136262388913,-0.1455685543171715,-0.08529868216743648,-0.7281700183696405,-0.00021464085055495507,0.07165482986880194,-0.05213895656811184,-0.0709160503454496,0.13070645866163255
3292,-0.009531974446609165,0.0,5.434250058969424e-05,-0.04196683546356756,-0.018787000604457683,-0.18897424189938672,0.14362748082213997,-0.06872783966863732,0.03358426719117992,-0.15224985004688163,-0.42172054581075363,0.001796500701640479,-0.2566156083063778,0.0,0.0,0.0,0.0,-0.0737228840766885,-0.045533877614288,-0.02017964392106115,-0.14985545487629048,-0.01429033494003782,-0.3536643179898538,-0.02339010626370538,0.10969495925872477,-0.033950087680094575,-0.022412270502105567,-0.040602279387404676,-0.14796111475769952,-0.15888734082260364,-0.058588213133415445,0.04136327234698474,-0.01692798072865726,-0.04500407350663545,-0.055716587206550705,-0.012832579809653643,-0.7642283220605837,-0.1747750733385308,0.00047085424257121815,0.1337873706692683,0.0,0.0,-0.27616093253252544,-0.5045992371095948,0.0092914573315854,-0.007457486043357641,-0.5241984365175563,-0.06753789670267733,0.03676432833165366,-0.15733133006367708,0.16837069483355366,-0.02241696187066296,0.036751495239281,-0.022656884350413565,-0.010157353661865142,-0.1818110617161026,-0.09404516588124598,-0.7086809705186141,0.003873257752929645,0.058038082114049455,-0.07512580394246757,-0.13109524257461094,0.1350249476795797
3293,-0.009531974446609165,0.0,5.434250058969424e-05,-0.04023383103494279,-0.022018250119106873,-0.22242330310723663,-0.11745328160598102,-0.047033200515464946,0.033041925127506276,-0.13215675008312985,-0.419717010818532,0.0012987153790464843,-0.24304698896699714,0.0,0.0,0.0,0.0,-0.10197783953266071,-0.07907403415563528,-0.010227297917708947,-0.1863644023031179,-0.010909950281431633,-0.4026718675890333,-0.02508690380090333,0.14871049389013313,-0.032161856837942454,-0.02199309268792288,-0.03932640746662615,-0.14207524557672277,-0.1531869572680888,-0.029467306825166285,0.02796264842554374,-0.028271103883327927,-0.04600265502911698,-0.058634875169436135,-0.024818749959558167,-0.7690556569604061,-0.17162334675752794,0.0004195005128582479,0.1449109137174261,0.0,0.0,-0.27733448988449577,-0.5257002569788628,0.013328378847098114,-0.007457486043357641,-0.5136712758363388,-0.07438297014590688,0.012840795807196376,-0.16999285634670375,0.16508089212741314,-0.03987968890730408,0.04432910472287048,-0.04482083376592466,-0.038463988249529686,-0.14811573764669975,-0.09211761818385987,-0.68872443327621,0.0015176904691934934,0.058845334775856406,-0.07822487970209338,-0.11977697739617515,0.1279332486114522
3294,-0.009531974446609165,0.0,-0.002678776750044694,-0.036202617949158675,-0.0220392746688943,-0.21313380462902987,0.14688749842875531,-0.07267011061984115,0.028493986470703392,-0.11913342164478151,-0.44978795156061996,0.0010944759981631014,-0.16170334739834033,0.0,0.0,0.0,0.0,-0.0800468663717112,-0.03787521019925419,-0.006647644715957184,-0.1612275603271018,-0.00384944545060514,-0.38005756802671475,-0.018865964593599526,0.08291949773942374,0.005534125775379518,-0.01727970779177578,-0.037302744983028296,-0.13336436732818402,-0.09117955188134289,-0.026944471685283636,0.04425524678890874,-0.028222890057713827,-0.050675724922530446,-0.03680425558264944,0.24752021069666072,-0.7611921429113342,-0.20088322521518,-0.004973140147178951,0.11511668518724383,0.0,0.0,-0.27345828131440264,-0.5180083543685015,0.013360963201837698,-0.012150831764278561,-0.5196989932200227,-0.07214299419086984,0.024985055918519086,-0.17180033238124798,0.16028620398838672,-0.022548282918435174,0.039614099850736696,-0.030050363719312592,-0.031002397523094655,-0.1544990453111248,-0.08337113447005037,-0.7235524873056153,-0.00018507957599673712,0.07611154613640643,0.0022542795976349967,-0.06504624608664922,0.11594616831104768
3295,-0.009531974446609165,0.0,-0.0007615052311839945,-0.03613536637255594,-0.012972370772775054,-0.22612665044445462,-0.11462482554103555,-0.05578125024026815,0.020232038536295075,-0.1065781541316535,-0.4124579699943971,0.001064769849768464,-0.15970121739593998,0.0,0.0,0.0,0.0,-0.07349110343827495,-0.06654567111110311,0.01345653769798542,-0.15852150920234467,-0.044048589803563465,-0.3846677455799151,-0.017724483269655495,0.0791434030430191,0.003683106432876105,-0.022167718088979268,-0.03769963941822927,-0.12101947649098169,-0.08614085283123185,-0.028802518502196083,0.05935386356562838,-0.028271103883327927,-0.035631392373854605,-0.03913966804675971,0.24451626590424333,-0.7615443010146445,-0.20449956673847833,-0.00651110204759816,0.13307794884088775,0.0,0.0,-0.27785916355845186,-0.5174122749638687,0.007902088072218646,-0.007021101493819003,-0.5470451693404911,-0.08702641476657351,0.029141562463052228,-0.16986853241581046,0.165276052378463,-0.01862264356394596,0.04036626592981461,-0.04324168007428598,0.0646054870774663,-0.15950978709648234,-0.08448149229245563,-0.7063186022396388,-0.00018507957599673712,0.06829869172495363,-0.0677737399580625,-0.06816919316678444,0.1360987792954339
3296,-0.009531974446609165,0.0,5.434250058969424e-05,-0.04196683546356756,-0.01292746913951292,-0.06878888551782664,-0.11662540819955693,-0.07237536147672614,-0.031702441502281235,-0.13080591823731186,-0.38978021084804343,0.000957772202770659,-0.17307971281198872,0.0,0.0,0.0,0.0,-0.07179987673137732,-0.07642086062720523,-0.01070057230002328,-0.1478638515331102,-0.0063452698726070254,-0.41362099036008926,-0.02540464206398743,0.05817979369496,-0.15581977946480025,-0.02185667908400789,-0.04096118508449939,-0.15238146400172528,-0.16592804453556376,-0.02062196342800964,0.04712029030267094,-0.016746844492336467,-0.05801743026933492,-0.09455652463555425,-0.02742137002085199,-0.772267303000267,-0.17049376057488275,0.0020088161429904273,0.13159992301733794,0.0,0.0,-0.2768473281128265,-0.5263559590810916,0.013328378847098114,-0.00730936095996414,-0.507659793839163,-0.07832336592527242,0.024688603752524463,-0.191733437702035,0.12308212535923033,-0.024480918881478155,0.04125650600091517,-0.03566459313110193,-0.012236362324771263,-0.16501578904672778,-0.06514366184899255,-0.7247854636740447,-0.003043561664293033,0.059271339452852845,-0.07397040312166936,-0.12811263925004684,0.11531588250723154
3297,-0.009531974446609165,0.0,-0.0005587616933783778,-0.041859136263342686,-0.021611793117800555,-0.14325715175930087,0.10201478360040749,-0.07523404461082644,0.04590822286862473,-0.13136746757083548,-0.4496782183983802,0.0030045508145916384,-0.14800689080663024,0.0,0.0,0.0,0.0,-0.08688929046656688,-0.041881871339221964,-0.027263703681398646,-0.15575396752500315,-0.04191578730376681,-0.4713727858660489,-0.016959377147707143,0.12069665848141237,-0.07591296786843066,-0.048145750939871834,-0.041528606744607004,-0.1641364197225841,-0.11356682477048045,0.014536354663130826,0.034258997515184846,-0.01572621015565945,0.011292014189438973,-0.06005208267283872,0.06481802185449986,-0.7904017207161748,-0.22245030211136177,0.00043814058972487896,0.13134248368514004,0.0,0.0,-0.26254011578385994,-0.5287949023653221,0.013328378847098114,-0.007583607764954425,-0.4726338719747134,-0.06910816459553372,0.017991809058181242,-0.054546356490578776,0.12738821729798339,-0.03611746970456682,0.03672678538299984,-0.022770900093695597,-0.0070997889339795605,-0.21410808192857772,-0.0523770891949729,-0.6640509235368289,0.004018361423665747,0.05016787890991801,-0.07121756611141057,-0.11950547624612477,0.10187579482867662
3298,-0.013316562904938678,0.0,-1.4813750099336616e-05,-0.031710309434449795,-0.013938168366249426,-0.11426098072411747,-0.0738590266870724,-0.06408445792171881,-0.08459319223526802,-0.12783702841279593,-0.40461062907431844,-0.0004102550336379113,-0.09452341640539963,0.0,0.0,0.0,0.0,-0.08415702052192928,-0.08236984560422184,-0.019429527060986045,-0.13481942499161875,0.04785501343203873,-0.2335737151656583,-0.01820272520824312,-0.4642454604120964,0.2957539062937376,-0.047660520439628054,-0.03356913849824334,-0.16797138730589228,-0.05346406998078504,0.10602507719979694,0.010232089791768758,-0.01615598358322835,0.029552935473702614,-0.02258072299902865,0.08454329757955577,-0.7818193604342578,-0.26128091257694697,-0.021207265150543525,0.15188740986812266,0.0,0.0,-0.2014262163646034,-0.5224651294102234,0.013360963201837698,-0.010810271831413365,-0.40837547140185293,-0.09091808763927632,0.0013919875145019809,-0.03510028909578694,0.11708380009405851,-0.05294587630393387,0.039060947531400755,-0.07337410621282812,-0.0002096381818338597,-0.10840225984808612,-0.04092999686721092,-0.6012151837241694,-0.004805032661018385,0.043306910604000916,0.001501461611192281,-0.09939669157413818,0.0776523179613783
3299,-0.009531974446609165,0.0,-0.000559512895694191,-0.03414886692735964,-0.01615871865416211,0.21220934696732593,-0.1411378031307197,-0.07240918072952977,-0.1850772632370159,-0.1417914192019327,-0.37471111760553605,0.0007119652330750703,-0.17894295940362134,0.0,0.0,0.0,0.0,-0.08855212569128346,-0.07462089634917594,-0.013472976717839286,-0.1810746851701877,-0.028894021129416674,-0.35852488445698716,-0.01623083899166695,0.17949935902808403,-0.11101213732160016,-0.018642993846082985,-0.03783491975867682,-0.1608391088936899,-0.15523286430257077,-0.08324302899445968,0.00894841952579108,-0.00828657297133185,-0.03764015605335775,-0.0611263118990648,-0.002374602829316141,-0.7700263168814381,-0.21512679125158984,0.0004870568512748656,0.133573462878993,0.0,0.0,-0.2789822417867126,-0.5074589401509562,0.0092914573315854,-0.004320360387941415,-0.43272308620953615,-0.08504861046251036,0.006673886350502723,-0.14909497653417325,0.20206456707546902,-0.04530223495692148,0.0418969050079947,-0.0389626735622556,-0.012008721928641476,-0.1854149240694854,-0.056792317246512944,-0.7021174408838174,0.008669312643606574,0.06199294211562616,-0.06575027137629551,-0.10296651056600462,0.1415271994503055
