pdb,query,seed,sample,data_file,chain_iptm,chain_pair_iptm,chain_pair_pae_min,chain_ptm,fraction_disordered,has_clash,ipTM,pTM,ranking_confidence,format,iptm_A,iptm_H,iptm_L,ptm_A,ptm_H,ptm_L,chain_pair_iptm_AH,chain_pair_iptm_AL,chain_pair_iptm_HL,chain_pair_pae_min_AH,chain_pair_pae_min_AL,chain_pair_pae_min_HL,chain_plddt_A,chain_pae_A,chain_plddt_H,chain_pae_H,chain_plddt_L,chain_pae_L,chain_pair_pae_AH,chain_pair_pae_AL,chain_pair_pae_HL,avg_model_plddt,avg_internal_pae,avg_pair_pae,plddt_H3,plddt_L3,contacts_AH,interface_plddt_AH,interface_pae_AH,contacts_AL,interface_plddt_AL,interface_pae_AL,contacts_HL,interface_plddt_HL,interface_pae_HL,total_contacts,avg_interface_plddt,avg_interface_pae,pdockq_AH,pdockq_AL,pdockq_HL,pdockq,pdockq2_AH,pdockq2_AL,pdockq2_HL,pdockq2,LIS,LIS_AH,LIS_AL,LIS_HL,avg_LIS,piTM,pIS,piTM_A,piTM_H,piTM_L,model_avg_RMSD,query_avg_RMSD,scaled_RMSD_ratio,scaled_model_RMSD,scaled_query_RMSD,dG_separated,dSASA_int,nres_int,delta_unsatHbonds,packstat,dG_dSASA_norm,model_path,native_path,Fnat,Fnonnat,rRMS,iRMS,LRMS,DockQ
/home/cseomoon/project/ABAG/DB/ABAG_structure/AF3/native/7wrv/seed-1_sample-0/model.cif,7wrv,1,0,/home/cseomoon/project/ABAG/DB/ABAG_structure/AF3/native/7wrv/seed-1_sample-0/confidences.json,"[0.1, 0.5, 0.49]","[[0.86, 0.1, 0.1], [0.1, 0.85, 0.89], [0.1, 0.89, 0.9]]","[[0.76, 24.81, 25.07], [15.23, 0.76, 1.04], [14.93, 1.03, 0.76]]","[0.86, 0.85, 0.9]",0.0,0.0,0.42,0.55,0.44,custom,0.1,0.5,0.49,0.86,0.85,0.9,0.1,0.1,0.89,20.02,20.0,1.0350000000000001,79.971725,5.664826658545252,82.72314935064935,4.464239262972497,89.55074534161491,2.2208535489667565,27.66961240629377,27.742040390632408,4.964870089699969,84.08187323075475,4.116639823494835,20.125507628875383,76.01142857142858,83.08000000000001,3339.0,54.98454627133872,28.39771604938272,530.0,65.67360377358492,28.01931818181818,4197.0,81.92912913986179,4.81367901234568,8066.0,67.52909306159513,20.41023774784886,0.05463655760253894,0.020193875689050754,0.4235521387242492,0.41750300309474425,0.009014262590667937,0.009079399548088292,0.38100969558777725,0.009054753070601823,"[[0.6469799414018481, 0, 0], [0, 0.7304998530924048, 0.6623541145647256], [0, 0.6738125661478098, 0.8162112040828436]]",0.0,0.0,0.6680833403562677,0.22269444678542258,0.5702863067864556,0.5307025415614428,0.0021889746675587177,0.3021508867021584,0.22636268019172562,52.00377930746056,33.187285567466624,0.28940015526483526,0.026020629364300704,0.0615603041457335,242.19556128252128,1843.3282018286739,68.0,24.0,0.7153255028085953,0.131390362845993,/home/cseomoon/project/ABAG/DB/ABAG_structure/AF3/native/7wrv/seed-1_sample-0/model.cif,/home/cseomoon/project/ABAG/DB/ABAG_structure/original_pdb/7wrv_ABAG.pdb,0.0,1.0,1.9462315173420919,16.132322643127907,51.41171627218136,0.01172624129926011
/home/cseomoon/project/ABAG/DB/ABAG_structure/AF3/native/7wrv/seed-1_sample-1/model.cif,7wrv,1,1,/home/cseomoon/project/ABAG/DB/ABAG_structure/AF3/native/7wrv/seed-1_sample-1/confidences.json,"[0.12, 0.5, 0.5]","[[0.85, 0.12, 0.12], [0.12, 0.85, 0.89], [0.12, 0.89, 0.9]]","[[0.76, 22.13, 23.09], [13.2, 0.76, 1.06], [12.7, 1.07, 0.76]]","[0.85, 0.85, 0.9]",0.0,0.0,0.43,0.56,0.46,custom,0.12,0.5,0.5,0.85,0.85,0.9,0.12,0.12,0.89,17.665,17.895,1.065,80.78468749999999,5.474953048068626,82.62155844155843,4.547683240753285,89.25069565217392,2.2327044025157234,26.51820166405799,26.501031098890678,5.1168651407361585,84.21898053124413,4.0851135637792115,19.378699301228277,75.97,84.0825,2394.0,60.75356725146198,26.224205128205128,1172.0,71.86189419795222,26.81198347107438,4209.0,83.01212520788783,5.315091538842157,7775.0,71.87586221910068,19.450426712707223,0.05967305013271,0.06602573114391665,0.4387500621895803,0.4968763648164009,0.010442056401911853,0.010156310745715838,0.489160898324661,0.010487014081739958,"[[0.6403386196443754, 0, 0], [0, 0.7293114448370632, 0.657501346740887], [0, 0.6675071655434194, 0.8153075758924597]]",0.0,0.0,0.6625042561421532,0.22083475204738442,0.5299821464474728,0.4887891837529228,0.004486135618505032,0.2462536568740987,0.23804939126031904,31.0115838321564,33.187285567466624,0.5338511527443007,0.06987641475991758,0.0615603041457335,298.5000286484312,1608.044026680238,78.0,16.0,0.6876564263958402,0.1856292636866891,/home/cseomoon/project/ABAG/DB/ABAG_structure/AF3/native/7wrv/seed-1_sample-1/model.cif,/home/cseomoon/project/ABAG/DB/ABAG_structure/original_pdb/7wrv_ABAG.pdb,0.203125,0.6666666666666666,1.7862387209325987,4.018939160284901,18.128176178964228,0.1685411065424133
/home/cseomoon/project/ABAG/DB/ABAG_structure/AF3/native/7wrv/seed-1_sample-2/model.cif,7wrv,1,2,/home/cseomoon/project/ABAG/DB/ABAG_structure/AF3/native/7wrv/seed-1_sample-2/confidences.json,"[0.12, 0.51, 0.5]","[[0.85, 0.12, 0.12], [0.12, 0.85, 0.89], [0.12, 0.89, 0.9]]","[[0.76, 24.11, 22.04], [13.34, 0.76, 1.05], [12.62, 1.06, 0.76]]","[0.85, 0.85, 0.9]",0.0,0.0,0.43,0.56,0.46,custom,0.12,0.51,0.5,0.85,0.85,0.9,0.12,0.12,0.89,18.725,17.33,1.0550000000000002,80.669025,5.548890919242678,82.89656926406926,4.537643950684189,89.28649689440995,2.214896675651393,27.041626163604914,26.587446667298757,5.020750850603155,84.28403038615973,4.100477181859421,19.54994122716894,75.67714285714285,83.45499999999998,2356.0,57.36743845500849,28.073200992555833,1135.0,73.68511894273128,26.645894736842102,3823.0,86.35813366466127,4.678294573643411,7314.0,72.47023035413368,19.799130101013784,0.05336081232846748,0.0818857690123797,0.419016545483959,0.4915271682354465,0.00966953180456523,0.010258456049447372,0.5417249507331575,0.009954281591164852,"[[0.6406786115677915, 0, 0], [0, 0.7286204193611602, 0.6647425571266631], [0, 0.6731275656417008, 0.8166948549047535]]",0.0,0.0,0.668935061384182,0.22297835379472733,0.5309091090486742,0.49904702921252586,0.00391831397837375,0.25588909755452216,0.23923961767962998,60.1181626017887,33.187285567466624,0.2335648485033479,0.019598835706423925,0.0615603041457335,72.68630788630594,1676.6393060079697,73.0,16.0,0.678765778113552,0.04335238212884915,/home/cseomoon/project/ABAG/DB/ABAG_structure/AF3/native/7wrv/seed-1_sample-2/model.cif,/home/cseomoon/project/ABAG/DB/ABAG_structure/original_pdb/7wrv_ABAG.pdb,0.0,1.0,1.8039271832485506,17.835245265359834,64.00510675315334,0.008118117215556669
/home/cseomoon/project/ABAG/DB/ABAG_structure/AF3/native/7wrv/seed-1_sample-3/model.cif,7wrv,1,3,/home/cseomoon/project/ABAG/DB/ABAG_structure/AF3/native/7wrv/seed-1_sample-3/confidences.json,"[0.11, 0.5, 0.5]","[[0.86, 0.11, 0.11], [0.11, 0.85, 0.89], [0.11, 0.89, 0.9]]","[[0.76, 22.8, 22.32], [14.69, 0.76, 1.03], [13.92, 1.09, 0.76]]","[0.86, 0.85, 0.9]",0.0,0.0,0.43,0.56,0.46,custom,0.11,0.5,0.5,0.86,0.85,0.9,0.11,0.11,0.89,18.745,18.12,1.06,80.50483125,5.518336632658241,82.76603896103897,4.460676060154451,89.16601242236023,2.265633423180593,27.003904769750392,26.19275623400019,5.079759511289823,84.1456275444664,4.081548705331095,19.425473505013468,75.8942857142857,84.54624999999999,750.0,55.643166666666666,26.202380952380953,3353.0,72.6448971070683,26.91807692307692,3652.0,88.00979463307776,3.855110336817654,7755.0,72.09928613560425,18.99185607075851,0.025564480055654516,0.22956608494581907,0.4612459376815541,0.5717585056247521,0.010636872438027571,0.009708235798004998,0.5645254949725942,0.009942959410431551,"[[0.6419280845452351, 0, 0], [0, 0.7307372641048206, 0.6585226933858174], [0, 0.6681863960334676, 0.8125163195062608]]",0.0,0.0,0.6633545447096425,0.22111818156988083,0.6002696454625849,0.5268952981563559,0.0032695233957815077,0.22558519525315224,0.2980405795074222,43.81986109971063,33.187285567466624,0.3645103974253794,0.0362622484984652,0.0615603041457335,113.95702088148994,1736.4222472879662,79.0,18.0,0.7095233711757628,0.06562748263532898,/home/cseomoon/project/ABAG/DB/ABAG_structure/AF3/native/7wrv/seed-1_sample-3/model.cif,/home/cseomoon/project/ABAG/DB/ABAG_structure/original_pdb/7wrv_ABAG.pdb,0.0,1.0,1.7871107032334819,14.294725365994719,44.47433939617232,0.015377118360319283
/home/cseomoon/project/ABAG/DB/ABAG_structure/AF3/native/7wrv/seed-1_sample-4/model.cif,7wrv,1,4,/home/cseomoon/project/ABAG/DB/ABAG_structure/AF3/native/7wrv/seed-1_sample-4/confidences.json,"[0.12, 0.5, 0.5]","[[0.86, 0.12, 0.12], [0.12, 0.85, 0.89], [0.12, 0.89, 0.9]]","[[0.76, 23.01, 23.2], [13.21, 0.76, 1.03], [13.02, 1.05, 0.76]]","[0.86, 0.85, 0.9]",0.0,0.0,0.43,0.56,0.46,custom,0.12,0.5,0.5,0.86,0.85,0.9,0.12,0.12,0.89,18.11,18.11,1.04,81.02498125,5.438868585350997,82.64409090909092,4.557078986587184,89.18668322981368,2.230817610062893,26.863489579042753,26.529648241206033,5.07842561088772,84.28525179630152,4.075588394000358,19.49052114371217,75.73285714285714,83.5475,2527.0,61.68773248911754,27.28481262327416,1302.0,74.90920122887864,27.39710144927536,4275.0,82.4505707602339,5.103719806763285,8104.0,73.0158348260767,19.928544626437603,0.06793205956558576,0.04218777799770279,0.4381581009972543,0.48280804858784027,0.010442235462458333,0.01025930195809973,0.4320580301891141,0.010482032944061113,"[[0.6427611128022064, 0, 0], [0, 0.7296149031735514, 0.6619601677148848], [0, 0.671855309368867, 0.8156130353485889]]",0.0,0.0,0.6669077385418758,0.2223025795139586,0.5238178773692219,0.49348454535030073,0.003501770731766363,0.2569639098940898,0.23301886472444455,52.168927520497554,33.187285567466624,0.28809781912110877,0.025860399669415644,0.0615603041457335,236.63099246030635,1868.7730467127428,74.0,21.0,0.6905060882522431,0.12662371863536404,/home/cseomoon/project/ABAG/DB/ABAG_structure/AF3/native/7wrv/seed-1_sample-4/model.cif,/home/cseomoon/project/ABAG/DB/ABAG_structure/original_pdb/7wrv_ABAG.pdb,0.015625,0.975,1.7991545914925753,15.542209712814804,49.70238064892882,0.017756514266761402
/home/cseomoon/project/ABAG/DB/ABAG_structure/AF3/native/7wrv/seed-2_sample-0/model.cif,7wrv,2,0,/home/cseomoon/project/ABAG/DB/ABAG_structure/AF3/native/7wrv/seed-2_sample-0/confidences.json,"[0.1, 0.5, 0.49]","[[0.87, 0.1, 0.1], [0.1, 0.85, 0.89], [0.1, 0.89, 0.9]]","[[0.76, 21.79, 25.7], [14.52, 0.76, 1.06], [14.35, 1.05, 0.76]]","[0.87, 0.85, 0.9]",0.0,0.0,0.42,0.55,0.44,custom,0.1,0.5,0.49,0.87,0.85,0.9,0.1,0.1,0.89,18.155,20.025,1.0550000000000002,81.5783125,5.165549972082636,82.63791125541127,4.610940251998374,89.63765217391304,2.2140880503144653,27.410122332976357,27.604264245757093,5.104883235385092,84.6179586431081,3.996859424798492,20.03975660470618,75.44142857142856,83.48125,2120.0,61.48934669811321,27.233454106280195,596.0,74.087927852349,28.78888888888889,3660.0,87.5819043715847,3.939002267573696,6376.0,74.38639297401564,19.98711508758093,0.04353302590975809,0.024683803102582346,0.4455305434228672,0.4594990725227547,0.010811972750038364,0.0,0.5375669873736157,0.01088661511635479,"[[0.6567701199802772, 0, 0], [0, 0.7331238292418416, 0.6597376764776263], [0, 0.6713130100196262, 0.8167631001127529]]",0.0,0.0,0.6655253432486262,0.22184178108287542,0.5481404189344248,0.5018993761005764,0.0013323462665873666,0.27141553526965917,0.22915149456432996,54.3575641512724,33.187285567466624,0.2715378986497551,0.023868557840402937,0.0615603041457335,72.80388858408367,1303.7745105087972,52.0,11.0,0.701587386267113,0.05584085898080029,/home/cseomoon/project/ABAG/DB/ABAG_structure/AF3/native/7wrv/seed-2_sample-0/model.cif,/home/cseomoon/project/ABAG/DB/ABAG_structure/original_pdb/7wrv_ABAG.pdb,0.015625,0.9655172413793104,1.825721079719704,14.737298510592664,55.2424691931807,0.016335337682271887
/home/cseomoon/project/ABAG/DB/ABAG_structure/AF3/native/7wrv/seed-2_sample-1/model.cif,7wrv,2,1,/home/cseomoon/project/ABAG/DB/ABAG_structure/AF3/native/7wrv/seed-2_sample-1/confidences.json,"[0.23, 0.56, 0.56]","[[0.87, 0.22, 0.23], [0.22, 0.85, 0.89], [0.23, 0.89, 0.9]]","[[0.76, 18.36, 17.69], [10.61, 0.76, 1.01], [10.19, 1.02, 0.76]]","[0.87, 0.85, 0.9]",0.0,0.0,0.5,0.62,0.52,custom,0.23,0.56,0.56,0.87,0.85,0.9,0.22,0.23,0.89,14.485,13.940000000000001,1.0150000000000001,83.03986874999998,5.176341302471956,83.81478354978357,4.502221921148896,90.70424844720496,2.2210152740341416,22.852436362138565,22.529965867071205,5.005695174760285,85.85296691566283,3.9665261658849977,16.79603246799002,77.72,87.40125,1846.0,61.57697995666305,22.128475935828874,1329.0,75.27216704288938,21.189761904761905,3713.0,88.16527740371667,3.5347214710654407,6888.0,75.00480813442304,15.617653103885408,0.0426358176103633,0.0402961476180161,0.43438513720641875,0.46802737395208266,0.012454160266498416,0.013104602805392569,0.6394775470503385,0.012721034242173475,"[[0.6577102825106775, 0, 0], [0.04880952380952381, 0.7342821721412089, 0.6655722172485825], [0.05017064846416382, 0.6762033880797439, 0.8161934009851047]]",0.024404761904761905,0.02508532423208191,0.6708878026641631,0.24012596293366903,0.5321527263186909,0.5006509740233873,0.004900171689100802,0.25040311964442563,0.24534768268986093,24.106557184086626,33.187285567466624,0.6546101082412713,0.11057949637393072,0.0615603041457335,19.439668626455614,1591.5665981657082,69.0,19.0,0.6519300100725102,0.012214172280858351,/home/cseomoon/project/ABAG/DB/ABAG_structure/AF3/native/7wrv/seed-2_sample-1/model.cif,/home/cseomoon/project/ABAG/DB/ABAG_structure/original_pdb/7wrv_ABAG.pdb,0.28125,0.25,1.7414155848751882,2.484931887073006,4.377268903969475,0.4462355533545727
/home/cseomoon/project/ABAG/DB/ABAG_structure/AF3/native/7wrv/seed-2_sample-2/model.cif,7wrv,2,2,/home/cseomoon/project/ABAG/DB/ABAG_structure/AF3/native/7wrv/seed-2_sample-2/confidences.json,"[0.13, 0.51, 0.51]","[[0.87, 0.12, 0.13], [0.12, 0.86, 0.89], [0.13, 0.89, 0.9]]","[[0.76, 22.17, 20.29], [12.78, 0.76, 1.03], [12.29, 1.05, 0.76]]","[0.87, 0.86, 0.9]",0.0,0.0,0.44,0.57,0.46,custom,0.13,0.51,0.51,0.87,0.86,0.9,0.12,0.13,0.89,17.475,16.29,1.04,81.73636875,5.14595705801736,83.03883116883118,4.397960980896897,89.96916770186334,2.198544474393531,26.45012768761842,25.749772447141364,4.991602227033715,84.91478920689816,3.9141541711025956,19.063834120597836,76.28714285714285,83.84375,2868.0,63.3348570432357,27.08563748079877,1364.0,71.88191348973606,25.399333333333335,3608.0,87.8032026053215,3.805980066445183,7840.0,74.33999104609775,18.76365029352576,0.06769712944429873,0.029753952758420594,0.4384346041806661,0.44902475662611774,0.010752648193239005,0.010793768659688827,0.5314232734664335,0.01063091205441885,"[[0.6566187456725339, 0, 0], [0, 0.7371321100917431, 0.6594649013314313], [0, 0.6746377934454172, 0.8181266506424523]]",0.0,0.0,0.6670513473884243,0.22235044912947477,0.5245945108149174,0.48341644006787043,0.0021654755270584113,0.25465441564157143,0.22659654889924058,45.032926865497856,33.187285567466624,0.35195559910371366,0.03440124802903543,0.0615603041457335,240.81215943788334,1916.4409672799645,81.0,30.0,0.697175087839888,0.12565592342751467,/home/cseomoon/project/ABAG/DB/ABAG_structure/AF3/native/7wrv/seed-2_sample-2/model.cif,/home/cseomoon/project/ABAG/DB/ABAG_structure/original_pdb/7wrv_ABAG.pdb,0.0,1.0,1.765392924282709,12.274040083638056,42.60514625138143,0.017664830822683417
/home/cseomoon/project/ABAG/DB/ABAG_structure/AF3/native/7wrv/seed-2_sample-3/model.cif,7wrv,2,3,/home/cseomoon/project/ABAG/DB/ABAG_structure/AF3/native/7wrv/seed-2_sample-3/confidences.json,"[0.18, 0.54, 0.54]","[[0.86, 0.19, 0.18], [0.19, 0.85, 0.89], [0.18, 0.89, 0.9]]","[[0.76, 19.84, 19.98], [11.84, 0.76, 0.99], [11.07, 1.02, 0.76]]","[0.86, 0.85, 0.9]",0.0,0.0,0.47,0.6,0.5,custom,0.18,0.54,0.54,0.86,0.85,0.9,0.19,0.18,0.89,15.84,15.525,1.005,82.4779,5.23107202680067,83.41844155844154,4.4808291559409295,90.4527453416149,2.201311769991015,24.125486036741083,23.930039347681806,5.0129446334673675,85.44969563335216,3.971070984244205,17.68949000596342,77.03999999999999,86.78999999999999,2950.0,61.82976440677966,23.867662835249043,1173.0,72.51677749360613,23.156086956521737,4242.0,84.42107732201792,4.713557644730331,8365.0,72.92253974080124,17.245769145500372,0.07111578614871206,0.03536722168512583,0.4644728473346875,0.4898440358991106,0.010794848089778469,0.011831592432004878,0.3645476696241908,0.0110551124794794,"[[0.654070682664763, 0, 0], [0.009722222222222188, 0.7343730819277701, 0.6628890080109593], [0.030615942028985477, 0.6751175072957827, 0.8178209008367457]]",0.004861111111111094,0.015307971014492739,0.669003257653371,0.22972411325965827,0.5373527173145091,0.49933598070809126,0.0037625435372187466,0.2561134784113844,0.2394599587594882,23.612114413342958,33.187285567466624,0.6639203204582008,0.11472224686063812,0.0615603041457335,56.08505683704766,2033.4135155250424,71.0,35.0,0.6803271473855061,0.027581727183792266,/home/cseomoon/project/ABAG/DB/ABAG_structure/AF3/native/7wrv/seed-2_sample-3/model.cif,/home/cseomoon/project/ABAG/DB/ABAG_structure/original_pdb/7wrv_ABAG.pdb,0.296875,0.5777777777777777,1.7511521652156423,2.712711392085377,4.782541818074446,0.4301935102572007
/home/cseomoon/project/ABAG/DB/ABAG_structure/AF3/native/7wrv/seed-2_sample-4/model.cif,7wrv,2,4,/home/cseomoon/project/ABAG/DB/ABAG_structure/AF3/native/7wrv/seed-2_sample-4/confidences.json,"[0.22, 0.55, 0.56]","[[0.87, 0.22, 0.22], [0.22, 0.85, 0.89], [0.22, 0.89, 0.9]]","[[0.76, 18.4, 18.46], [11.02, 0.76, 1.01], [10.42, 1.03, 0.76]]","[0.87, 0.85, 0.9]",0.0,0.0,0.49,0.61,0.52,custom,0.22,0.55,0.56,0.87,0.85,0.9,0.22,0.22,0.89,14.709999999999999,14.440000000000001,1.02,83.00650625,5.171156286482919,83.40549783549783,4.590251998374203,90.54941614906832,2.222830188679245,23.004129252821485,22.815985588318952,5.0575085060315494,85.65380674485539,3.9947461578454555,16.959207782390664,77.10571428571428,86.91749999999999,2407.0,62.927962193602,22.334349593495936,1142.0,73.61589316987741,21.362222222222222,4001.0,85.71642214446389,4.208245243128964,7550.0,74.08675916931442,15.968272352949041,0.09493234499630127,0.039456452608831544,0.44585346437060036,0.4778286995029926,0.012322535961508261,0.012791765219459288,0.6135012781558282,0.012480260198303509,"[[0.6593465379128718, 0, 0], [0.03333333333333331, 0.734060382008626, 0.6630691840822793], [0.05031055900621117, 0.6743938337593927, 0.8161206563992995]]",0.016666666666666656,0.025155279503105584,0.668731508920836,0.23685115169686943,0.5393742304774817,0.5051915040611139,0.004683256499575931,0.2649368055467791,0.23557144201475894,24.316715041354165,33.187285567466624,0.6506745816635262,0.10888360122419087,0.0615603041457335,74.52304354177238,1673.463466115946,74.0,28.0,0.7010195896076139,0.04453222018329323,/home/cseomoon/project/ABAG/DB/ABAG_structure/AF3/native/7wrv/seed-2_sample-4/model.cif,/home/cseomoon/project/ABAG/DB/ABAG_structure/original_pdb/7wrv_ABAG.pdb,0.359375,0.34285714285714286,1.905086950771259,2.9457734070793453,7.357163584651946,0.3789914236094561
/home/cseomoon/project/ABAG/DB/ABAG_structure/AF3/native/7wrv/seed-3_sample-0/model.cif,7wrv,3,0,/home/cseomoon/project/ABAG/DB/ABAG_structure/AF3/native/7wrv/seed-3_sample-0/confidences.json,"[0.15, 0.52, 0.52]","[[0.87, 0.15, 0.14], [0.15, 0.85, 0.89], [0.14, 0.89, 0.9]]","[[0.76, 22.03, 23.12], [12.97, 0.76, 0.97], [12.25, 1.01, 0.76]]","[0.87, 0.85, 0.9]",0.0,0.0,0.45,0.58,0.47,custom,0.15,0.52,0.52,0.87,0.85,0.9,0.15,0.14,0.89,17.5,17.685000000000002,0.99,81.88717500000001,5.28744987564083,82.66800865800866,4.538450074515649,89.94638509316769,2.1678167115902967,25.457397643957492,25.52382193988812,4.988083823074543,84.83385625039212,3.997905553915592,18.656434468973387,73.82857142857142,86.02375,3679.0,62.365570807284584,25.33264411027569,1184.0,71.63261824324324,26.069298245614036,4109.0,84.26968970552447,4.6509605662285125,8972.0,72.75595958535077,18.684300974039413,0.1204017373931795,0.048114762197451116,0.421842583360642,0.4650436796742007,0.010110584942216758,0.01007237282510295,0.5241792543220306,0.010168076165603678,"[[0.6523368010522733, 0, 0], [0, 0.7324638537895023, 0.6670407671694818], [0, 0.6800580720092915, 0.8205803809862916]]",0.0,0.0,0.6735494195893866,0.2245164731964622,0.5365338054718922,0.5012941302938057,0.005037457083228141,0.2815952192105189,0.2146614540000587,35.07786686761268,33.187285567466624,0.4723265490881568,0.0554614462032758,0.0615603041457335,193.1260125355097,2100.7891665284997,80.0,25.0,0.6843439477952427,0.09193022108670024,/home/cseomoon/project/ABAG/DB/ABAG_structure/AF3/native/7wrv/seed-3_sample-0/model.cif,/home/cseomoon/project/ABAG/DB/ABAG_structure/original_pdb/7wrv_ABAG.pdb,0.0,1.0,1.7657027179248201,8.577242932065086,36.48705361322121,0.027050775853707937
/home/cseomoon/project/ABAG/DB/ABAG_structure/AF3/native/7wrv/seed-3_sample-1/model.cif,7wrv,3,1,/home/cseomoon/project/ABAG/DB/ABAG_structure/AF3/native/7wrv/seed-3_sample-1/confidences.json,"[0.11, 0.5, 0.5]","[[0.86, 0.11, 0.11], [0.11, 0.85, 0.89], [0.11, 0.89, 0.9]]","[[0.76, 22.53, 25.42], [14.45, 0.76, 1.04], [14.97, 1.06, 0.76]]","[0.86, 0.85, 0.9]",0.0,0.0,0.42,0.56,0.45,custom,0.11,0.5,0.5,0.86,0.85,0.9,0.11,0.11,0.89,18.490000000000002,20.195,1.05,81.16950625,5.412930815694635,82.67629870129869,4.5979000135482995,89.67096894409939,2.2024258760107815,26.64977139797347,26.98965582630132,5.124195793380761,84.50559129846603,4.071085568417906,19.58787433921852,75.8,84.27875,3759.0,62.804723330673056,26.175551470588236,613.0,70.61706362153343,27.920444444444446,4279.0,82.87411778452909,4.97404255319149,8651.0,72.0986349122452,19.69001282274139,0.11642477126432636,0.02079616176942524,0.4255142992517326,0.4311655319306845,0.01110458218116862,0.010174985890844812,0.4825833539207225,0.010397116261365216,"[[0.653620652948636, 0, 0], [0, 0.7300541405192567, 0.6588631027632292], [0, 0.671003770271666, 0.8177296599608331]]",0.0,0.0,0.6649334365174476,0.2216444788391492,0.507735060660238,0.472164575046917,0.004198939570005894,0.27516208921015545,0.19280354626675567,39.45010761947507,33.187285567466624,0.4144158700559848,0.04436431941507322,0.0615603041457335,3.092750658648356,1892.677572597267,78.0,26.0,0.7313910628055524,0.0016340610273118327,/home/cseomoon/project/ABAG/DB/ABAG_structure/AF3/native/7wrv/seed-3_sample-1/model.cif,/home/cseomoon/project/ABAG/DB/ABAG_structure/original_pdb/7wrv_ABAG.pdb,0.03125,0.9661016949152542,1.6018881852656257,9.745591674986674,32.62201518888263,0.03932240812045224
/home/cseomoon/project/ABAG/DB/ABAG_structure/AF3/native/7wrv/seed-3_sample-2/model.cif,7wrv,3,2,/home/cseomoon/project/ABAG/DB/ABAG_structure/AF3/native/7wrv/seed-3_sample-2/confidences.json,"[0.18, 0.54, 0.54]","[[0.86, 0.18, 0.18], [0.18, 0.85, 0.89], [0.18, 0.89, 0.9]]","[[0.76, 20.78, 20.17], [12.03, 0.76, 1.01], [11.69, 1.04, 0.76]]","[0.86, 0.85, 0.9]",0.0,0.0,0.47,0.59,0.49,custom,0.18,0.54,0.54,0.86,0.85,0.9,0.18,0.18,0.89,16.405,15.93,1.025,82.52910625,5.23559210192376,83.53791125541126,4.577089825226934,89.92168944099377,2.2185714285714284,24.456032210231488,24.457184507442875,5.0636483142592015,85.32956898213502,4.0104177852407075,17.992288343977854,78.10285714285715,86.08875,2672.0,62.693405688622754,24.156511627906976,1508.0,74.15180371352785,24.149825174825175,3954.0,86.15438416793121,4.289664082687339,8134.0,74.33319785669393,17.532000295139827,0.08164670187346194,0.06184119009258944,0.4428381938946763,0.4949237455220441,0.011226997994991338,0.011179311028702423,0.600789955065974,0.011166353218017963,"[[0.6564008098281181, 0, 0], [0, 0.7317037009695359, 0.6622488419659507], [0.01527777777777776, 0.6741704111145542, 0.8163959112218859]]",0.0,0.00763888888888888,0.6682096265402524,0.22528283847638045,0.5158431666902793,0.48467481150433533,0.005383374519377004,0.2368975371052882,0.24239389987967017,25.03258180490713,33.187285567466624,0.6373722822655802,0.10337967076603104,0.0615603041457335,21.492431166915026,1942.3194683055128,81.0,26.0,0.6909175159670249,0.011065343017781264,/home/cseomoon/project/ABAG/DB/ABAG_structure/AF3/native/7wrv/seed-3_sample-2/model.cif,/home/cseomoon/project/ABAG/DB/ABAG_structure/original_pdb/7wrv_ABAG.pdb,0.359375,0.46511627906976744,1.7801977858256774,2.811731837526335,8.603553588528273,0.35828940294282213
/home/cseomoon/project/ABAG/DB/ABAG_structure/AF3/native/7wrv/seed-3_sample-3/model.cif,7wrv,3,3,/home/cseomoon/project/ABAG/DB/ABAG_structure/AF3/native/7wrv/seed-3_sample-3/confidences.json,"[0.16, 0.52, 0.52]","[[0.86, 0.16, 0.16], [0.16, 0.85, 0.89], [0.16, 0.89, 0.9]]","[[0.76, 20.74, 21.22], [12.33, 0.76, 1.01], [12.46, 1.06, 0.76]]","[0.86, 0.85, 0.9]",0.0,0.0,0.45,0.58,0.48,custom,0.16,0.52,0.52,0.86,0.85,0.9,0.16,0.16,0.89,16.535,16.84,1.0350000000000001,81.8401125,5.319608141718694,83.45886363636365,4.512511854762227,89.81749068322979,2.220673854447439,25.234397396820164,25.215106191334026,5.065357253325085,85.03882227319781,4.017597950309454,18.504953613826423,77.11,86.10375,3104.0,61.38560405927834,24.883333333333333,1511.0,73.94702514890801,24.765495867768596,3725.0,88.48899865771813,4.375396825396826,8340.0,74.60720928863482,18.008075342166254,0.1105427378610655,0.05944049150144687,0.4493480178839532,0.4945371039347466,0.01081796014488586,0.010877267721687955,0.5825169844109851,0.010871999571076527,"[[0.6495163115478031, 0, 0], [0, 0.731637867647059, 0.6620662295278301], [0, 0.672575792790001, 0.8162208474274523]]",0.0,0.0,0.6673210111589156,0.22244033705297186,0.5028682922692226,0.47477627670387146,0.00495147635588076,0.2549569477197585,0.2148678526282322,23.90202468780383,33.187285567466624,0.6584528848967882,0.1122667055595796,0.0615603041457335,0.8565060054801279,2001.6354060197896,78.0,22.0,0.727460951377658,0.0004279031050830942,/home/cseomoon/project/ABAG/DB/ABAG_structure/AF3/native/7wrv/seed-3_sample-3/model.cif,/home/cseomoon/project/ABAG/DB/ABAG_structure/original_pdb/7wrv_ABAG.pdb,0.359375,0.54,1.757824770941669,2.4834514597673953,4.990684985304141,0.45677216587840475
/home/cseomoon/project/ABAG/DB/ABAG_structure/AF3/native/7wrv/seed-3_sample-4/model.cif,7wrv,3,4,/home/cseomoon/project/ABAG/DB/ABAG_structure/AF3/native/7wrv/seed-3_sample-4/confidences.json,"[0.17, 0.53, 0.53]","[[0.86, 0.17, 0.17], [0.17, 0.85, 0.89], [0.17, 0.89, 0.9]]","[[0.76, 21.44, 21.62], [12.38, 0.76, 1.01], [12.33, 1.04, 0.76]]","[0.86, 0.85, 0.9]",0.0,0.0,0.46,0.59,0.49,custom,0.17,0.53,0.53,0.86,0.85,0.9,0.17,0.17,0.89,16.91,16.975,1.025,82.24194375,5.276709304096238,83.79208874458874,4.443950684189134,89.92237267080745,2.2157502246181493,25.055284619820412,25.085467431497108,4.979388339004021,85.31880172179874,3.9788034043011744,18.37338013010718,78.46714285714286,86.05875,2406.0,62.301695760598506,24.71425925925926,1321.0,74.67353898561696,24.905335968379447,3660.0,88.91458333333334,3.6582167832167833,7387.0,75.29660602651626,17.759270670285165,0.06299632055071777,0.04274864777723431,0.4527772300367535,0.48340697861431897,0.01117009284520017,0.010848478073456368,0.6392029890607588,0.011032319383553615,"[[0.6535487575214735, 0, 0], [0, 0.7335564930300807, 0.6632418253897284], [0, 0.6750367988844128, 0.8167059853408114]]",0.0,0.0,0.6691393121370706,0.22304643737902352,0.5496666864418567,0.509708652639434,0.0032065041554146046,0.2585353829240223,0.24796676555999708,24.49950179961782,33.187285567466624,0.6472625761491914,0.1074388442392908,0.0615603041457335,50.36082593400738,1777.438687047762,77.0,21.0,0.7216599721999952,0.02833336885316378,/home/cseomoon/project/ABAG/DB/ABAG_structure/AF3/native/7wrv/seed-3_sample-4/model.cif,/home/cseomoon/project/ABAG/DB/ABAG_structure/original_pdb/7wrv_ABAG.pdb,0.375,0.3142857142857143,1.7998070321495707,2.5008796284044235,6.4156577786927524,0.42554475674551284
/home/cseomoon/project/ABAG/DB/ABAG_structure/AF3/native/7wrv/seed-4_sample-0/model.cif,7wrv,4,0,/home/cseomoon/project/ABAG/DB/ABAG_structure/AF3/native/7wrv/seed-4_sample-0/confidences.json,"[0.13, 0.51, 0.51]","[[0.86, 0.13, 0.13], [0.13, 0.85, 0.89], [0.13, 0.89, 0.9]]","[[0.76, 19.56, 22.33], [13.1, 0.76, 1.04], [12.69, 1.08, 0.76]]","[0.86, 0.85, 0.9]",0.0,0.0,0.44,0.57,0.47,custom,0.13,0.51,0.51,0.86,0.85,0.9,0.13,0.13,0.89,16.33,17.509999999999998,1.06,81.0882625,5.355172326277854,83.52288961038963,4.363412816691505,89.56660869565216,2.269128481581312,25.81190378120109,26.14140750924434,4.992696412001237,84.72592026868061,3.995904541516891,18.982002567482223,79.03142857142858,83.3925,2094.0,60.14136819484241,24.799999999999997,1552.0,70.99853414948454,26.004166666666666,3700.0,88.16809864864864,4.058861788617886,7346.0,73.10266699765852,18.287676151761517,0.046925154500931154,0.06033003601035784,0.4557287569416955,0.4937382471236235,0.01042686553107483,0.010299755228167461,0.5749772807357558,0.010352711588176633,"[[0.6446678892167406, 0, 0], [0, 0.7293432795895042, 0.6547944900142653], [0, 0.6705476356499057, 0.8122985845277307]]",0.0,0.0,0.6626710628320855,0.22089035427736184,0.5667341979110557,0.5146889254180671,0.0031079200888010235,0.24567058079338389,0.26591042453588215,38.01898085210188,33.187285567466624,0.43245607498527294,0.047605151055544616,0.0615603041457335,723.1636706446996,1652.625103633251,65.0,18.0,0.7196950193031894,0.43758482734822557,/home/cseomoon/project/ABAG/DB/ABAG_structure/AF3/native/7wrv/seed-4_sample-0/model.cif,/home/cseomoon/project/ABAG/DB/ABAG_structure/original_pdb/7wrv_ABAG.pdb,0.015625,0.9666666666666667,1.7575000657728002,8.151284763456712,39.93211632743229,0.03057504270909385
/home/cseomoon/project/ABAG/DB/ABAG_structure/AF3/native/7wrv/seed-4_sample-1/model.cif,7wrv,4,1,/home/cseomoon/project/ABAG/DB/ABAG_structure/AF3/native/7wrv/seed-4_sample-1/confidences.json,"[0.2, 0.55, 0.55]","[[0.86, 0.2, 0.2], [0.2, 0.86, 0.89], [0.2, 0.89, 0.9]]","[[0.76, 19.46, 19.55], [11.02, 0.76, 1.02], [11.0, 1.05, 0.76]]","[0.86, 0.86, 0.9]",0.0,0.0,0.49,0.61,0.51,custom,0.2,0.55,0.55,0.86,0.86,0.9,0.2,0.2,0.89,15.24,15.275,1.0350000000000001,82.54165625,5.329232018679255,84.74646103896104,4.097344533261075,90.4780745341615,2.234168912848158,23.40842738281572,23.479043803925286,4.787252551809464,85.92206394104085,3.8869151549294956,17.22490791285016,81.12571428571428,87.07,1934.0,63.14083505687694,22.267142857142858,1421.0,75.2124912033779,22.880871212121214,3767.0,88.67763870453943,3.251107419712071,7122.0,75.6769883215981,16.133040496325382,0.05796197108299615,0.046680804256638814,0.45976237476453247,0.4968546233439316,0.01211989876483621,0.011899571965539677,0.6722516168673693,0.012056384911040153,"[[0.6503768867317486, 0, 0], [0.02797619047619045, 0.7315988720902328, 0.6576021457965903], [0.03120915032679736, 0.6779084030575353, 0.8151829431140389]]",0.013988095238095225,0.01560457516339868,0.6677552744270627,0.23244931494285223,0.5754471168852204,0.5249440072764203,0.003296400726204458,0.2528941561791217,0.26875345037109416,24.385198253371826,33.187285567466624,0.6493950251295948,0.10833904868510617,0.0615603041457335,15.361845028944344,1626.3005352359867,67.0,20.0,0.6851206176058288,0.009445883276866315,/home/cseomoon/project/ABAG/DB/ABAG_structure/AF3/native/7wrv/seed-4_sample-1/model.cif,/home/cseomoon/project/ABAG/DB/ABAG_structure/original_pdb/7wrv_ABAG.pdb,0.265625,0.37037037037037035,1.8866484322817314,2.5655236883528922,5.281661275852274,0.4139433523614246
/home/cseomoon/project/ABAG/DB/ABAG_structure/AF3/native/7wrv/seed-4_sample-2/model.cif,7wrv,4,2,/home/cseomoon/project/ABAG/DB/ABAG_structure/AF3/native/7wrv/seed-4_sample-2/confidences.json,"[0.2, 0.55, 0.54]","[[0.86, 0.2, 0.2], [0.2, 0.86, 0.89], [0.2, 0.89, 0.9]]","[[0.76, 19.69, 19.72], [11.09, 0.76, 0.99], [10.92, 1.04, 0.76]]","[0.86, 0.86, 0.9]",0.0,0.0,0.49,0.61,0.51,custom,0.2,0.55,0.54,0.86,0.86,0.9,0.2,0.2,0.89,15.39,15.32,1.0150000000000001,82.03453125,5.491353230800468,84.96774891774893,3.9978187237501697,90.5989192546584,2.228283917340521,23.585606310239722,23.728022186403717,4.706360191772347,85.8670664741358,3.90581862396372,17.33999622947193,81.64571428571428,87.08375000000001,1900.0,62.94050000000001,22.5931129476584,1219.0,74.73779327317473,23.01825,3642.0,89.84046403075233,3.3170454545454544,6761.0,75.83958576797569,16.309469467401286,0.050918791604822475,0.04293340895571983,0.48433269305457427,0.5107415497142073,0.011975631263350883,0.011701055434721951,0.6893176222794516,0.011844975277472912,"[[0.6536646530186077, 0, 0], [0.028658536585365817, 0.7326930879755598, 0.6596793071161049], [0.029914529914529864, 0.6820350428674723, 0.8155866120705002]]",0.014329268292682908,0.014957264957264932,0.6708571749917887,0.2333812360805788,0.5577397584276639,0.5170810544519076,0.0024593870106394866,0.2650035524186461,0.249618115022622,24.225257511001065,33.187285567466624,0.6523856275312668,0.10961699871902134,0.0615603041457335,10.953259393403869,1592.9460598643707,61.0,11.0,0.6895703886740753,0.006876101877760048,/home/cseomoon/project/ABAG/DB/ABAG_structure/AF3/native/7wrv/seed-4_sample-2/model.cif,/home/cseomoon/project/ABAG/DB/ABAG_structure/original_pdb/7wrv_ABAG.pdb,0.21875,0.44,1.6199353981347069,2.6779484828687776,4.612377542891085,0.4100321873793678
/home/cseomoon/project/ABAG/DB/ABAG_structure/AF3/native/7wrv/seed-4_sample-3/model.cif,7wrv,4,3,/home/cseomoon/project/ABAG/DB/ABAG_structure/AF3/native/7wrv/seed-4_sample-3/confidences.json,"[0.17, 0.53, 0.53]","[[0.86, 0.18, 0.17], [0.18, 0.86, 0.89], [0.17, 0.89, 0.9]]","[[0.76, 20.48, 21.26], [11.82, 0.76, 1.03], [11.95, 1.05, 0.76]]","[0.86, 0.86, 0.9]",0.0,0.0,0.47,0.59,0.49,custom,0.17,0.53,0.53,0.86,0.86,0.9,0.18,0.17,0.89,16.15,16.605,1.04,82.16101875,5.309936043855642,84.57875541125541,4.133972361468636,90.30254658385091,2.2585175202156336,24.401742318148116,24.540177301602352,4.833799876275904,85.68077358170211,3.9008086418466377,17.92523983200879,80.97428571428573,86.3625,2326.0,63.74951418744626,23.93308270676692,993.0,72.42579556898288,24.273333333333333,3717.0,88.46578961528114,3.512060573282856,7036.0,74.88036645723675,17.239492204461033,0.08534014886045976,0.03596792959874912,0.46747387230731713,0.49152611266208723,0.0109696206272527,0.011150140007734838,0.6634064322250928,0.011050119645969504,"[[0.6521174166137886, 0, 0], [0.012499999999999956, 0.7307986686852666, 0.6568986838618497], [0, 0.6743634438591054, 0.8134703298008132]]",0.006249999999999978,0.0,0.6656310638604775,0.22396035462015917,0.5384801480758628,0.49873905608953867,0.0037642784225388032,0.27631230322865796,0.21866247443834191,23.851014467327662,33.187285567466624,0.6594131630966241,0.11269325489254868,0.0615603041457335,100.05625837109994,1678.8810844694203,68.0,13.0,0.6562222845832918,0.05959698950490046,/home/cseomoon/project/ABAG/DB/ABAG_structure/AF3/native/7wrv/seed-4_sample-3/model.cif,/home/cseomoon/project/ABAG/DB/ABAG_structure/original_pdb/7wrv_ABAG.pdb,0.296875,0.40625,1.7766059813491892,2.477060349548644,4.437487537977056,0.4503374456267086
/home/cseomoon/project/ABAG/DB/ABAG_structure/AF3/native/7wrv/seed-4_sample-4/model.cif,7wrv,4,4,/home/cseomoon/project/ABAG/DB/ABAG_structure/AF3/native/7wrv/seed-4_sample-4/confidences.json,"[0.2, 0.55, 0.55]","[[0.86, 0.2, 0.2], [0.2, 0.86, 0.89], [0.2, 0.89, 0.9]]","[[0.76, 19.42, 19.82], [11.09, 0.76, 1.01], [10.92, 1.04, 0.76]]","[0.86, 0.86, 0.9]",0.0,0.0,0.49,0.61,0.51,custom,0.2,0.55,0.55,0.86,0.86,0.9,0.2,0.2,0.89,15.255,15.370000000000001,1.025,82.61913125,5.284475407339729,84.06316017316016,4.418398590976833,90.43911801242236,2.2369901168014374,23.377982123733418,23.530001422205366,4.976302969378286,85.7071364785275,3.979954705039333,17.29476217177236,78.38714285714285,86.53625,1712.0,61.67748831775701,22.43784722222222,1349.0,73.86069681245367,23.25662878787879,3747.0,88.39297838270616,4.171924119241192,6808.0,74.64372117097228,16.6221333764474,0.036952773291928115,0.04234830699081307,0.45025274031023416,0.479983115345697,0.0119081334653721,0.011659405257025853,0.5960777049171487,0.011794889571352534,"[[0.6506890676806363, 0, 0], [0.027515723270440228, 0.7298605035481676, 0.6616419377904897], [0.03221649484536081, 0.6747959921495713, 0.8149522241016054]]",0.013757861635220114,0.016108247422680404,0.6682189649700305,0.232695024675977,0.5349643009884681,0.5026719643549533,0.003946120335638982,0.25810990535248285,0.24061593866683145,24.410690378277724,33.187285567466624,0.6489190926826315,0.10813734578563873,0.0615603041457335,25.892022728895995,1535.1410032629226,67.0,12.0,0.6592651685474628,0.01686621793950056,/home/cseomoon/project/ABAG/DB/ABAG_structure/AF3/native/7wrv/seed-4_sample-4/model.cif,/home/cseomoon/project/ABAG/DB/ABAG_structure/original_pdb/7wrv_ABAG.pdb,0.203125,0.38095238095238093,1.772609103177154,2.759195915962696,6.288893560774547,0.3591629352898806
/home/cseomoon/project/ABAG/DB/ABAG_structure/AF3/native/7wrv/seed-5_sample-0/model.cif,7wrv,5,0,/home/cseomoon/project/ABAG/DB/ABAG_structure/AF3/native/7wrv/seed-5_sample-0/confidences.json,"[0.14, 0.52, 0.51]","[[0.86, 0.15, 0.14], [0.15, 0.85, 0.88], [0.14, 0.88, 0.9]]","[[0.76, 20.76, 23.37], [12.64, 0.76, 1.05], [12.02, 1.07, 0.76]]","[0.86, 0.85, 0.9]",0.0,0.0,0.44,0.57,0.47,custom,0.14,0.52,0.51,0.86,0.85,0.9,0.15,0.14,0.88,16.700000000000003,17.695,1.06,81.209525,5.501162377544286,82.0816774891775,4.769103102560629,89.80491925465837,2.22225516621743,25.437496910783427,25.568863183843746,5.26800185586143,84.36537391461195,4.164173548774115,18.758120650162866,75.16857142857144,85.08875,4187.0,61.89857893479819,25.257742484401586,1284.0,72.00629283489096,26.091228070175436,4008.0,85.59336576846306,5.067248062015503,9479.0,73.16607917938407,18.80540620553084,0.1437823954933592,0.07196811958021956,0.44079518375012844,0.5031757726995817,0.010342777269409725,0.01004183339927096,0.6161865027418082,0.01042676189760043,"[[0.6421592089640843, 0, 0], [0, 0.7247100212692289, 0.6517705682782019], [0, 0.6646661500710319, 0.8160932585603229]]",0.0,0.0,0.6582183591746169,0.2194061197248723,0.5112360153411611,0.4776612290971902,0.005995827399837177,0.27882727456997247,0.1928381271273806,35.823840035972424,33.187285567466624,0.4618509084316513,0.053297530575738085,0.0615603041457335,169.47375748197274,2335.5084290186874,86.0,26.0,0.6730820459580246,0.0725639673898247,/home/cseomoon/project/ABAG/DB/ABAG_structure/AF3/native/7wrv/seed-5_sample-0/model.cif,/home/cseomoon/project/ABAG/DB/ABAG_structure/original_pdb/7wrv_ABAG.pdb,0.078125,0.9264705882352942,1.7416043708085918,8.919752160803775,38.208729972186916,0.05092760852639406
/home/cseomoon/project/ABAG/DB/ABAG_structure/AF3/native/7wrv/seed-5_sample-1/model.cif,7wrv,5,1,/home/cseomoon/project/ABAG/DB/ABAG_structure/AF3/native/7wrv/seed-5_sample-1/confidences.json,"[0.15, 0.52, 0.52]","[[0.85, 0.16, 0.15], [0.16, 0.85, 0.89], [0.15, 0.89, 0.9]]","[[0.76, 20.03, 23.07], [12.66, 0.76, 1.04], [12.24, 1.06, 0.76]]","[0.85, 0.85, 0.9]",0.0,0.0,0.45,0.58,0.48,custom,0.15,0.52,0.52,0.85,0.85,0.9,0.16,0.15,0.89,16.345,17.655,1.05,81.39929375,5.50069793411502,83.27152597402598,4.557187372984691,89.99814906832299,2.2551572327044025,25.315608781612987,25.5816464397459,5.134708475100525,84.88965626411633,4.104347513268038,18.677321232153137,76.91999999999999,85.0325,2257.0,61.67991360212672,24.788727272727275,1137.0,72.42445910290238,25.583737024221453,3753.0,87.62249933386624,3.953099173553719,7147.0,73.90895734629845,18.108521156834147,0.061511488561554334,0.05398997747088373,0.44754754340040176,0.49720088771403065,0.011080528442483932,0.01036980620621317,0.6075222003821629,0.010748548305997004,"[[0.6373196138211382, 0, 0], [0, 0.7312005649717513, 0.655406394740774], [0, 0.6659622139573325, 0.8136000059359512]]",0.0,0.0,0.6606843043490532,0.2202281014496844,0.5424115872321487,0.4961026043604465,0.0030778012948878427,0.2544518648154578,0.23857293825010087,23.940444552264353,33.187285567466624,0.6577301177830651,0.11194696710323969,0.0615603041457335,270.84501257855965,1463.4153246598714,70.0,14.0,0.7014019911152874,0.18507733793310505,/home/cseomoon/project/ABAG/DB/ABAG_structure/AF3/native/7wrv/seed-5_sample-1/model.cif,/home/cseomoon/project/ABAG/DB/ABAG_structure/original_pdb/7wrv_ABAG.pdb,0.234375,0.4444444444444444,1.7708137191082343,3.225065665590962,6.894591920614093,0.33846262336279537
/home/cseomoon/project/ABAG/DB/ABAG_structure/AF3/native/7wrv/seed-5_sample-2/model.cif,7wrv,5,2,/home/cseomoon/project/ABAG/DB/ABAG_structure/AF3/native/7wrv/seed-5_sample-2/confidences.json,"[0.15, 0.52, 0.52]","[[0.86, 0.15, 0.15], [0.15, 0.85, 0.89], [0.15, 0.89, 0.9]]","[[0.76, 21.1, 22.64], [12.38, 0.76, 1.04], [12.19, 1.05, 0.76]]","[0.86, 0.85, 0.9]",0.0,0.0,0.45,0.58,0.48,custom,0.15,0.52,0.52,0.86,0.85,0.9,0.15,0.15,0.89,16.740000000000002,17.415,1.045,81.4373875,5.500781686208822,83.26380952380951,4.553061915729575,90.04301863354038,2.2393351302785267,25.449853777082133,25.544451028728545,5.114150943396227,84.91473855244998,4.097726244072308,18.702818583068968,75.89714285714285,85.62875,2656.0,61.751858057228915,25.104965156794425,1033.0,74.06398354307841,25.438271604938272,3632.0,88.68305892070484,4.25784632034632,7321.0,74.83296684033739,18.26702769402634,0.08270359093923425,0.04398833395263795,0.47353092704028016,0.5120466240136976,0.01066893644277039,0.010481358116649634,0.5646496057099056,0.010599813696005092,"[[0.6413728758623884, 0, 0], [0, 0.7315168263325965, 0.6571119661178716], [0, 0.6691001007205393, 0.8149081411569169]]",0.0,0.0,0.6631060334192054,0.22103534447306847,0.5120525951540865,0.476358782669943,0.0042080185559939,0.26101676907949173,0.2111339950344574,23.763620767299916,33.187285567466624,0.6610600951331407,0.11342947313495005,0.0615603041457335,71.61677734391895,1718.3109268549276,73.0,18.0,0.6623120462005085,0.04167859042542501,/home/cseomoon/project/ABAG/DB/ABAG_structure/AF3/native/7wrv/seed-5_sample-2/model.cif,/home/cseomoon/project/ABAG/DB/ABAG_structure/original_pdb/7wrv_ABAG.pdb,0.296875,0.4864864864864865,1.8781784765033205,2.5523746962677114,5.509210174050965,0.41925682383607876
/home/cseomoon/project/ABAG/DB/ABAG_structure/AF3/native/7wrv/seed-5_sample-3/model.cif,7wrv,5,3,/home/cseomoon/project/ABAG/DB/ABAG_structure/AF3/native/7wrv/seed-5_sample-3/confidences.json,"[0.13, 0.51, 0.51]","[[0.86, 0.14, 0.13], [0.14, 0.85, 0.89], [0.13, 0.89, 0.9]]","[[0.76, 21.87, 23.4], [13.07, 0.76, 1.01], [12.64, 1.04, 0.76]]","[0.86, 0.85, 0.9]",0.0,0.0,0.44,0.57,0.46,custom,0.13,0.51,0.51,0.86,0.85,0.9,0.14,0.13,0.89,17.47,18.02,1.025,80.88225,5.560164458656921,82.56525974025975,4.604464164747324,89.57576397515527,2.2113566936208446,25.743638273333886,26.104527353749884,5.118469687596659,84.34109123847168,4.125328439008363,18.98887843822681,74.6,83.68375,4428.0,62.671324525745256,26.09260385005066,734.0,70.85052452316077,26.335238095238097,4410.0,81.33336394557821,5.17151837524178,9572.0,71.61840433149474,19.19978677351018,0.13085821182089002,0.021034537902358905,0.42845590404339184,0.43909047191684797,0.010037643463521756,0.009608258793790852,0.2606052617534715,0.010038136718958672,"[[0.6381988297586262, 0, 0], [0, 0.7306833049445802, 0.6567173580491316], [0, 0.6678798326489501, 0.8171459520417854]]",0.0,0.0,0.6622985953490408,0.22076619844968026,0.5186603522501743,0.4816063943803637,0.003930659014491241,0.27489312428760015,0.20278261107827225,30.209657343358643,33.187285567466624,0.5468646265320681,0.0733596828125528,0.0615603041457335,40.247092495215156,2279.311844584821,86.0,35.0,0.6779418249553878,0.017657563001233913,/home/cseomoon/project/ABAG/DB/ABAG_structure/AF3/native/7wrv/seed-5_sample-3/model.cif,/home/cseomoon/project/ABAG/DB/ABAG_structure/original_pdb/7wrv_ABAG.pdb,0.078125,0.9264705882352942,1.5502524993296178,10.415886261392279,27.378487589349906,0.06211870838182811
/home/cseomoon/project/ABAG/DB/ABAG_structure/AF3/native/7wrv/seed-5_sample-4/model.cif,7wrv,5,4,/home/cseomoon/project/ABAG/DB/ABAG_structure/AF3/native/7wrv/seed-5_sample-4/confidences.json,"[0.11, 0.5, 0.5]","[[0.86, 0.11, 0.11], [0.11, 0.85, 0.88], [0.11, 0.88, 0.9]]","[[0.76, 22.27, 21.31], [13.84, 0.76, 1.07], [12.99, 1.1, 0.76]]","[0.86, 0.85, 0.9]",0.0,0.0,0.43,0.56,0.45,custom,0.11,0.5,0.5,0.86,0.85,0.9,0.11,0.11,0.88,18.055,17.15,1.085,80.74285625,5.41575300746155,82.86945887445889,4.552682563338301,89.74788819875776,2.226244384546271,26.979518494109893,26.21024224898075,5.142410300030931,84.45340110773888,4.064893318448708,19.444057014373858,75.84285714285714,84.215,1693.0,57.1892852923804,26.1812962962963,1121.0,69.14918376449599,25.493074792243767,3824.0,87.13888859832636,4.336485788113694,6638.0,71.15911921840092,18.670285625551255,0.044544955274599174,0.036885712571445156,0.4539524006709703,0.46983837719025107,0.010264017717766624,0.01035752415207658,0.5523439733667225,0.010232814234246398,"[[0.6430663864461773, 0, 0], [0, 0.7296654389195826, 0.6517250149611011], [0, 0.6663587896625617, 0.8157661266393686]]",0.0,0.0,0.6590419023118315,0.2196806341039438,0.5242965874769849,0.4770018046020371,0.002392732852935539,0.24219844315765612,0.23241062859144548,45.34797871050691,33.187285567466624,0.34878196286103247,0.033941075527627346,0.0615603041457335,159.76606362018475,1359.5210482202535,57.0,20.0,0.7102342246755244,0.11751643259170882,/home/cseomoon/project/ABAG/DB/ABAG_structure/AF3/native/7wrv/seed-5_sample-4/model.cif,/home/cseomoon/project/ABAG/DB/ABAG_structure/original_pdb/7wrv_ABAG.pdb,0.03125,0.9259259259259259,1.7653519966653246,15.468063979648884,37.6986783269687,0.029648191764229878
/home/cseomoon/project/ABAG/DB/ABAG_structure/AF3/native/7wrv/seed-6_sample-0/model.cif,7wrv,6,0,/home/cseomoon/project/ABAG/DB/ABAG_structure/AF3/native/7wrv/seed-6_sample-0/confidences.json,"[0.14, 0.51, 0.51]","[[0.86, 0.14, 0.13], [0.14, 0.85, 0.89], [0.13, 0.89, 0.9]]","[[0.76, 19.66, 21.02], [12.46, 0.76, 1.06], [11.74, 1.08, 0.76]]","[0.86, 0.85, 0.9]",0.0,0.0,0.44,0.57,0.47,custom,0.14,0.51,0.51,0.86,0.85,0.9,0.14,0.13,0.89,16.060000000000002,16.38,1.07,81.508375,5.337061570478656,83.26905844155844,4.4497832272049855,89.70754037267082,2.221329739442947,25.40405099266826,25.782819759173222,5.07453216826477,84.82832460474309,4.002724845708863,18.75380097336875,78.54285714285713,84.26249999999999,2109.0,64.21381460407775,24.95010752688172,848.0,68.88931603773585,24.756296296296295,3648.0,87.80432291666666,3.8557900432900434,6605.0,73.63581785282675,17.85406462215602,0.05951633794838636,0.026328750276194662,0.44416991685398716,0.45792853953842927,0.010157552909776931,0.010780993538722604,0.5489703551142406,0.010134575437999019,"[[0.6477027747886948, 0, 0], [0, 0.7316633610029628, 0.6548022345701141], [0.025000000000000022, 0.6662322152503422, 0.8163216702279201]]",0.0,0.012500000000000011,0.6605172249102281,0.22433907497007607,0.5824262269881745,0.5179065659330377,0.00249237185751775,0.31126043043377905,0.2041537636417409,30.473830196998065,33.187285567466624,0.5425461380680265,0.07218472141642474,0.0615603041457335,82.60480946324674,1509.8840178625196,65.0,17.0,0.666561788833353,0.05470937402210996,/home/cseomoon/project/ABAG/DB/ABAG_structure/AF3/native/7wrv/seed-6_sample-0/model.cif,/home/cseomoon/project/ABAG/DB/ABAG_structure/original_pdb/7wrv_ABAG.pdb,0.015625,0.9655172413793104,1.7290896109719296,8.702125995365408,27.051804768500322,0.04477908119293614
/home/cseomoon/project/ABAG/DB/ABAG_structure/AF3/native/7wrv/seed-6_sample-1/model.cif,7wrv,6,1,/home/cseomoon/project/ABAG/DB/ABAG_structure/AF3/native/7wrv/seed-6_sample-1/confidences.json,"[0.2, 0.55, 0.54]","[[0.87, 0.2, 0.19], [0.2, 0.85, 0.9], [0.19, 0.9, 0.91]]","[[0.76, 17.86, 18.83], [10.71, 0.76, 0.97], [10.19, 1.01, 0.76]]","[0.87, 0.85, 0.91]",0.0,0.0,0.48,0.6,0.51,custom,0.2,0.55,0.54,0.87,0.85,0.91,0.2,0.19,0.9,14.285,14.509999999999998,0.99,82.52394375,5.233127760012183,82.25970779220779,4.577069502777403,90.67167701863353,2.112839173405211,23.06198821978746,23.153199962074524,4.949056603773585,85.15177618694712,3.9743454787315993,17.054748261878522,77.87142857142858,86.045,3286.0,62.03408703590993,21.633823529411764,1096.0,70.18871806569342,22.833333333333332,4264.0,83.68358818011257,4.477203647416413,8646.0,71.96879776057197,16.314786836720504,0.06952773283832535,0.047038230782496665,0.44837876513916886,0.4837388175015863,0.011498400144340077,0.011490678047523344,0.4923435244461489,0.01160967056102849,"[[0.6528368064135298, 0, 0], [0.03851132686084142, 0.7228777200791295, 0.6713861095670435], [0.04774159663865545, 0.6889527532641792, 0.8251164619310427]]",0.01925566343042071,0.023870798319327726,0.6801694314156113,0.2410986310551199,0.527170720691236,0.49169852565717354,0.007395561090088889,0.2767138139747175,0.20758915059236716,34.79082070334179,33.187285567466624,0.4764241246497415,0.05632864157177796,0.0615603041457335,233.4035258746825,1924.4818077421678,78.0,29.0,0.612085949081079,0.12128123265998297,/home/cseomoon/project/ABAG/DB/ABAG_structure/AF3/native/7wrv/seed-6_sample-1/model.cif,/home/cseomoon/project/ABAG/DB/ABAG_structure/original_pdb/7wrv_ABAG.pdb,0.03125,0.9591836734693877,1.8059468852209037,8.068071626740785,35.85187095641072,0.039293104363370066
/home/cseomoon/project/ABAG/DB/ABAG_structure/AF3/native/7wrv/seed-6_sample-2/model.cif,7wrv,6,2,/home/cseomoon/project/ABAG/DB/ABAG_structure/AF3/native/7wrv/seed-6_sample-2/confidences.json,"[0.12, 0.51, 0.5]","[[0.86, 0.12, 0.12], [0.12, 0.85, 0.89], [0.12, 0.89, 0.9]]","[[0.76, 19.58, 23.52], [12.44, 0.76, 1.07], [12.19, 1.08, 0.76]]","[0.86, 0.85, 0.9]",0.0,0.0,0.43,0.56,0.46,custom,0.12,0.51,0.5,0.86,0.85,0.9,0.12,0.12,0.89,16.009999999999998,17.855,1.0750000000000002,81.80750625,5.230653266331658,83.07057359307359,4.654484487196857,89.4523850931677,2.228912848158131,26.030068374660186,26.44904238171992,5.200405969687596,84.77682164541376,4.038016867228882,19.2265055753559,75.41428571428571,84.08375000000001,2094.0,60.30908070678128,24.36958041958042,1838.0,76.71258433079434,27.34763888888889,3513.0,88.9759436379163,3.7424999999999997,7445.0,75.33253622516396,18.486573102823105,0.07054419590930687,0.08792809831089445,0.4582546570677584,0.5168460087919481,0.011367730560496413,0.010223788176926069,0.597656387813264,0.011015594941079704,"[[0.653431426325124, 0, 0], [0, 0.7314908120924719, 0.6561573236889692], [0, 0.6677784664652255, 0.8156954831433998]]",0.0,0.0,0.6619678950770973,0.2206559650256991,0.5281388662097092,0.492428976618031,0.004208700613344182,0.24192017734942076,0.24630009865526606,39.10907241945551,33.187285567466624,0.41863599814529656,0.04510636389767671,0.0615603041457335,174.13196645019832,1806.5109932211008,80.0,15.0,0.6971489535764127,0.09639131292509447,/home/cseomoon/project/ABAG/DB/ABAG_structure/AF3/native/7wrv/seed-6_sample-2/model.cif,/home/cseomoon/project/ABAG/DB/ABAG_structure/original_pdb/7wrv_ABAG.pdb,0.15625,0.6666666666666666,1.8001331753299261,9.762285404397657,31.485862511364058,0.08241454481333868
/home/cseomoon/project/ABAG/DB/ABAG_structure/AF3/native/7wrv/seed-6_sample-3/model.cif,7wrv,6,3,/home/cseomoon/project/ABAG/DB/ABAG_structure/AF3/native/7wrv/seed-6_sample-3/confidences.json,"[0.21, 0.55, 0.55]","[[0.86, 0.21, 0.22], [0.21, 0.86, 0.89], [0.22, 0.89, 0.9]]","[[0.76, 19.1, 18.82], [10.8, 0.76, 1.06], [10.41, 1.06, 0.76]]","[0.86, 0.86, 0.9]",0.0,0.0,0.5,0.61,0.52,custom,0.21,0.55,0.55,0.86,0.86,0.9,0.21,0.22,0.89,14.950000000000001,14.615,1.06,82.61549374999998,5.262897822445561,84.10297619047618,4.348049044844872,90.29886956521739,2.221877807726864,23.050243018370544,22.927581302740116,4.986838849365913,85.67244650189785,3.9442748916724324,16.988221056825523,79.47857142857143,86.48875000000001,2280.0,62.43502850877193,22.1874,1369.0,73.54246895544193,22.415636363636363,3643.0,89.11222206972275,3.706929046563193,7292.0,75.0299065113122,16.10332180339985,0.05715269433555087,0.041225760974418046,0.45782805202114457,0.48740948529476924,0.012116944530655593,0.012380148230745961,0.5746644855989099,0.012079109928937161,"[[0.6511947308132876, 0, 0], [0.03852339181286548, 0.7331633150517975, 0.6564796617235423], [0.04135964912280699, 0.6719745099558379, 0.8161992937475889]]",0.01926169590643274,0.020679824561403496,0.6642270858396901,0.23472286876917545,0.5296055685698453,0.49085085203632006,0.005064548682011248,0.2583653075475366,0.22742099580677222,24.83149252032678,33.187285567466624,0.6410923167932544,0.10488449323696251,0.0615603041457335,32.745538046327624,1779.890579880096,70.0,15.0,0.6586476255469957,0.018397500619691778,/home/cseomoon/project/ABAG/DB/ABAG_structure/AF3/native/7wrv/seed-6_sample-3/model.cif,/home/cseomoon/project/ABAG/DB/ABAG_structure/original_pdb/7wrv_ABAG.pdb,0.28125,0.47058823529411764,1.8240110991138125,2.8954557388444733,7.707520997308034,0.34720710106176655
/home/cseomoon/project/ABAG/DB/ABAG_structure/AF3/native/7wrv/seed-6_sample-4/model.cif,7wrv,6,4,/home/cseomoon/project/ABAG/DB/ABAG_structure/AF3/native/7wrv/seed-6_sample-4/confidences.json,"[0.21, 0.55, 0.55]","[[0.86, 0.21, 0.21], [0.21, 0.86, 0.89], [0.21, 0.89, 0.9]]","[[0.76, 18.62, 18.07], [10.79, 0.76, 1.03], [10.55, 1.07, 0.76]]","[0.86, 0.86, 0.9]",0.0,0.0,0.49,0.61,0.51,custom,0.21,0.55,0.55,0.86,0.86,0.9,0.21,0.21,0.89,14.705,14.31,1.05,82.40636875,5.310524846454495,84.09179653679655,4.30736350088064,90.37900621118013,2.216208445642408,23.235029656479117,23.03515217597421,4.95829724713888,85.62572383265889,3.9446989309925145,17.076159693197404,79.64571428571428,86.625,2206.0,61.72346328195829,22.18922077922078,1399.0,73.98547533952824,22.01818181818182,3681.0,88.91441184460744,3.6303613053613053,7286.0,74.87445015536467,15.9459213009213,0.06214243725538961,0.04533317977937255,0.469122115388962,0.49802663090921967,0.01212378661418602,0.01257688172137197,0.6370547342987816,0.012434775818461849,"[[0.646202462079578, 0, 0], [0.038778877887788755, 0.7331618755776059, 0.657315079081936], [0.041384180790960436, 0.6728745383641951, 0.8166659248048904]]",0.019389438943894378,0.020692090395480218,0.6650948087230655,0.23505877935414668,0.5245150830469455,0.47934239641028314,0.005117314399925982,0.24505968535561856,0.22916539665473862,23.84351408858782,33.187285567466624,0.6595544222303255,0.11275616959396419,0.0615603041457335,54.84922563318298,1804.331208854682,64.0,22.0,0.7288662287714001,0.03039864597143398,/home/cseomoon/project/ABAG/DB/ABAG_structure/AF3/native/7wrv/seed-6_sample-4/model.cif,/home/cseomoon/project/ABAG/DB/ABAG_structure/original_pdb/7wrv_ABAG.pdb,0.34375,0.35294117647058826,1.838009542977568,2.413608335776021,4.017089152091069,0.47993273105995066
/home/cseomoon/project/ABAG/DB/ABAG_structure/AF3/native/7wrv/seed-7_sample-0/model.cif,7wrv,7,0,/home/cseomoon/project/ABAG/DB/ABAG_structure/AF3/native/7wrv/seed-7_sample-0/confidences.json,"[0.16, 0.53, 0.52]","[[0.86, 0.16, 0.16], [0.16, 0.85, 0.89], [0.16, 0.89, 0.9]]","[[0.76, 21.25, 21.7], [11.8, 0.76, 1.01], [11.6, 1.05, 0.76]]","[0.86, 0.85, 0.9]",0.0,0.0,0.46,0.58,0.48,custom,0.16,0.53,0.52,0.86,0.85,0.9,0.16,0.16,0.89,16.525,16.65,1.03,81.4908625,5.538477742246586,83.1622510822511,4.537569435035904,90.14336645962733,2.205040431266846,25.006862179751213,25.118846591447802,5.057755954222085,84.93216001395949,4.093695869516446,18.394488241807036,76.37285714285714,85.9675,2861.0,60.76086508213911,24.400931677018633,1031.0,74.77283220174587,24.635380116959062,4226.0,83.81301585423569,4.849039433771487,8118.0,73.11557104604022,17.961783742583062,0.08903940281688386,0.03893503580301169,0.4625890402840339,0.49900653075841733,0.01056419282852052,0.010982516072112238,0.38832527106349635,0.010736224195266333,"[[0.6489352434195202, 0, 0], [0.012499999999999956, 0.7307428030582392, 0.6629141509717341], [0.019444444444444414, 0.67330788705469, 0.817515280992226]]",0.006249999999999978,0.009722222222222207,0.668111019013212,0.2280277470784781,0.5402244234515844,0.5010591872131461,0.003103580694073729,0.2630580525523541,0.2348975539667183,23.58094541493454,33.187285567466624,0.6645095366837873,0.11499082704860107,0.0615603041457335,127.89909942235147,1751.1723350773264,76.0,19.0,0.7329972303794693,0.07303627225055713,/home/cseomoon/project/ABAG/DB/ABAG_structure/AF3/native/7wrv/seed-7_sample-0/model.cif,/home/cseomoon/project/ABAG/DB/ABAG_structure/original_pdb/7wrv_ABAG.pdb,0.296875,0.5869565217391305,1.737981165312518,2.717070087851227,4.433726753871678,0.43885757458580343
/home/cseomoon/project/ABAG/DB/ABAG_structure/AF3/native/7wrv/seed-7_sample-1/model.cif,7wrv,7,1,/home/cseomoon/project/ABAG/DB/ABAG_structure/AF3/native/7wrv/seed-7_sample-1/confidences.json,"[0.18, 0.53, 0.53]","[[0.86, 0.18, 0.18], [0.18, 0.86, 0.89], [0.18, 0.89, 0.9]]","[[0.76, 20.73, 20.5], [11.58, 0.76, 1.02], [11.45, 1.04, 0.76]]","[0.86, 0.86, 0.9]",0.0,0.0,0.47,0.59,0.49,custom,0.18,0.53,0.53,0.86,0.86,0.9,0.18,0.18,0.89,16.155,15.975,1.03,81.87946875,5.478130551748642,83.6342316017316,4.462958948651944,90.0815155279503,2.2235040431266846,24.436520718345825,24.49635441357732,5.000386637797711,85.1984052932273,4.054864514509091,17.977753923240282,78.8142857142857,85.90375,2600.0,62.53603076923077,23.745644599303137,1305.0,73.7311379310345,24.27781818181818,3705.0,88.43294466936572,3.7667724867724868,7610.0,74.900037789877,17.2634117559646,0.0627181303773343,0.045257142280931306,0.4572261772243264,0.4891308865038704,0.011533223067217187,0.011182561118647334,0.5780732148420603,0.011354601598831055,"[[0.6542672770752496, 0, 0], [0.014583333333333302, 0.730266949980461, 0.6585783215320725], [0.02058823529411762, 0.6745537559413103, 0.8159923743398018]]",0.007291666666666651,0.01029411764705881,0.6665660387366914,0.2280506076834723,0.5285840193860993,0.4959094278188163,0.003955600630112353,0.2631577113942508,0.22879611579445316,25.364625348849074,33.187285567466624,0.6312592181331991,0.10096221968888539,0.0615603041457335,26.103411656003345,1939.5260649591874,75.0,24.0,0.7359243309507851,0.013458654734063926,/home/cseomoon/project/ABAG/DB/ABAG_structure/AF3/native/7wrv/seed-7_sample-1/model.cif,/home/cseomoon/project/ABAG/DB/ABAG_structure/original_pdb/7wrv_ABAG.pdb,0.359375,0.425,1.6979491137368816,2.932582325337106,8.902101353739258,0.3478844573925994
/home/cseomoon/project/ABAG/DB/ABAG_structure/AF3/native/7wrv/seed-7_sample-2/model.cif,7wrv,7,2,/home/cseomoon/project/ABAG/DB/ABAG_structure/AF3/native/7wrv/seed-7_sample-2/confidences.json,"[0.12, 0.51, 0.5]","[[0.86, 0.13, 0.11], [0.13, 0.85, 0.89], [0.11, 0.89, 0.9]]","[[0.76, 21.13, 24.1], [13.43, 0.76, 1.04], [13.8, 1.08, 0.76]]","[0.86, 0.85, 0.9]",0.0,0.0,0.43,0.56,0.46,custom,0.12,0.51,0.5,0.86,0.85,0.9,0.13,0.11,0.89,17.28,18.950000000000003,1.06,81.49708749999999,5.270816202223237,82.6582142857143,4.6572754369326645,89.52098136645965,2.2140071877807728,26.001268638273334,26.54426614203091,5.200448499845344,84.55876105072464,4.047366275645558,19.248661093383195,77.45000000000002,84.7475,2855.0,60.46737653239929,25.555826558265583,631.0,69.01681458003169,26.815238095238094,4256.0,82.62348566729324,4.939278656126483,7742.0,70.70255892657474,19.10344776987672,0.06583741168105596,0.02279532568231341,0.44491513160615787,0.45030325042309316,0.010063200827156626,0.009446427351374753,0.42954284508179746,0.009974927744595262,"[[0.6514474010071271, 0, 0], [0, 0.7269851835416512, 0.6579001481750281], [0, 0.6641483232573762, 0.8170013059092394]]",0.0,0.0,0.6610242357162022,0.2203414119054007,0.5416861695351723,0.49499359036529933,0.0024709503643122856,0.2718174616856652,0.22070517831532185,33.599542815792006,33.187285567466624,0.49382750235611483,0.06014922281590559,0.0615603041457335,3.865143550360699,1708.0086516453869,71.0,20.0,0.6187286902132776,0.002262953145253255,/home/cseomoon/project/ABAG/DB/ABAG_structure/AF3/native/7wrv/seed-7_sample-2/model.cif,/home/cseomoon/project/ABAG/DB/ABAG_structure/original_pdb/7wrv_ABAG.pdb,0.0625,0.9130434782608695,1.8050472085221476,11.51197157350359,32.91492541951633,0.04723792488468326
/home/cseomoon/project/ABAG/DB/ABAG_structure/AF3/native/7wrv/seed-7_sample-3/model.cif,7wrv,7,3,/home/cseomoon/project/ABAG/DB/ABAG_structure/AF3/native/7wrv/seed-7_sample-3/confidences.json,"[0.16, 0.53, 0.53]","[[0.86, 0.16, 0.16], [0.16, 0.85, 0.89], [0.16, 0.89, 0.9]]","[[0.76, 21.28, 21.25], [11.79, 0.76, 1.04], [11.91, 1.05, 0.76]]","[0.86, 0.85, 0.9]",0.0,0.0,0.46,0.59,0.49,custom,0.16,0.53,0.53,0.86,0.85,0.9,0.16,0.16,0.89,16.535,16.58,1.045,81.95659375,5.288038678239683,83.75169913419914,4.380822381791085,90.00325465838509,2.2370619946091646,24.992880385534228,24.99287712145634,4.99109959789669,85.23718251419474,3.9686410182133103,18.32561903496242,79.24,85.66125,1722.0,61.1588530778165,24.35,1419.0,73.86770260747004,24.614049586776858,3665.0,88.31733833560709,3.6964285714285716,6806.0,74.4479646736312,17.55349271940181,0.04645072966606516,0.04590205445258354,0.4529275075531343,0.4853471621081969,0.011121773559901916,0.011030396659991,0.6331381154968486,0.011100041431499128,"[[0.6517577011494253, 0, 0], [0.011111111111111072, 0.7300034103088764, 0.6568259156443091], [0.008333333333333304, 0.6727532806364952, 0.8154003740981562]]",0.005555555555555536,0.004166666666666652,0.6647895981404022,0.22483727345420812,0.5418031470084833,0.4997121771244381,0.0029388746253143916,0.2552980985605192,0.2414752039386045,24.26631431194696,33.187285567466624,0.6516171966212786,0.10928688810815393,0.0615603041457335,18.17146786807382,1592.4499985058594,65.0,10.0,0.6550552397909037,0.011411013146487159,/home/cseomoon/project/ABAG/DB/ABAG_structure/AF3/native/7wrv/seed-7_sample-3/model.cif,/home/cseomoon/project/ABAG/DB/ABAG_structure/original_pdb/7wrv_ABAG.pdb,0.203125,0.4090909090909091,1.764831651568973,2.4027021493043916,3.761059955950668,0.4399464057989866
/home/cseomoon/project/ABAG/DB/ABAG_structure/AF3/native/7wrv/seed-7_sample-4/model.cif,7wrv,7,4,/home/cseomoon/project/ABAG/DB/ABAG_structure/AF3/native/7wrv/seed-7_sample-4/confidences.json,"[0.18, 0.53, 0.53]","[[0.86, 0.17, 0.18], [0.17, 0.85, 0.89], [0.18, 0.89, 0.9]]","[[0.76, 20.9, 20.44], [11.63, 0.76, 1.01], [11.55, 1.03, 0.76]]","[0.86, 0.85, 0.9]",0.0,0.0,0.46,0.59,0.49,custom,0.18,0.53,0.53,0.86,0.85,0.9,0.17,0.18,0.89,16.265,15.995000000000001,1.02,82.14481875,5.277209278716816,83.19313852813853,4.590881994309714,90.10935403726708,2.229514824797844,24.611545432078422,24.604072248032615,5.095205691308382,85.14910377180188,4.032535365941458,18.103607790473138,76.40857142857143,86.01624999999999,2326.0,60.18871238177128,24.130532971996388,1265.0,73.94269565217391,24.05282608695652,4214.0,83.28138941623162,5.180535894843276,7805.0,72.47093248339228,17.787964984598727,0.06015738136034535,0.04545764573977078,0.4386215484633115,0.48287854018270976,0.010943808822373812,0.01140766796656301,0.24478817588634347,0.011148078075438769,"[[0.6539498465722213, 0, 0], [0.016666666666666632, 0.7286017731806428, 0.6636333484094677], [0.018333333333333302, 0.6713454484397604, 0.8160209019922212]]",0.008333333333333316,0.009166666666666651,0.6674893984246141,0.22832979947487134,0.5552058996197352,0.5146109210444854,0.0024756389156230765,0.25394576425302007,0.25818951787584216,23.808282866507458,33.187285567466624,0.6602181677972604,0.11305237237628046,0.0615603041457335,14.382021448759588,1785.4396564328304,68.0,20.0,0.6826402148999465,0.008055170835341335,/home/cseomoon/project/ABAG/DB/ABAG_structure/AF3/native/7wrv/seed-7_sample-4/model.cif,/home/cseomoon/project/ABAG/DB/ABAG_structure/original_pdb/7wrv_ABAG.pdb,0.296875,0.4864864864864865,1.633832752702272,2.4887507610221844,4.25432200897547,0.45433823786303784
/home/cseomoon/project/ABAG/DB/ABAG_structure/AF3/native/7wrv/seed-8_sample-0/model.cif,7wrv,8,0,/home/cseomoon/project/ABAG/DB/ABAG_structure/AF3/native/7wrv/seed-8_sample-0/confidences.json,"[0.13, 0.51, 0.51]","[[0.86, 0.13, 0.13], [0.13, 0.85, 0.89], [0.13, 0.89, 0.9]]","[[0.76, 20.51, 21.14], [13.61, 0.76, 1.03], [13.35, 1.08, 0.76]]","[0.86, 0.85, 0.9]",0.0,0.0,0.44,0.57,0.46,custom,0.13,0.51,0.51,0.86,0.85,0.9,0.13,0.13,0.89,17.060000000000002,17.245,1.0550000000000002,81.35899375000001,5.464598243743972,83.10532467532468,4.625104999322585,89.27491925465839,2.2374752920035936,25.563648158826922,25.64554612686072,5.196520259820599,84.57974589332768,4.10905951169005,18.801904848502748,74.55571428571427,83.94625,3158.0,62.45651836605447,24.79367521367521,2308.0,71.49747400346621,25.473642533936648,3627.0,88.25259029500965,3.2603048780487804,9093.0,74.06886088817679,17.842540875220212,0.13974881236283324,0.06724342344937262,0.45855241662593776,0.49856735818974857,0.010355986247996427,0.010071669071380254,0.5594923457713264,0.010320412903872521,"[[0.6487622365328743, 0, 0], [0, 0.7317155157525965, 0.6575734984035183], [0, 0.6641904983337209, 0.8149891678537512]]",0.0,0.0,0.6608819983686196,0.22029399945620654,0.5047786574422959,0.4715224575700916,0.004420394314855162,0.26156600575324124,0.20553605750199522,29.84265598686469,33.187285567466624,0.5529151404095796,0.07503888652581778,0.0615603041457335,252.4544980583824,2440.2591889428822,84.0,38.0,0.6928949757303778,0.1034539688252318,/home/cseomoon/project/ABAG/DB/ABAG_structure/AF3/native/7wrv/seed-8_sample-0/model.cif,/home/cseomoon/project/ABAG/DB/ABAG_structure/original_pdb/7wrv_ABAG.pdb,0.09375,0.875,1.5727207899158375,9.23442562188361,25.74477407448131,0.07258352342428827
/home/cseomoon/project/ABAG/DB/ABAG_structure/AF3/native/7wrv/seed-8_sample-1/model.cif,7wrv,8,1,/home/cseomoon/project/ABAG/DB/ABAG_structure/AF3/native/7wrv/seed-8_sample-1/confidences.json,"[0.15, 0.52, 0.52]","[[0.87, 0.16, 0.15], [0.16, 0.85, 0.89], [0.15, 0.89, 0.9]]","[[0.76, 20.66, 21.53], [12.72, 0.76, 0.98], [12.15, 1.03, 0.76]]","[0.87, 0.85, 0.9]",0.0,0.0,0.45,0.58,0.48,custom,0.15,0.52,0.52,0.87,0.85,0.9,0.16,0.15,0.89,16.69,16.84,1.005,82.04573125,5.255261154256129,82.4025,4.738490719414714,90.16859627329193,2.1685893980233604,24.99611788450449,24.961235422394996,5.1192429631920815,84.8722758410973,4.054113757231401,18.358865423363856,76.70714285714284,85.29125,4182.0,60.80766857962698,24.56175030599755,1334.0,72.31297976011994,24.902786377708978,3745.0,87.18970493991989,4.191796008869179,9261.0,73.4367844265556,17.885444230858567,0.08745933849003297,0.08396688570555126,0.45110510462831227,0.5186222415974835,0.010490746620949003,0.010546865323503997,0.5665789632164238,0.010604523462514913,"[[0.6549472791454637, 0, 0], [0, 0.7281343634697769, 0.663614349911945], [0, 0.6802442361810342, 0.8204368788013648]]",0.0,0.0,0.6719292930464896,0.22397643101549655,0.5178854488865391,0.490333602947262,0.005094508591088373,0.28128811256328273,0.20395098179289087,36.81199713702413,33.187285567466624,0.4483563522125204,0.05061745826559061,0.0615603041457335,190.5354880173628,2284.314671866776,83.0,16.0,0.6704395531877964,0.08341035075594659,/home/cseomoon/project/ABAG/DB/ABAG_structure/AF3/native/7wrv/seed-8_sample-1/model.cif,/home/cseomoon/project/ABAG/DB/ABAG_structure/original_pdb/7wrv_ABAG.pdb,0.046875,0.9491525423728814,1.8853954748994408,9.018282129273722,39.727959924181405,0.03918950211812045
/home/cseomoon/project/ABAG/DB/ABAG_structure/AF3/native/7wrv/seed-8_sample-2/model.cif,7wrv,8,2,/home/cseomoon/project/ABAG/DB/ABAG_structure/AF3/native/7wrv/seed-8_sample-2/confidences.json,"[0.15, 0.52, 0.52]","[[0.86, 0.15, 0.14], [0.15, 0.85, 0.89], [0.14, 0.89, 0.9]]","[[0.76, 21.03, 22.04], [12.57, 0.76, 0.98], [12.41, 1.04, 0.76]]","[0.86, 0.85, 0.9]",0.0,0.0,0.45,0.58,0.48,custom,0.15,0.52,0.52,0.86,0.85,0.9,0.15,0.14,0.89,16.8,17.225,1.01,81.914375,5.308484340896402,82.75850649350649,4.529250779027232,90.01310559006211,2.194106019766397,25.180507043413794,25.159663885465058,5.012963965357254,84.8953290278562,4.01061371323001,18.451044964745368,77.01571428571428,85.4125,4054.0,61.64952762703503,24.893981481481486,1028.0,70.5346060311284,25.187345679012346,4280.0,83.97040070093458,5.068939393939394,9362.0,72.05151145303267,18.383422184811074,0.1057586034164188,0.03769285026135699,0.4359435290332876,0.46397069256112755,0.010149117146961047,0.010419276497307632,0.5313408099249074,0.010305829552036667,"[[0.6513324517663481, 0, 0], [0, 0.7319000245639892, 0.66321276850356], [0, 0.6757514719553765, 0.8184084030621328]]",0.0,0.0,0.6694821202294683,0.2231607067431561,0.529034908447195,0.4960331319799407,0.005210162388726964,0.27226517191348626,0.21855779767772746,35.91313892062281,33.187285567466624,0.46061358227044097,0.05304685156814815,0.0615603041457335,115.71487003880719,2149.71258387538,80.0,27.0,0.6765208282884154,0.053828065624569675,/home/cseomoon/project/ABAG/DB/ABAG_structure/AF3/native/7wrv/seed-8_sample-2/model.cif,/home/cseomoon/project/ABAG/DB/ABAG_structure/original_pdb/7wrv_ABAG.pdb,0.046875,0.9523809523809523,1.7624929109677316,8.80378073557369,38.22120938705617,0.040737416844931276
/home/cseomoon/project/ABAG/DB/ABAG_structure/AF3/native/7wrv/seed-8_sample-3/model.cif,7wrv,8,3,/home/cseomoon/project/ABAG/DB/ABAG_structure/AF3/native/7wrv/seed-8_sample-3/confidences.json,"[0.12, 0.5, 0.5]","[[0.86, 0.12, 0.11], [0.12, 0.85, 0.89], [0.11, 0.89, 0.9]]","[[0.76, 21.47, 22.51], [13.61, 0.76, 1.04], [12.95, 1.08, 0.76]]","[0.86, 0.85, 0.9]",0.0,0.0,0.43,0.56,0.45,custom,0.12,0.5,0.5,0.86,0.85,0.9,0.12,0.11,0.89,17.54,17.73,1.06,81.04442499999999,5.365336784934774,82.731341991342,4.590211353475139,89.81319254658385,2.188670260557053,27.19464535793723,26.754010619133403,5.082052273430251,84.52965317930861,4.048072799655656,19.67690275016696,75.79285714285716,83.91125,3002.0,58.53822285143238,28.166995073891627,779.0,72.79882541720154,26.426973684210527,3913.0,85.17420521339126,4.640899470899471,7694.0,72.17041782734172,19.744956076333875,0.06066868425336237,0.04309830493635607,0.44548850113937705,0.47776873454184215,0.009356686946944073,0.010241255414524062,0.41321713672453886,0.009634535243914152,"[[0.658219466585201, 0, 0], [0, 0.7283368956367925, 0.6618919161945868], [0, 0.6702175316292279, 0.8188601566672602]]",0.0,0.0,0.6660547239119073,0.2220182413039691,0.545152733169244,0.5099806082035765,0.0026756989385859145,0.2620123550864096,0.24529255417858092,57.88553892805255,33.187285567466624,0.24738620441918,0.021107304582690608,0.0615603041457335,78.70842138557725,1907.6478045829456,75.0,19.0,0.6736741510055556,0.04125940920356872,/home/cseomoon/project/ABAG/DB/ABAG_structure/AF3/native/7wrv/seed-8_sample-3/model.cif,/home/cseomoon/project/ABAG/DB/ABAG_structure/original_pdb/7wrv_ABAG.pdb,0.0,1.0,1.6999583345935905,16.594360138736448,61.92895749915858,0.008864953923528443
/home/cseomoon/project/ABAG/DB/ABAG_structure/AF3/native/7wrv/seed-8_sample-4/model.cif,7wrv,8,4,/home/cseomoon/project/ABAG/DB/ABAG_structure/AF3/native/7wrv/seed-8_sample-4/confidences.json,"[0.18, 0.53, 0.54]","[[0.86, 0.18, 0.18], [0.18, 0.85, 0.89], [0.18, 0.89, 0.9]]","[[0.76, 20.5, 19.04], [11.78, 0.76, 1.01], [11.86, 1.05, 0.76]]","[0.86, 0.85, 0.9]",0.0,0.0,0.47,0.59,0.49,custom,0.18,0.53,0.54,0.86,0.85,0.9,0.18,0.18,0.89,16.14,15.45,1.03,82.29085624999999,5.250329932490737,83.63015151515152,4.569624712098632,90.19131677018635,2.218867924528302,24.383573605733588,24.18182895610126,5.100781008351375,85.37077484511262,4.012940856372557,17.88872785672874,76.89285714285714,86.55875,2542.0,62.2335051140834,23.86853448275862,1404.0,74.46341524216525,23.04613636363636,3583.0,89.05889757186716,3.9460578559273967,7529.0,75.25193930937193,16.953576234107462,0.0758754613217505,0.06309124543932243,0.4603820607395335,0.5081905312684402,0.011117596106322056,0.011836250805535633,0.6301903450376738,0.011398191335259943,"[[0.6545789005873675, 0, 0], [0.016666666666666607, 0.7304943232084931, 0.6591932528238406], [0.008333333333333304, 0.6719579588885446, 0.8164470755808779]]",0.008333333333333304,0.004166666666666652,0.6655756058561926,0.2260252019520642,0.5136839240787946,0.4855773429734018,0.005439769556118951,0.2628599439690482,0.21727762944823462,23.852076258246765,33.187285567466624,0.6593931670511826,0.11268435244938606,0.0615603041457335,50.77056701196591,1909.5209384782988,82.0,15.0,0.6447268216060656,0.02658811746386247,/home/cseomoon/project/ABAG/DB/ABAG_structure/AF3/native/7wrv/seed-8_sample-4/model.cif,/home/cseomoon/project/ABAG/DB/ABAG_structure/original_pdb/7wrv_ABAG.pdb,0.3125,0.47368421052631576,1.766690001286251,2.409675915051776,4.498543246165676,0.4576560240074725
/home/cseomoon/project/ABAG/DB/ABAG_structure/AF3/native/7wrv/seed-9_sample-0/model.cif,7wrv,9,0,/home/cseomoon/project/ABAG/DB/ABAG_structure/AF3/native/7wrv/seed-9_sample-0/confidences.json,"[0.13, 0.51, 0.51]","[[0.86, 0.13, 0.12], [0.13, 0.85, 0.89], [0.12, 0.89, 0.9]]","[[0.76, 21.3, 22.5], [13.27, 0.76, 1.02], [12.96, 1.05, 0.76]]","[0.86, 0.85, 0.9]",0.0,0.0,0.44,0.57,0.46,custom,0.13,0.51,0.51,0.86,0.85,0.9,0.13,0.12,0.89,17.285,17.73,1.0350000000000001,80.63134375,5.530739556367697,82.42588744588744,4.584582034954614,89.454049689441,2.2124707996406108,25.923865227778233,26.124262823551717,5.102617537890504,84.17042696177614,4.109264130320974,19.050248529740152,74.98285714285714,83.72625,3571.0,61.26027443293195,26.10276705276705,632.0,69.31333860759493,25.9943143812709,4298.0,82.11738017682643,5.2242454230578925,8501.0,70.89699773911777,19.10710895236528,0.08747081167923203,0.01885345814020905,0.42276787597177307,0.4241751653664806,0.009937112443146554,0.0,0.3684140120426628,0.009950665519746242,"[[0.6418873511366062, 0, 0], [0, 0.7282493597320724, 0.6580144366408548], [0, 0.6679392319413239, 0.8169804741980474]]",0.0,0.0,0.6629768342910893,0.2209922780970298,0.5105243909534741,0.4733825595240013,0.003704806881543874,0.2648065487733842,0.2048712038690732,31.376883071977534,33.187285567466624,0.5280183296972147,0.06836943358688473,0.0615603041457335,32.20238691358941,2159.0643372602453,76.0,25.0,0.6949950653156687,0.014914973286276766,/home/cseomoon/project/ABAG/DB/ABAG_structure/AF3/native/7wrv/seed-9_sample-0/model.cif,/home/cseomoon/project/ABAG/DB/ABAG_structure/original_pdb/7wrv_ABAG.pdb,0.0625,0.9245283018867925,1.7433942161268534,10.761882646444594,29.524729202312855,0.052698695144046986
/home/cseomoon/project/ABAG/DB/ABAG_structure/AF3/native/7wrv/seed-9_sample-1/model.cif,7wrv,9,1,/home/cseomoon/project/ABAG/DB/ABAG_structure/AF3/native/7wrv/seed-9_sample-1/confidences.json,"[0.12, 0.51, 0.5]","[[0.86, 0.12, 0.12], [0.12, 0.85, 0.89], [0.12, 0.89, 0.9]]","[[0.76, 20.83, 23.42], [13.38, 0.76, 1.04], [13.32, 1.08, 0.76]]","[0.86, 0.85, 0.9]",0.0,0.0,0.43,0.56,0.46,custom,0.12,0.51,0.5,0.86,0.85,0.9,0.12,0.12,0.89,17.105,18.37,1.06,80.782225,5.4455053042992745,82.45301948051947,4.775362417016664,89.33372670807452,2.2533333333333334,26.179817118378782,26.29022233810562,5.253417878131767,84.18965706286467,4.158067018216424,19.241152444872057,72.76714285714286,84.6775,2612.0,58.73749617151608,25.263914027149326,1432.0,70.70804818435754,26.70625,3551.0,88.44458039988734,3.628927963698241,7595.0,72.63004158525365,18.533030663615854,0.07010680150273561,0.04218506129158493,0.4578857354482645,0.47232372077426604,0.010313870738633553,0.009876377913564549,0.5260461118745152,0.010200339961257514,"[[0.6420301293234749, 0, 0], [0, 0.7265551425030978, 0.6571178972956548], [0, 0.6634745587513243, 0.8141427638220796]]",0.0,0.0,0.6602962280234896,0.22009874267449656,0.5053436323759306,0.4704054715226036,0.0042461313738918725,0.2531420987700436,0.21301724137866812,29.533471425277867,33.187285567466624,0.5580582313697311,0.07649744939639905,0.0615603041457335,157.8557551141249,1920.2120265030696,73.0,24.0,0.6188550807474852,0.0822074609133652,/home/cseomoon/project/ABAG/DB/ABAG_structure/AF3/native/7wrv/seed-9_sample-1/model.cif,/home/cseomoon/project/ABAG/DB/ABAG_structure/original_pdb/7wrv_ABAG.pdb,0.09375,0.8125,1.8171838584918303,9.224868334870912,23.448736630022506,0.07854970658781696
/home/cseomoon/project/ABAG/DB/ABAG_structure/AF3/native/7wrv/seed-9_sample-2/model.cif,7wrv,9,2,/home/cseomoon/project/ABAG/DB/ABAG_structure/AF3/native/7wrv/seed-9_sample-2/confidences.json,"[0.14, 0.51, 0.51]","[[0.86, 0.14, 0.13], [0.14, 0.85, 0.89], [0.13, 0.89, 0.9]]","[[0.76, 21.46, 22.92], [12.8, 0.76, 1.03], [12.42, 1.07, 0.76]]","[0.86, 0.85, 0.9]",0.0,0.0,0.44,0.57,0.47,custom,0.14,0.51,0.51,0.86,0.85,0.9,0.14,0.13,0.89,17.130000000000003,17.67,1.05,80.8892875,5.485845896147404,81.98963203463204,4.77548435171386,89.51037267080746,2.2355345911949684,25.919482659197627,25.801374798520904,5.276194710794927,84.12976406847982,4.165621613018744,18.999017389504484,75.46142857142857,84.64500000000001,4329.0,59.69911411411411,26.085105204872644,1550.0,71.8139870967742,26.0315,3938.0,85.49272346368714,4.824792960662526,9817.0,72.33527489152515,18.98046605517839,0.09634703246674792,0.0880320025837703,0.4444842145988899,0.5140575970673195,0.01002974734269688,0.010258667923366872,0.6050931234417258,0.010138595616543865,"[[0.6425341818586039, 0, 0], [0, 0.7282713524234536, 0.6556927328742298], [0, 0.6645547547082074, 0.8149968844578956]]",0.0,0.0,0.6601237437912186,0.22004124793040622,0.5125783500582557,0.47741965547441495,0.00499378478012791,0.26976492239601424,0.2026609482982728,35.57659497094086,33.187285567466624,0.4652953237741451,0.05400076092474146,0.0615603041457335,112.41245139114915,2290.6304599243826,86.0,28.0,0.6898014378411866,0.04907489591091008,/home/cseomoon/project/ABAG/DB/ABAG_structure/AF3/native/7wrv/seed-9_sample-2/model.cif,/home/cseomoon/project/ABAG/DB/ABAG_structure/original_pdb/7wrv_ABAG.pdb,0.046875,0.9577464788732394,1.8888986498896045,8.64751223547371,37.717262109226354,0.04147249083361145
/home/cseomoon/project/ABAG/DB/ABAG_structure/AF3/native/7wrv/seed-9_sample-3/model.cif,7wrv,9,3,/home/cseomoon/project/ABAG/DB/ABAG_structure/AF3/native/7wrv/seed-9_sample-3/confidences.json,"[0.19, 0.54, 0.54]","[[0.86, 0.19, 0.19], [0.19, 0.85, 0.89], [0.19, 0.89, 0.9]]","[[0.76, 19.17, 19.87], [11.37, 0.76, 1.02], [10.85, 1.05, 0.76]]","[0.86, 0.85, 0.9]",0.0,0.0,0.47,0.59,0.5,custom,0.19,0.54,0.54,0.86,0.85,0.9,0.19,0.19,0.89,15.27,15.36,1.0350000000000001,81.896125,5.386069235064211,82.70461038961038,4.68018561170573,90.0227950310559,2.2441239892183287,24.251075047367987,24.01468427040865,5.1787735849056595,84.87451014022209,4.103459611996089,17.814844300894098,73.24000000000001,86.29875,3096.0,61.418504521963825,23.85249042145594,1308.0,73.46410550458715,23.35,4030.0,84.9404094292804,5.148985650667987,8434.0,73.27433981861047,17.45049202404131,0.09144433260905416,0.042145429719043864,0.44316673296314085,0.4810595209509136,0.010972798983530693,0.011698456371887633,0.4653840295333457,0.01118808294431843,"[[0.6466455661211854, 0, 0], [0.02151162790697672, 0.7263714568634733, 0.658259707927255], [0.036666666666666646, 0.6678990337415388, 0.8144342058404559]]",0.01075581395348836,0.018333333333333323,0.6630793708343969,0.2307228393737395,0.5069551631174767,0.4743143494555026,0.004972931928476504,0.24664858448009355,0.22269283304693255,23.55333710418328,33.187285567466624,0.6650316644783127,0.11522947937983104,0.0615603041457335,20.32796298263554,2087.794383517436,82.0,31.0,0.7007806753367031,0.00973657326752061,/home/cseomoon/project/ABAG/DB/ABAG_structure/AF3/native/7wrv/seed-9_sample-3/model.cif,/home/cseomoon/project/ABAG/DB/ABAG_structure/original_pdb/7wrv_ABAG.pdb,0.328125,0.5961538461538461,1.8227229256587352,2.513878272608176,4.802658972796699,0.44956338907962573
/home/cseomoon/project/ABAG/DB/ABAG_structure/AF3/native/7wrv/seed-9_sample-4/model.cif,7wrv,9,4,/home/cseomoon/project/ABAG/DB/ABAG_structure/AF3/native/7wrv/seed-9_sample-4/confidences.json,"[0.14, 0.51, 0.51]","[[0.86, 0.14, 0.13], [0.14, 0.85, 0.89], [0.13, 0.89, 0.9]]","[[0.76, 21.58, 22.77], [12.79, 0.76, 1.04], [12.42, 1.05, 0.76]]","[0.86, 0.85, 0.9]",0.0,0.0,0.44,0.57,0.47,custom,0.14,0.51,0.51,0.86,0.85,0.9,0.14,0.13,0.89,17.185,17.595,1.045,81.064275,5.434838333079538,82.08244588744589,4.722585015580544,89.65063354037268,2.216325247079964,25.807232885740177,25.756978287664737,5.223639034952058,84.26578480927286,4.1245828652466825,18.929283402785657,75.43857142857144,84.6975,3568.0,61.06541760089687,25.884980744544286,999.0,70.96686186186186,25.815441176470586,3913.0,85.68519422438028,4.721635610766046,8480.0,72.57249122904635,18.80735251059364,0.08716209099288715,0.033590139023948244,0.4353224898405998,0.4641794196165958,0.010034093489878961,0.010432834841676685,0.599045289713691,0.010137061924278464,"[[0.6436919965648115, 0, 0], [0, 0.7315013006317355, 0.6542116711671169], [0, 0.6672951222032759, 0.8165821019524064]]",0.0,0.0,0.6607533966851964,0.2202511322283988,0.5113002079424123,0.4727788112172482,0.004278493038897636,0.2754613515069632,0.1930389666713873,37.80589497674966,33.187285567466624,0.4352171033128867,0.04811740422883227,0.0615603041457335,141.39343484898785,2178.791786038518,80.0,19.0,0.6782928034624952,0.06489534050707506,/home/cseomoon/project/ABAG/DB/ABAG_structure/AF3/native/7wrv/seed-9_sample-4/model.cif,/home/cseomoon/project/ABAG/DB/ABAG_structure/original_pdb/7wrv_ABAG.pdb,0.015625,0.9830508474576272,1.751769285905812,9.119637962009413,41.04773392102395,0.02769448294755711
/home/cseomoon/project/ABAG/DB/ABAG_structure/AF3/native/7wrv/seed-10_sample-0/model.cif,7wrv,10,0,/home/cseomoon/project/ABAG/DB/ABAG_structure/AF3/native/7wrv/seed-10_sample-0/confidences.json,"[0.11, 0.5, 0.5]","[[0.86, 0.12, 0.11], [0.12, 0.85, 0.89], [0.11, 0.89, 0.9]]","[[0.76, 23.44, 22.84], [14.13, 0.76, 1.05], [13.91, 1.08, 0.76]]","[0.86, 0.85, 0.9]",0.0,0.0,0.43,0.56,0.45,custom,0.11,0.5,0.5,0.86,0.85,0.9,0.12,0.11,0.89,18.785,18.375,1.065,81.26125625,5.3334348510227905,83.3706168831169,4.460167998916136,89.65793788819876,2.2166936208445644,27.176653760606314,26.79779321133972,4.996125889266935,84.76327034043855,4.00343215692783,19.656857620404324,78.00714285714285,83.58250000000001,1712.0,59.45330315420561,27.848166666666668,1319.0,73.94254359363154,26.676023391812866,3701.0,87.56262361523913,3.686216676120249,6732.0,73.65282345435877,19.40346891153326,0.04041763895565567,0.07312002334621083,0.443555919415601,0.507436781990264,0.009372478198802712,0.010453984554077027,0.5599199825801718,0.00988889117593289,"[[0.6473936057687888, 0, 0], [0, 0.7312336583339443, 0.6616158681921106], [0, 0.6712534851301115, 0.8165442703697111]]",0.0,0.0,0.6664346766611111,0.22214489222037037,0.5677321945604216,0.5286785129702815,0.0024859301406217767,0.2701300233348058,0.2560625594948539,56.65584106461927,33.187285567466624,0.2554684129655382,0.022013114884233267,0.0615603041457335,59.60263498427605,1442.9919316601304,69.0,14.0,0.6417119593006511,0.04130489829953833,/home/cseomoon/project/ABAG/DB/ABAG_structure/AF3/native/7wrv/seed-10_sample-0/model.cif,/home/cseomoon/project/ABAG/DB/ABAG_structure/original_pdb/7wrv_ABAG.pdb,0.0,1.0,1.697245821506627,17.51004115955974,60.83861714452088,0.008810430386646756
/home/cseomoon/project/ABAG/DB/ABAG_structure/AF3/native/7wrv/seed-10_sample-1/model.cif,7wrv,10,1,/home/cseomoon/project/ABAG/DB/ABAG_structure/AF3/native/7wrv/seed-10_sample-1/confidences.json,"[0.14, 0.51, 0.51]","[[0.86, 0.14, 0.13], [0.14, 0.85, 0.89], [0.13, 0.89, 0.9]]","[[0.76, 22.99, 23.29], [13.24, 0.76, 1.02], [13.22, 1.05, 0.76]]","[0.86, 0.85, 0.9]",0.0,0.0,0.44,0.57,0.47,custom,0.14,0.51,0.51,0.86,0.85,0.9,0.14,0.13,0.89,18.115,18.255,1.0350000000000001,81.8307375,5.283660727881834,83.85811688311688,4.343381655602222,89.82916770186335,2.2401078167115904,26.074227695856333,26.07483407604058,4.962442004330343,85.17267402832674,3.9557167333985492,19.037167925409083,78.87857142857142,85.3725,2270.0,62.89728414096916,26.149087221095336,1098.0,72.0756329690346,26.09375,3838.0,87.48407894736843,3.7412190082644634,7206.0,74.15233201912407,18.661352076453266,0.07468035182687895,0.035277325806877924,0.4689336712584051,0.48938652146963113,0.010233621736570518,0.010457903203340451,0.6404286230224537,0.01029356987835246,"[[0.649888439899573, 0, 0], [0, 0.7319754437150499, 0.659845307154544], [0, 0.6722007024067763, 0.8146955399270007]]",0.0,0.0,0.6660230047806601,0.22200766826022003,0.547173385270993,0.5074264953350299,0.002562330697363998,0.2743569888967386,0.23050717574092733,23.84512809901001,33.187285567466624,0.6595240232453119,0.11274262668673422,0.0615603041457335,27.794556458661305,1715.0715259500548,71.0,14.0,0.6888430997212931,0.01620606256830289,/home/cseomoon/project/ABAG/DB/ABAG_structure/AF3/native/7wrv/seed-10_sample-1/model.cif,/home/cseomoon/project/ABAG/DB/ABAG_structure/original_pdb/7wrv_ABAG.pdb,0.3125,0.3939393939393939,1.7999283261001895,2.446922259097309,4.841478132648177,0.4468955075522332
/home/cseomoon/project/ABAG/DB/ABAG_structure/AF3/native/7wrv/seed-10_sample-2/model.cif,7wrv,10,2,/home/cseomoon/project/ABAG/DB/ABAG_structure/AF3/native/7wrv/seed-10_sample-2/confidences.json,"[0.12, 0.51, 0.5]","[[0.86, 0.12, 0.11], [0.12, 0.85, 0.89], [0.11, 0.89, 0.9]]","[[0.76, 22.78, 24.99], [14.65, 0.76, 1.02], [15.02, 1.06, 0.76]]","[0.86, 0.85, 0.9]",0.0,0.0,0.43,0.56,0.45,custom,0.12,0.51,0.5,0.86,0.85,0.9,0.12,0.11,0.89,18.715,20.005,1.04,81.64811875,5.290307598599056,82.99024891774891,4.553089012328953,89.61212422360249,2.2109344115004497,26.252846198204136,26.783808191902914,5.10678549334983,84.7501639637838,4.0181103408094865,19.38114662781896,76.16285714285713,84.6125,4025.0,63.735719254658385,26.1231884057971,917.0,70.15386041439476,27.438157894736843,4464.0,81.49431787634408,5.0212765957446805,9406.0,71.79463251513242,19.52754096542621,0.16398905314878398,0.03304465619336602,0.43516505245936893,0.45465136952217616,0.010908845338293996,0.009360903315002233,0.5901290323834949,0.010010805147277337,"[[0.6494202479604291, 0, 0], [0, 0.7330988948780428, 0.6583632689717108], [0, 0.6663767273666538, 0.8175640568866721]]",0.0,0.0,0.6623699981691823,0.22078999938972743,0.5075685365384522,0.4678485221475442,0.00398465398508834,0.2854378765256709,0.17842599163678496,28.90298424674737,33.187285567466624,0.568674201960276,0.0796027027788597,0.0615603041457335,139.6575366800975,2236.000234802502,87.0,36.0,0.7158188516138694,0.06245864133034538,/home/cseomoon/project/ABAG/DB/ABAG_structure/AF3/native/7wrv/seed-10_sample-2/model.cif,/home/cseomoon/project/ABAG/DB/ABAG_structure/original_pdb/7wrv_ABAG.pdb,0.0625,0.9411764705882353,1.8452863421253547,10.407748041546258,22.963765189499643,0.06778299545695007
/home/cseomoon/project/ABAG/DB/ABAG_structure/AF3/native/7wrv/seed-10_sample-3/model.cif,7wrv,10,3,/home/cseomoon/project/ABAG/DB/ABAG_structure/AF3/native/7wrv/seed-10_sample-3/confidences.json,"[0.15, 0.52, 0.52]","[[0.86, 0.15, 0.15], [0.15, 0.86, 0.89], [0.15, 0.89, 0.9]]","[[0.76, 22.84, 22.06], [12.88, 0.76, 1.01], [12.95, 1.03, 0.76]]","[0.86, 0.86, 0.9]",0.0,0.0,0.45,0.58,0.48,custom,0.15,0.52,0.52,0.86,0.86,0.9,0.15,0.15,0.89,17.86,17.505,1.02,81.95035625,5.30073346530633,83.9661038961039,4.336817504403197,90.02134161490682,2.213027852650494,25.75271233215257,25.731331184223,4.903216826476956,85.31260058700357,3.9501929407866734,18.795753447617507,78.71000000000001,85.75,2602.0,62.66342428900845,25.75130361648444,1227.0,74.69674409127954,25.455952380952382,3767.0,87.66641890098222,3.707142857142857,7596.0,75.00886242709007,18.304799618193226,0.09486707880936827,0.0454554910029044,0.46583361456547395,0.49631554028755875,0.010422166939698725,0.010684859561817365,0.6409557400995325,0.01049490252412313,"[[0.6478923172822191, 0, 0], [0, 0.7339105418096004, 0.6634933357081367], [0, 0.6775227877191623, 0.8168491484184915]]",0.0,0.0,0.6705080617136495,0.22350268723788316,0.5233011084784667,0.49167478542858245,0.0035717418405484267,0.2708461675528484,0.2172568760351856,23.533707627673262,33.187285567466624,0.6654030233308096,0.11539959342777065,0.0615603041457335,80.95823456863184,1854.652743530673,76.0,21.0,0.6903067841151028,0.04365142469447565,/home/cseomoon/project/ABAG/DB/ABAG_structure/AF3/native/7wrv/seed-10_sample-3/model.cif,/home/cseomoon/project/ABAG/DB/ABAG_structure/original_pdb/7wrv_ABAG.pdb,0.34375,0.4358974358974359,1.8329586325877438,2.4422564829227,4.527444085681486,0.4655488816869808
/home/cseomoon/project/ABAG/DB/ABAG_structure/AF3/native/7wrv/seed-10_sample-4/model.cif,7wrv,10,4,/home/cseomoon/project/ABAG/DB/ABAG_structure/AF3/native/7wrv/seed-10_sample-4/confidences.json,"[0.11, 0.5, 0.5]","[[0.86, 0.11, 0.11], [0.11, 0.85, 0.89], [0.11, 0.89, 0.9]]","[[0.76, 22.43, 22.41], [14.15, 0.76, 1.04], [13.73, 1.05, 0.76]]","[0.86, 0.85, 0.9]",0.0,0.0,0.43,0.56,0.45,custom,0.11,0.5,0.5,0.86,0.85,0.9,0.11,0.11,0.89,18.29,18.07,1.045,80.944025,5.345094157656972,82.88141774891774,4.514049586776859,89.83038509316769,2.188041329739443,27.043662987066483,26.572093960367877,4.998577172904422,84.55194261402848,4.015728358057758,19.53811137344626,75.7757142857143,84.28999999999999,4177.0,60.23671295187933,27.279078014184396,927.0,66.46143473570658,26.400000000000002,4248.0,82.79368761770246,4.892775853537852,9352.0,69.83061176842945,19.523951289240753,0.1003915766684173,0.03282308458194001,0.44497129593338725,0.46386856186781456,0.010083529439332661,0.010181745971115133,0.3530750826885942,0.01008592642975309,"[[0.6429467609146083, 0, 0], [0, 0.7318364118036647, 0.6618813063466477], [0, 0.6746204786616065, 0.8189113405732598]]",0.0,0.0,0.6682508925041271,0.22275029750137568,0.5282691825410645,0.4950576108103618,0.003980635639992066,0.27316744812982335,0.21790952704054636,48.119630200534154,33.187285567466624,0.3223382659073062,0.030258626735846107,0.0615603041457335,300.68486197579483,2303.4092875293313,74.0,26.0,0.7199490606922441,0.13053905079036718,/home/cseomoon/project/ABAG/DB/ABAG_structure/AF3/native/7wrv/seed-10_sample-4/model.cif,/home/cseomoon/project/ABAG/DB/ABAG_structure/original_pdb/7wrv_ABAG.pdb,0.03125,0.9692307692307692,1.7803717643748411,16.264326107602262,42.89153864855932,0.025824309604588456
